10

16000 4500

30 55 80

1

0 90400 98250 10720 17140 35840 72460 79370 34760 59560 35860 
89970 0 21730 83530 75250 55780 46650 57170 83260 92540 92660 
98260 21480 0 91820 83360 64070 38050 46580 85800 113480 92820 
10690 83890 91740 0 14220 29330 67721 77090 32960 56360 38000 
16720 75500 83350 14240 0 20940 57311 64470 21200 63030 27950 
35940 56180 64030 29500 21220 0 45790 57940 32830 61290 42200 
72090 47410 38280 67601 56841 45900 0 13390 51620 104900 56490 
79200 57500 46210 77271 64500 57660 13420 0 57090 115070 61000 
34550 83430 85800 33130 21290 32810 51270 56560 0 81540 10570 
59300 92800 113400 56130 62650 61440 105420 115460 81490 0 90250 
35930 92930 92930 38040 28090 42310 56570 60250 10900 90840 0 

0 Ciudad_0 0 0 32400 0
1 Ciudad_1 627 5847 20447 1254
2 Ciudad_2 259 12269 24518 518
3 Ciudad_3 137 14496 25733 274
4 Ciudad_4 689 20638 24845 1378
5 Ciudad_5 371 1710 9159 742
6 Ciudad_6 103 8517 19872 206
7 Ciudad_7 442 13714 27094 884
8 Ciudad_8 514 7955 14574 1028
9 Ciudad_9 604 7739 18690 1208
10 Ciudad_10 604 14959 29032 1208

0 0.0066779 -0.0669258 0.0337282 -0.0161177 -0.0758422 0.0755427 0.0239677 0.0837144 -0.0662471 0.0273542 
-0.0066779 0 0.043195 -0.075882 -0.0445856 0.06053 0.021114 -0.0771818 0.0481504 0.0924843 -0.0563448 
0.0669258 -0.043195 0 -0.0995659 -0.0194811 0.0113354 -0.00373969 -0.0796749 0.0786507 0.0706293 0.0403758 
-0.0337282 0.075882 0.0995659 0 0.0372489 -0.0741976 0.0341787 0.0275045 0.0372489 0.000736988 -0.0606383 
0.0161177 0.0445856 0.0194811 -0.0372489 0 0.0305913 0.0934113 -0.00621193 0.0575796 0.0587927 0.0128153 
0.0758422 -0.06053 -0.0113354 0.0741976 -0.0305913 0 -0.0035248 -0.0316354 -0.0165215 0.0191761 0.0194507 
-0.0755427 -0.021114 0.00373969 -0.0341787 -0.0934113 0.0035248 0 0.0602053 0.0291235 -0.0884348 -0.0832553 
-0.0239677 0.0771818 0.0796749 -0.0275045 0.00621193 0.0316354 -0.0602053 0 -0.0881787 -0.0567885 -0.042773 
-0.0837144 -0.0481504 -0.0786507 -0.0372489 -0.0575796 0.0165215 -0.0291235 0.0881787 0 -0.0705984 0.0232749 
0.0662471 -0.0924843 -0.0706293 -0.000736988 -0.0587927 -0.0191761 0.0884348 0.0567885 0.0705984 0 0.0737665 
-0.0273542 0.0563448 -0.0403758 0.0606383 -0.0128153 -0.0194507 0.0832553 0.042773 -0.0232749 -0.0737665 0 
