10

16000 4500

30 55 80

1

0 50300 23970 34340 48510 85720 23960 27640 51731 72530 93240 
51490 0 36040 19300 32750 115060 39340 31920 45370 114671 124380 
24480 35930 0 22300 31450 82740 5810 20080 47930 84060 92060 
34920 19290 22240 0 29620 102410 26750 13240 32700 99001 111730 
49170 33060 31410 29810 0 105290 34710 35820 60640 111001 116490 
86320 116690 83740 103200 105720 0 80470 100540 128390 58680 12330 
24730 39990 5800 26760 35510 79140 0 24540 52390 79500 88460 
27830 31840 20060 13180 35470 99740 24570 0 30920 96130 109060 
51371 45400 47920 32720 60480 127600 52430 30950 0 122922 136920 
72830 114360 84400 99010 111050 58470 79590 95940 122661 0 65990 
93780 125580 92630 112090 117040 12540 89360 109430 137280 66140 0 

0 Ciudad_0 0 0 32400 0
1 Ciudad_1 169 7546 22146 338
2 Ciudad_2 508 10677 22926 1016
3 Ciudad_3 702 9247 20484 1404
4 Ciudad_4 406 21281 25488 812
5 Ciudad_5 269 15483 22932 538
6 Ciudad_6 279 6973 18328 558
7 Ciudad_7 659 11594 24974 1318
8 Ciudad_8 215 4272 10891 430
9 Ciudad_9 589 4794 15745 1178
10 Ciudad_10 541 12081 26154 1082

0 -0.0715306 -0.0988825 -0.0157418 0.0611035 -0.0353584 -0.06017 0.0731755 0.0745678 0.0589333 0.0482294 
0.0715306 0 -0.0495728 -0.0157124 -0.0194593 0.0975809 0.0931474 -0.0499342 0.0108313 -0.0694874 0.0682074 
0.0988825 0.0495728 0 -0.0891548 0.0773285 -0.0592871 -0.0913601 0.0493146 -0.0255565 -0.0427428 -0.0400027 
0.0157418 0.0157124 0.0891548 0 -0.0182697 -0.0101273 0.00117854 -0.0961319 -0.0162353 0.0729272 0.0561065 
-0.0611035 0.0194593 -0.0773285 0.0182697 0 -0.00535964 -0.0154992 -0.0475915 -0.00613434 -0.041924 0.0457554 
0.0353584 -0.0975809 0.0592871 0.0101273 0.00535964 0 0.041613 0.0436772 -0.0151094 -0.0643318 -0.0237365 
0.06017 -0.0931474 0.0913601 -0.00117854 0.0154992 -0.041613 0 -0.0576853 -0.0510553 -0.00531081 0.0422597 
-0.0731755 0.0499342 -0.0493146 0.0961319 0.0475915 -0.0436772 0.0576853 0 -0.0429159 0.00853793 0.0564614 
-0.0745678 -0.0108313 0.0255565 0.0162353 0.00613434 0.0151094 0.0510553 0.0429159 0 0.026019 0.0483844 
-0.0589333 0.0694874 0.0427428 -0.0729272 0.041924 0.0643318 0.00531081 -0.00853793 -0.026019 0 -0.092698 
-0.0482294 -0.0682074 0.0400027 -0.0561065 -0.0457554 0.0237365 -0.0422597 -0.0564614 -0.0483844 0.092698 0 
