10

16000 4500

30 55 80

2

0 47930 50630 34410 94780 58520 32100 70770 13500 96960 59270 
47800 0 91070 13870 119640 71470 16180 94530 38190 118810 100560 
50530 90610 0 77880 137201 50830 76640 112551 64030 150100 24420 
34440 14050 78430 0 106350 64510 2790 81240 24900 105520 87920 
94980 119450 137660 106110 0 150352 103370 25360 84260 30390 136071 
58261 71380 50830 64280 152192 0 65710 126682 65751 151942 72480 
32100 16330 77150 2760 103580 65710 0 78470 22130 102750 86640 
70560 94090 112620 80750 25110 124382 78010 0 58900 35160 111031 
13610 38150 64240 24810 84260 66142 22070 59150 0 85280 72880 
96860 118480 149430 105140 30410 150832 102400 34990 85170 0 150871 
59350 100280 24610 87550 135572 72820 86310 110922 72850 149782 0 

0 Ciudad_0 0 0 32400 0
1 Ciudad_1 691 3973 18573 1382
2 Ciudad_2 692 11244 23493 1384
3 Ciudad_3 190 13441 24678 380
4 Ciudad_4 613 17048 21255 1226
5 Ciudad_5 528 18358 25807 1056
6 Ciudad_6 375 3358 14713 750
7 Ciudad_7 718 6900 20280 1436
8 Ciudad_8 203 23671 30290 406
9 Ciudad_9 414 7373 18324 828
10 Ciudad_10 168 12122 26195 336

0 0.0786501 -0.0997558 0.0457346 -0.0140782 -0.0192547 -0.0817958 -0.0998088 -0.0859393 0.0853984 -0.019299 
-0.0786501 0 0.014321 0.00921383 -0.0754898 0.0565048 0.0518356 0.055331 0.0792569 0.0751483 0.0177621 
0.0997558 -0.014321 0 0.0147444 0.0173935 -0.0797628 0.0870745 -0.0179091 -0.024665 -0.0993355 -0.0663054 
-0.0457346 -0.00921383 -0.0147444 0 -0.0966989 0.0802692 0.0097558 -0.0920305 -0.0800359 -0.0839401 0.0734608 
0.0140782 0.0754898 -0.0173935 0.0966989 0 0.0757298 0.0407111 -0.0104362 -0.0713316 0.0869804 0.0858529 
0.0192547 -0.0565048 0.0797628 -0.0802692 -0.0757298 0 0.0432161 -0.0875999 0.0188462 0.0478798 0.0227367 
0.0817958 -0.0518356 -0.0870745 -0.0097558 -0.0407111 -0.0432161 0 -0.00381861 -0.0265736 0.0758704 -0.0601905 
0.0998088 -0.055331 0.0179091 0.0920305 0.0104362 0.0875999 0.00381861 0 -0.0980947 -0.026272 -0.0330551 
0.0859393 -0.0792569 0.024665 0.0800359 0.0713316 -0.0188462 0.0265736 0.0980947 0 0.0436282 -0.0376793 
-0.0853984 -0.0751483 0.0993355 0.0839401 -0.0869804 -0.0478798 -0.0758704 0.026272 -0.0436282 0 0.0634182 
0.019299 -0.0177621 0.0663054 -0.0734608 -0.0858529 -0.0227367 0.0601905 0.0330551 0.0376793 -0.0634182 0 
