10

16000 4500

30 55 80

2

0 92810 52570 47560 33960 62500 79590 98890 51050 16180 31370 
92900 0 46070 54700 106340 106460 139210 8750 140170 108560 124160 
52870 45790 0 33190 72770 91870 114010 46940 97900 67330 83630 
47530 54350 33040 0 52930 61520 86070 58590 95680 63190 77040 
34000 106220 72730 53090 0 37890 49960 110460 67030 40450 41190 
62550 106210 91710 61490 37860 0 33540 113890 103160 75550 76550 
79810 138980 113480 86030 49960 33550 0 143220 112980 87360 86410 
98710 8940 47340 58780 110420 114120 143290 0 144071 113170 129470 
51170 140020 97660 95860 66750 103160 113010 144810 0 35190 28760 
16200 108460 66930 63210 40120 75570 86930 113250 35090 0 18490 
31390 124090 83350 77190 41530 76690 86570 129670 28570 18660 0 

0 Ciudad_0 0 0 32400 0
1 Ciudad_1 187 11776 26376 374
2 Ciudad_2 806 3953 16202 1612
3 Ciudad_3 672 15542 26779 1344
4 Ciudad_4 465 8729 12936 930
5 Ciudad_5 628 5207 12656 1256
6 Ciudad_6 735 13591 24946 1470
7 Ciudad_7 204 5094 18474 408
8 Ciudad_8 824 16769 23388 1648
9 Ciudad_9 348 4904 15855 696
10 Ciudad_10 672 7604 21677 1344

0 0.0928866 -0.0211976 0.0585299 -0.0473422 -0.0157483 0.0468801 -0.0620067 -0.0491997 -0.0496607 -0.0529179 
-0.0928866 0 0.0776004 -0.00494038 0.0579214 -0.0700533 -0.0175528 0.0855545 -0.013851 0.0430087 0.0421977 
0.0211976 -0.0776004 0 0.0569164 0.0730445 0.0468718 -0.0305871 -0.0551067 -0.0145213 -0.0297781 -0.0656376 
-0.0585299 0.00494038 -0.0569164 0 -0.0366256 0.074718 -0.0754911 0.0270791 -0.0736114 0.00697259 -0.00961334 
0.0473422 -0.0579214 -0.0730445 0.0366256 0 -0.0789015 -0.0908617 -0.0300522 -0.00871797 0.0602246 -0.0629517 
0.0157483 0.0700533 -0.0468718 -0.074718 0.0789015 0 0.0558045 0.00323893 0.0582492 -0.0928886 -0.030931 
-0.0468801 0.0175528 0.0305871 0.0754911 0.0908617 -0.0558045 0 0.0826986 -0.0743864 0.0809131 0.089271 
0.0620067 -0.0855545 0.0551067 -0.0270791 0.0300522 -0.00323893 -0.0826986 0 0.0730116 0.0338292 0.0637659 
0.0491997 0.013851 0.0145213 0.0736114 0.00871797 -0.0582492 0.0743864 -0.0730116 0 -0.0363028 -0.021233 
0.0496607 -0.0430087 0.0297781 -0.00697259 -0.0602246 0.0928886 -0.0809131 -0.0338292 0.0363028 0 -0.0494276 
0.0529179 -0.0421977 0.0656376 0.00961334 0.0629517 0.030931 -0.089271 -0.0637659 0.021233 0.0494276 0 
