75

16000 4500

30 55 80

8

0 24560 8880 20700 42040 21150 53050 9670 27060 37400 83800 60710 10730 81880 9340 35060 32820 42450 9760 20920 31620 10230 5720 13940 15870 17470 91020 26200 42460 85410 22380 21120 50930 46740 41270 94730 15070 80540 62950 89832 49230 13800 51670 89510 39460 61740 40190 90522 36140 23100 28640 57050 26840 53110 42920 54050 38350 40470 48170 82070 91760 42550 56150 28910 83000 36990 72380 19650 29420 68870 28980 17550 45790 35410 47600 39950 
25170 0 28120 23450 61230 20160 52670 33950 6730 61780 61470 58940 34970 62560 31980 48451 55560 34300 34040 7130 31240 25510 26490 30960 19820 40210 91130 50580 25760 78100 45120 10310 70120 69480 41450 85620 35220 71470 52340 70690 30590 36540 51290 101420 21950 45190 36000 71380 14120 47480 53020 68960 14160 66501 59381 36200 20250 20630 67360 62750 81900 65290 57411 21880 64360 59730 54040 8860 28970 49410 8370 7850 64980 58150 34470 39570 
9480 27770 0 28880 36890 29320 61220 18370 28420 44090 85030 68880 17280 87440 11720 27850 34760 50620 18460 22250 39790 18410 13900 6640 10190 16190 99200 32890 48930 93580 21100 20720 45780 43290 49450 102900 9460 88710 71120 96302 54790 12020 59840 82300 45610 68850 48360 96992 37350 29790 35330 49840 26850 45900 36260 59860 43910 41680 43020 87630 99930 44490 48860 23500 89240 38610 78150 26120 37590 74430 34540 22150 40640 31960 54930 48120 
20970 23310 28950 0 62110 7220 34770 20200 28360 52690 81390 43810 27500 70860 28610 55130 48410 25780 22550 25800 14720 12260 15460 34010 31200 37360 72070 41490 34010 68510 41790 28000 71000 66630 22320 77830 35140 63640 46050 76890 42250 33690 33660 109580 31450 45790 23520 77580 34040 38390 43930 77120 32850 73180 62990 44180 32940 40550 68240 71480 74860 58140 74811 39280 70560 52580 60130 16160 13360 58110 24740 20950 65860 55300 31960 22170 
42320 61110 36910 62000 0 62440 94340 46680 61760 65830 116910 102000 45320 121970 37940 18100 39940 83740 46580 55590 72910 51530 47020 32550 43540 29380 132800 54630 82550 126700 32000 53921 10420 23340 82570 136020 30180 121830 104240 129922 89320 31020 92960 62130 79360 103380 81480 130612 69270 51530 57070 29290 60190 24920 9880 94391 77660 69430 7660 122160 133050 46100 42970 49140 123101 42150 112680 59740 70710 108960 68290 55490 5280 15940 88550 81240 
21180 19830 29040 7330 62200 0 33500 24730 24880 57220 77910 41160 31020 67910 29660 55220 52940 22830 27080 23670 12070 15160 19990 34100 30380 37890 71960 46020 29070 65860 42800 26370 71090 67160 22280 75180 35230 60990 43400 73940 37310 34220 32120 109670 26580 42840 20570 74630 30560 42920 48460 77210 31220 73270 63080 39240 28430 37070 68330 68530 72210 62670 73181 37650 67610 57110 57180 13610 9800 55160 21260 19320 65950 55830 29010 20400 
52260 51380 60120 33310 93280 32310 0 51800 56430 63780 101620 40880 59100 78630 60210 86300 79980 35750 54150 55220 24490 43860 47060 65180 61460 68960 45930 53910 46550 61010 73390 57920 102170 98230 11450 72210 66310 62010 46720 84400 54910 65290 18810 140750 45840 53310 31030 85090 62110 58010 54890 108290 62770 104350 94160 52800 48260 68620 99410 79860 72800 89710 104731 69200 78070 84150 67640 45160 26640 66490 52810 50870 97030 86900 40360 16920 
9600 34000 18170 20090 46830 24680 53110 0 36500 33420 93240 62750 8930 89800 11700 42280 29140 44720 3780 30360 33660 11730 9930 23230 25310 20830 90410 22220 51380 87450 23660 30560 55720 50100 40660 96770 19860 82580 64990 95830 58190 17160 52000 96730 48380 64730 42460 96520 45580 19120 24660 64270 36280 60330 49030 61640 47310 49910 52960 90420 93800 38870 63390 38350 89500 33310 79070 28610 32300 77050 37940 26990 50580 38770 50900 40510 
27660 6690 28300 28460 61410 25170 57680 36550 0 64270 58620 61160 37460 62940 34330 48631 57910 36910 36640 6920 36250 28790 29770 31140 20000 42100 96141 53070 27980 80320 47010 10490 70300 69910 46460 87840 35400 73690 54560 71070 30970 38430 56300 100170 24560 47410 40510 71760 11270 49970 55510 67710 9520 65560 59561 38420 22470 17780 67540 63130 84120 67640 54631 19870 64740 62080 54420 13990 33980 49790 11750 10080 65160 58580 37080 44580 
37410 61810 44340 51930 66410 56520 66970 32590 64310 0 121500 93380 27890 118730 37160 65620 41920 76560 30770 58170 63640 43570 40270 49400 52780 38670 106430 14780 79310 114110 36440 58030 72300 66100 59080 125310 44680 114180 96380 126682 86080 37180 71310 120590 76310 96750 74300 127372 73390 15410 14640 88130 63840 83980 69500 91150 75200 77720 70520 118920 125400 51650 89560 65820 119861 46090 109440 56500 64140 105720 65830 54800 68730 54770 82920 64990 
84390 61440 84470 81520 117700 78230 102540 93240 58580 121120 0 64260 94190 35260 90650 98610 115670 68620 93330 63650 80520 84190 85780 87310 76170 99660 102950 109920 58760 83420 104570 66660 125860 129680 90910 90940 91570 76790 57660 43920 55440 94600 85010 139082 59230 51100 72610 45570 49920 106820 112360 111730 60070 110150 110550 51030 56310 46120 123100 33100 87220 125490 88300 67660 41690 119840 39510 67580 80960 35760 59320 66810 120720 117240 61750 87640 
61370 59090 69230 44310 102390 41420 42280 63360 61410 93540 64530 0 70660 40130 69850 95410 91570 31370 65710 64030 31830 55350 58620 74290 70570 78080 45870 83670 35200 27510 82990 67030 111810 107630 35510 37460 75420 23270 8240 45900 33010 74410 22960 150390 40350 14810 26470 46590 63260 81550 84650 117400 67000 113460 103270 23380 39580 63030 109050 41640 34490 102580 112111 77350 39570 97020 29140 54270 33720 29810 51500 59980 106410 96020 27370 32440 
10730 34910 17410 27400 46070 31350 60420 8920 37410 27770 94150 70060 0 92070 10940 41520 23930 52030 6120 31270 40970 18350 13660 22470 25850 20070 97720 16570 52650 94760 18450 31100 54310 48110 47970 104080 19100 89890 72300 100022 59420 16400 59310 95970 49650 71940 49770 100712 46490 13470 19010 63510 36910 59570 48270 64240 48540 50820 52200 92260 101110 33660 62630 38890 93190 28100 82570 29840 39610 79060 39170 27900 49820 36780 57800 47820 
81640 62170 86850 70720 121250 67660 80120 90030 62560 117910 35180 40050 91240 0 88880 108691 112460 46530 90120 67630 58430 79510 82570 90010 78870 97110 78740 106710 40560 59210 102020 71200 130140 126470 68820 66730 94040 52580 33450 9360 33410 93440 60800 156822 45710 26890 50090 11010 62580 103610 109150 126850 68150 124700 120761 28940 43090 59800 127380 4780 63010 122280 102900 78500 7130 116630 12530 64370 58870 13730 55610 65400 125000 115050 39310 65550 
9460 32280 11630 28720 37610 30260 61740 11670 34730 37010 91460 69820 10310 89980 0 34030 24050 51560 11570 28560 40730 18430 13740 15410 20830 10340 99040 25810 50560 94520 13760 27830 45170 38970 49290 103840 10720 89650 72060 97932 57330 6770 60630 88480 47560 70700 49300 98622 43780 22710 28250 56020 33640 52080 39890 62150 46450 48110 43390 90170 100870 33780 55140 34140 91100 28220 80480 27750 38530 76970 37080 25270 41360 27640 56560 49060 
35170 47591 27380 54570 19500 55010 86910 41950 48241 65450 97500 94570 40590 109171 34000 0 45810 74911 41850 42071 65480 44100 39590 22380 29741 29100 124890 54250 69901 119270 34190 39961 26930 36440 75140 128590 24380 114400 96481 117393 75271 29500 85530 55040 66091 89331 74050 118083 51190 51150 56690 22580 42640 18640 13290 80341 64391 51350 24170 109361 125620 54930 24890 31060 110572 48620 99881 48311 63280 96161 55021 42221 21790 26930 78171 73810 
33020 55840 35050 47700 39870 52290 80720 28360 58290 41510 116310 90360 24160 113540 24430 45650 0 72330 26540 52120 61270 39340 36040 37460 43610 19300 120570 30310 74120 115060 14160 51490 45510 27411 68270 124380 31920 110190 92600 121492 80890 24150 79610 97620 71120 92340 70070 122182 67340 27210 32750 64780 57300 60410 45370 85960 70010 71670 43750 113730 121410 10170 70470 56920 114671 4460 104251 51310 59910 100530 60640 48830 41960 26710 78510 68120 
42550 34220 50410 25660 83570 22600 36640 44710 36920 76830 68940 31320 52010 46560 51030 75341 72920 0 47060 38400 13370 36190 39970 55360 46710 59260 62141 65860 13390 53490 64170 41580 92460 88530 25010 61010 56600 46860 27730 52590 21750 55590 22850 129791 14660 21490 6510 53280 39910 62900 67390 97331 42510 93391 84450 20100 17080 41810 89700 47180 57290 82650 87621 52860 46260 77090 35830 28950 13810 33810 26630 34960 87320 77200 7660 20640 
9690 34090 18160 22460 46820 27050 55480 3780 36590 30940 93330 65120 6110 90930 11690 42270 26660 47090 0 30450 36030 14100 10970 23220 25400 20820 92780 19740 51510 89820 21180 30650 55710 50090 43030 99140 19850 84950 67360 98200 58280 17150 54370 96720 48510 67100 44830 98890 45670 16640 22180 64260 36370 60320 49020 63100 47400 50000 52950 91120 96170 36390 63380 38440 91870 30830 81440 28700 34670 77920 38030 27080 50570 38760 53270 42880 
21770 6330 22370 24640 55480 23040 55550 30660 6290 58380 63030 63070 31570 67210 28400 42701 51980 37520 30750 0 34120 23900 24300 25210 14070 36170 94010 47180 29890 82230 41080 4560 64370 63980 44330 89750 29470 75600 56470 75340 35240 32500 54170 95670 26080 49320 38880 76030 15680 44080 49620 63210 9440 60751 53631 40330 24380 22190 61610 67400 86030 61710 51661 16130 69010 56150 58620 11090 31850 54060 13980 5190 59230 52650 38600 42450 
32310 31430 40170 14990 73330 12360 25430 34040 36480 63720 80810 30750 41340 58430 40790 66350 62250 13350 36390 35270 0 26100 29300 45230 41510 49020 61571 52750 24150 55450 53930 37970 82220 78290 13700 64770 46360 50580 32990 64460 32510 45350 22280 120800 23300 33360 11090 65150 42160 52230 54280 88340 42820 84400 74210 31970 25720 48670 79460 59050 61800 71980 84781 49250 58130 66420 47700 25210 4370 45680 31330 30920 77080 66960 19530 11820 
10370 25570 18350 12180 51510 15140 45200 11780 29130 44270 84210 54440 18340 79460 18240 44530 39990 36110 14130 23770 25350 0 5800 23410 21840 26760 82500 33070 39650 79140 31420 24730 60400 56030 32750 88460 24540 74270 56680 86890 47890 23090 44090 98980 36650 56030 33850 87580 36860 29970 35510 66520 29690 62580 52390 50750 37610 43320 57640 80031 85490 49720 65620 34880 79500 44160 69080 17360 23080 66710 28540 19620 55260 44700 41890 32600 
5910 26710 13890 15380 47050 19970 48400 9870 30010 40210 85890 58040 13650 83120 13550 40070 35930 40010 10950 23870 28950 5810 0 18950 19330 22300 85700 29010 43520 82740 26730 24480 55940 51570 35950 92060 20080 77870 60280 91072 50470 18630 47290 94520 40520 60020 37750 91762 38540 25910 31450 62060 29790 58120 47930 55110 39590 43420 53180 83310 89090 45660 61160 32370 84060 40100 73440 20710 27590 70110 30220 20500 50800 40240 46190 35800 
14550 30540 6620 33950 32600 34390 66290 23440 31190 49160 87800 73950 22350 90620 15920 22900 37390 55400 23530 25020 44860 23480 18970 0 12970 18480 104270 37960 52600 98650 23470 23500 41490 42440 54520 107970 6890 93780 76190 99602 57970 13860 64910 77350 48790 72030 53430 100292 40120 34860 40400 44890 29620 40950 31340 63040 47090 44450 38730 90810 105000 47130 43720 25360 92420 40980 81330 30810 42660 77610 37720 24920 36350 31110 59620 53190 
16560 19790 10490 31250 43600 30570 62470 25450 20440 52620 76720 70130 25810 79870 20970 30411 43570 46860 25540 14270 41040 21690 19400 13330 0 25000 100930 41420 41850 94190 29910 12210 52481 52100 51250 101710 17590 87560 68430 88852 47220 20830 61090 84861 38040 61280 48220 89542 29040 38320 43860 52401 18540 48461 41341 52290 36340 33370 49721 80060 97990 53300 49610 14990 81000 47420 70580 20260 38840 66860 26970 14170 47341 40770 50120 49370 
17350 40170 16230 37220 29500 38150 70050 20760 42300 38380 100280 77710 19400 97870 10440 28970 19290 59450 20660 36130 48620 26750 22240 18580 24790 0 107540 27180 58450 102410 5810 34920 35390 29270 57790 111730 13240 97540 79950 105822 65220 5330 68670 83940 55450 78590 57190 106512 51230 24080 29620 51480 40730 47180 32700 70040 54340 55560 33610 98060 108760 29030 53790 38100 99001 22880 88410 35640 46420 84860 44970 33160 31820 17940 64450 56950 
91170 90660 99150 71910 132560 71590 42610 90400 95710 106120 102900 45910 97700 78500 98810 125330 120980 62081 92750 94500 62541 82460 85660 104210 100740 107560 0 96250 73231 35770 111990 97200 141980 137800 51230 41220 105340 44300 48550 84270 71380 103890 47621 180560 74501 53180 57181 84960 99191 100350 97230 147320 101711 143380 133440 61750 76921 101400 139220 80010 43430 131990 144011 108480 77940 126430 67510 84440 64431 68180 85831 90150 136580 126190 65740 54390 
26130 50530 33060 40650 55130 45240 57170 21310 53030 14820 110220 83230 16610 107450 25880 54340 30640 65280 19490 46890 52730 32290 28990 38120 41500 27390 96630 0 68030 104310 25160 46750 61020 54820 49280 115510 33400 103140 85470 115402 74800 25900 61510 109310 65030 85290 63020 116092 62110 4740 3080 76850 52560 72700 58220 79620 63920 66440 59240 107640 114360 40370 78280 54540 108581 34810 98160 45220 52860 94440 54550 43520 57450 43490 71460 54681 
42950 25740 48860 34100 82560 28900 47600 51220 28060 79220 58780 34810 52550 40431 50190 70041 73770 13470 51430 30680 24190 39430 43810 52550 41410 58420 73371 68020 0 53970 63330 33860 91450 87780 35870 61490 55590 47340 28210 47110 8480 54750 34080 124300 5630 21060 17740 47800 30540 64920 70460 91840 33650 88091 80971 12070 6230 30960 88690 40621 57770 83590 78761 44000 40780 77940 30360 25270 24630 27451 18150 27940 86310 76360 10290 31460 
86490 78200 94350 69430 127510 66540 60850 88480 80520 114610 83640 27860 95780 59240 94970 120530 116690 53730 90830 83140 56950 80470 83740 99410 93870 103200 35580 104740 54310 0 108110 86320 136930 132750 56210 12330 100540 12930 29830 65010 52120 99530 45900 175510 59460 33920 51590 65700 82370 106670 105720 142520 86110 138580 128390 42490 58690 82140 134170 60750 12920 127700 131221 96460 58680 122140 48250 77710 58840 48920 70610 80400 131530 121140 46480 57300 
22320 45140 21200 41810 31960 43120 74830 22570 47270 35720 105250 82680 18370 102840 13810 34160 14170 64420 20750 41100 53590 31520 26830 23610 29760 5900 112130 24520 63420 107380 0 39890 37600 30130 62380 116700 18270 102510 84920 110792 70190 10300 73640 89130 60420 83710 62160 111482 56200 21420 26960 56670 45700 52370 37450 75010 59310 60530 35840 103030 113730 23910 58980 43070 103971 17930 93550 40610 51390 89830 49940 38130 34050 18800 69420 61920 
21210 9820 20540 27190 53650 25870 58380 30100 10470 57270 66420 66040 30460 71390 26720 40801 50300 41010 30190 4300 36950 23960 23970 23380 12240 34340 96840 46070 33380 85720 39250 0 62540 62150 47160 93240 27640 79090 59960 78860 38750 30670 57000 92300 29570 52810 42370 79550 18740 42970 48510 59840 8240 57690 51731 43820 27870 23070 59780 71580 89520 60030 48291 12760 72530 54470 62110 14580 34680 58240 17470 8590 57400 50820 42090 45280 
51190 69980 45780 70870 10400 71310 103210 55550 70630 71680 125310 111400 54190 130840 45170 25770 45570 92610 55450 64460 81780 60400 55890 41420 52171 35230 142200 60480 91420 136100 37630 62391 0 21930 91440 145420 39050 131230 113640 138792 98190 39770 101830 69830 88230 112250 90350 139482 76940 57380 62920 36990 68390 32620 17870 103260 86880 77100 6620 131030 142450 44010 50640 56810 131971 44381 121551 68610 79580 117830 77160 64360 6370 21570 97420 90110 
46600 69410 43270 66470 23330 67400 99300 50010 70060 65480 130080 107020 48130 127310 38970 36340 27431 88700 49910 63890 77870 56000 51490 42480 51830 29240 137820 54280 87890 131720 30120 62360 21940 0 87040 141040 36540 126850 109260 135262 94660 34580 97920 81080 84700 108720 86440 135952 78990 51180 56720 48240 68490 43870 28830 99730 83590 83320 22380 127500 138070 24690 61160 65100 128441 25061 118020 64890 75670 114300 74220 62410 21750 12050 93890 86200 
41550 41300 49530 22290 82690 22230 12990 40780 46350 59140 90990 35530 48080 68610 49190 75710 68990 25070 43130 45140 13770 32840 36040 54590 51380 57940 51280 49270 35870 56260 62370 47840 91580 87210 0 67460 55720 56220 38630 74640 44230 54270 13460 130160 35160 43540 20400 75330 52030 53370 50250 97700 52690 93760 83570 42170 37580 58540 88820 69230 67440 78720 94651 59120 68310 73160 57880 35080 15920 55860 42730 40790 86440 75880 29730 6820 
95380 85660 103240 78320 136400 75430 72170 97370 87980 125930 91100 37450 104670 66700 103860 129420 125580 61190 99720 90600 65840 89360 92630 108300 101330 112090 41250 116060 61770 12540 117000 93780 145820 141640 67530 0 109430 15640 37290 72470 59580 108420 57220 184400 66920 41380 60480 73160 89830 115560 117040 151410 93570 147470 137280 49950 66150 89600 143060 68210 5270 136590 138920 103920 66140 131030 55710 85170 67730 56380 78070 87860 140420 130030 53940 66450 
15360 34880 9420 35040 30150 35480 67380 19720 35530 44230 92140 75040 18360 94580 10980 24420 31840 56780 19620 29360 45950 24570 20060 6950 17300 13180 105360 33030 55590 99740 18170 27830 39040 36550 55610 109060 0 94870 77280 102962 61930 8560 66000 79360 52590 75730 54520 103652 44460 29930 35470 46900 33960 42960 30920 67000 51050 48790 36280 94770 106090 41580 46000 29570 96130 35430 85290 32780 43750 81570 41680 29260 33900 25220 61590 54280 
81360 71620 89220 64300 122380 61410 63570 83350 73940 115010 77060 23430 90650 52660 89840 115400 111560 47150 85700 76560 51820 75340 78610 94280 87290 98070 43860 104640 47730 12930 102980 79740 131800 127620 56450 15770 95410 0 23250 58430 45540 94400 44250 170380 52880 27340 46460 59120 75790 101540 106120 137390 79530 133450 123260 35910 52110 75560 129040 54170 12220 122570 124641 89880 52100 117010 41670 71130 53710 42340 64030 73820 126400 116010 39900 52430 
63550 52320 71410 46490 104570 43600 48120 65540 54640 97200 57760 8050 72840 33360 72030 96621 93750 27850 67890 57260 34010 57530 60800 76470 67990 80260 48540 86500 28430 29440 85170 60440 113990 109810 38640 37260 77600 23110 0 39130 26240 76590 28800 150960 33580 8040 28650 39820 56490 83730 88030 118420 60230 115640 105450 16610 32810 56260 111230 34870 33540 104760 105341 70580 32800 99200 22370 51830 35900 23040 44730 54520 108590 98200 20600 34620 
89920 70450 95420 76520 129630 73460 85760 96770 70840 126290 43810 45690 99520 9320 97160 117071 120840 52330 98400 75910 64230 86400 90780 98580 86760 105470 84380 115090 47200 64850 110400 79210 138520 134850 74700 72370 102560 58220 39090 0 41690 101720 66440 165452 52350 32530 55730 1910 70860 111990 117530 135130 76430 132980 129141 35380 51370 68430 135760 13410 68650 130660 114890 86780 8220 125010 17980 71990 64670 22090 63500 73290 133380 123430 44950 71430 
49400 30610 54610 42190 89010 36990 55800 57790 31000 85670 55570 32930 59000 33620 56640 75261 80220 21670 57880 35900 32390 47520 50330 57770 46630 64870 71620 74470 8320 52090 69780 39080 97900 94230 44070 59610 61800 45460 26330 41750 0 61200 42280 127240 13720 18950 25940 42440 31250 71370 76910 94780 36590 92630 86191 10210 10850 31020 95140 33810 55890 90040 80560 46940 35420 84390 25100 32130 32830 20610 23370 33160 92760 82810 15450 39660 
13680 36500 11960 33550 30970 34480 66380 17090 38630 36900 95240 74040 15730 94200 7060 29390 24150 55780 16990 32460 44950 23080 18570 13930 20520 5320 103870 25700 54780 98740 10230 31050 39730 34590 54120 108060 8590 93870 76280 102152 61550 0 65000 84360 51780 74920 53520 102842 47560 22600 28140 51900 37060 47750 33270 66370 50670 51890 37100 94390 105090 33890 54210 33830 95320 27740 84700 31970 42750 81190 41300 29490 34720 23260 60780 53280 
51020 50140 58880 32870 92040 31070 19550 51360 55190 70810 85100 22950 58660 60700 59500 85060 79570 22890 53710 53980 22610 43420 46620 63940 60220 67730 47531 60940 34040 45860 72640 56680 100930 97000 12780 57060 65070 44080 28790 66470 42400 64060 0 139510 35310 35380 17990 67160 60000 65040 61920 107050 61530 103110 92920 40020 37730 62460 98170 62210 55300 89300 103491 67960 60140 83740 49710 43920 24760 50380 46640 49630 95790 85670 27580 13870 
90220 101320 82430 109620 61820 110060 141960 97000 100370 120210 139102 150150 95640 156822 89050 55280 97400 129961 96900 95800 120530 99150 94640 77430 84791 83860 180950 109010 124430 174850 88950 92530 69560 80800 130190 184170 79280 169980 151090 165482 127420 84260 140580 0 121010 143940 129100 167132 101160 105910 111450 34510 92610 37450 52520 134950 118920 101320 66800 155062 181200 105240 53080 81030 161660 99610 151340 103361 118330 145390 108550 97271 64420 73400 133530 128860 
39940 21870 45520 31540 78950 26410 46890 48210 24570 76210 59240 39940 49540 45801 47180 66171 70760 14770 48420 26810 23400 36420 40800 48680 37540 55410 74671 65010 5610 59100 60320 29990 87840 84680 35160 66620 52580 52470 33340 52280 13850 51740 35380 120621 0 26230 19040 52970 27520 61910 67450 88161 30160 84221 77101 17200 3210 27940 85080 45991 62900 80490 75271 40510 45950 74930 35530 22260 23600 32821 14280 24070 82700 73350 14230 30850 
61910 45040 68690 45490 103090 42430 54680 64540 47360 96660 51140 14610 71750 26740 70200 89341 92750 21300 66890 49980 33200 55890 59800 71850 60710 78430 53300 85690 21150 33770 83530 53160 111980 108310 43590 41290 75600 27140 8010 32510 18960 74760 35360 143680 26300 0 24620 33200 49210 82730 87220 111140 52950 108990 102601 9330 25530 48980 109220 28250 37570 103760 98061 63300 26180 98200 15750 45280 33640 16420 37450 47240 106840 96890 14050 40320 
40350 35870 48210 23460 81370 20400 32130 42510 40440 74630 72350 26810 49810 49970 48830 74390 70720 6400 44860 39710 11170 33990 37770 53270 48020 57060 57631 63660 17550 51510 61970 42890 90260 86330 20500 60830 54400 46640 29050 55840 25910 53390 18340 128840 18820 24740 0 56530 43510 60700 65190 96380 46030 92440 82250 23530 21240 45970 87500 50590 57860 80450 89991 54460 49510 74890 39080 30260 11610 37220 30150 36270 85120 75000 11090 17530 
90610 71140 96110 77210 130320 74150 86450 97460 71530 126980 45470 46380 100210 10980 97850 117761 121530 53020 99090 76600 64920 87090 91470 99270 87450 106160 85070 115780 47890 65540 111090 79900 139210 135540 75390 73060 103250 58910 39780 1910 42380 102410 67130 167112 53040 33220 56420 0 71550 112680 118220 135820 77120 133670 129831 36070 52060 69960 136450 15070 69340 131350 116420 87470 8910 125700 18670 72680 65360 23600 64190 73980 134070 124120 45640 72120 
36860 14100 36820 34180 69930 30890 63400 45750 11240 73470 49940 63130 46660 62960 43000 52320 66580 39910 45840 16310 41970 36850 38440 39660 28520 50620 99211 62270 30480 82290 55530 19010 77510 78430 52180 89810 43920 75660 56530 71090 31250 46950 59920 100930 27530 49150 43580 71780 0 59170 64710 68470 12420 66320 62930 40830 24970 6630 74750 62130 86090 76310 54750 20630 64760 70750 54440 20240 39700 49470 16140 19470 72370 67100 40080 50300 
23060 47460 29990 37580 52060 42170 61240 18240 49960 15450 107150 80240 13540 104380 22810 51270 27570 62210 16420 43820 51150 29220 25920 35050 38430 24320 100700 4710 64960 104940 22090 43680 57950 51750 53350 114260 30330 100070 82480 112332 71730 22830 65580 106240 61960 82220 59950 113022 59040 0 7150 73780 49490 69630 55150 76550 60850 63370 56170 104570 111290 37300 75210 51470 105511 31740 95090 42150 49790 91370 51480 40450 54380 40420 68390 58000 
28550 52950 35480 43070 57550 47660 58150 23730 55450 14580 112640 84560 19030 109870 28300 56760 33060 67380 21910 49310 54280 34710 31410 40540 43920 29810 97610 3140 70450 105290 27580 49170 63440 57240 50260 116490 35820 104820 87020 117822 77220 28320 62490 111730 67450 87390 65120 118512 64530 7160 0 79270 54980 75120 60640 82291 66340 68860 61660 110060 116040 42790 80700 56960 111001 37230 100580 47640 55280 96860 56970 45940 59870 45910 73560 56170 
57590 68690 49800 76990 29050 77430 109330 64370 67740 87580 111730 116990 63010 127150 56420 22650 64630 97331 64270 63170 87900 66520 62010 44800 52161 51230 147310 76380 91800 141690 56290 59900 36790 48030 97560 151010 46650 136820 118380 135280 94790 51630 107950 34490 88380 111230 96470 135970 68530 73280 78820 0 59980 4680 19750 102240 86290 68690 34030 126630 148040 72470 24090 48400 128950 66840 118630 70731 85700 114000 75920 64641 31650 40630 100591 96230 
26860 14050 26190 32540 59300 31220 63730 35750 9440 62920 60020 66680 36110 68460 32370 43760 55950 42430 35840 9360 42300 29610 29620 29030 17890 39990 101661 51720 33500 85840 44900 8380 68190 67800 52510 93360 33290 79210 60080 76590 36490 36320 62350 92370 30080 52930 46030 77280 12340 48620 54160 59910 0 57760 54370 43940 27990 16000 65430 68650 89640 65680 47391 12070 70260 60120 59940 19640 40030 55310 17620 13650 63050 56470 42600 50630 
53600 66021 45810 73000 24590 73440 105340 60380 65600 83400 110140 113000 59020 125010 52430 18660 60170 93341 60280 60501 83910 62530 58020 40810 48171 46880 143320 72200 88331 137700 51830 57760 32330 43570 93570 147020 42660 132830 115240 133140 92650 47450 103960 37430 84521 108871 92480 133830 66390 69100 74640 4590 57840 0 15290 99881 82821 66550 29570 125040 144050 68010 26670 46260 126810 62380 116490 66741 81710 111860 73451 60651 27190 36170 96601 92240 
43500 59001 36350 62900 9820 63340 95240 48820 59651 69240 110740 102900 47460 121720 40080 12610 45400 84640 48720 53481 73810 52430 47920 31300 41151 32720 133700 58040 81311 127600 37060 51371 17580 28800 83470 136920 30950 122730 105140 129743 86681 33290 93860 52760 77501 101851 82380 130433 63100 54940 60480 19920 54550 15550 0 92861 75801 63260 14820 121910 133950 53260 35590 42970 122922 47610 112502 59721 71610 108570 66431 53631 12440 21400 89440 82140 
54520 36080 59730 43960 94130 39110 53860 61710 38400 90790 51300 23220 64120 28920 61760 80381 85340 19770 63000 41020 31670 50800 55410 62890 51750 69990 61910 79590 12190 42380 74900 44200 103020 99350 42230 49900 66920 35750 16620 35290 10190 66320 40270 134720 17230 9240 23930 35980 40850 76490 82030 102180 43990 100030 93641 0 16570 40620 100260 29540 46180 95160 89101 54340 28960 89510 18540 36870 32110 16170 28490 38280 97880 87930 12890 38940 
38620 20180 43830 33040 77260 28400 49300 47010 22500 74890 56320 39340 48220 43610 45860 64481 69440 17140 47100 25120 25810 37390 39550 46990 35850 54090 77041 63690 6160 58500 59000 28300 86460 83450 37570 66020 51020 51870 32740 51640 10960 50420 37750 118740 3210 25590 21410 52330 24980 60590 66130 86280 28090 82531 75411 16600 0 25020 83700 43800 62300 79260 73201 38440 45310 73610 34890 21350 26010 30600 12590 22380 81010 72030 15800 33260 
40930 20620 40890 40700 70250 37410 69920 49820 17760 77540 46150 62890 50730 59680 47070 52490 70650 41870 49910 22830 48490 43270 43460 43730 32590 54690 101580 66340 30890 82050 59600 23080 77680 82500 58700 89570 47990 75420 56290 68340 31010 51020 62480 101100 27940 48910 46140 69810 6630 63240 68780 68640 16000 66490 63100 40590 25020 0 74920 58340 85850 80380 50510 21540 62790 74820 53250 26760 46220 46500 22660 25990 72540 71170 40530 56820 
48460 67250 43050 68140 7670 68580 100480 52820 67900 69940 122580 108670 51460 128110 43430 23040 43830 89880 52720 61730 79050 57670 53160 38690 49441 33490 139470 58740 88690 133370 35890 59661 6640 22390 88710 142690 36320 128500 110910 136062 95460 37160 99100 67100 85500 109521 87620 136752 74210 55640 61180 34260 65660 29900 15140 100530 84140 74370 0 128300 139720 44470 47910 54080 129241 44841 118820 65880 76850 115100 74430 61630 3640 19830 94690 87380 
81780 62310 86990 70920 121390 67860 80650 90170 62700 118050 33050 41340 91380 4790 89020 108831 112600 46730 90260 67770 58630 79650 82710 90150 79010 97250 80030 106850 40700 60500 102160 71340 130280 126610 69020 68020 94180 53870 34740 13470 33550 93580 62090 154972 45850 28180 50720 15120 62050 103750 109290 126990 68290 124840 120901 29140 43230 58250 127520 0 64300 122420 101050 78640 11240 116770 14000 64510 59070 13870 55750 65540 125140 115190 39860 65750 
92720 82310 100580 75660 133740 72770 73070 94710 84630 126370 87750 34790 102010 63350 101200 126760 122920 57840 97060 87250 63180 86700 89970 105640 97980 109430 43770 116000 58420 13440 114340 90430 143160 138980 67810 5260 106770 12610 33940 69120 56230 105760 55610 181740 63570 38030 57820 69810 86480 112900 117480 148750 90220 144810 134620 46600 62800 86250 140400 64860 0 133930 135570 100570 62790 128370 52360 81820 65070 53030 74720 84510 137760 127370 50590 63790 
42630 65450 44700 57310 45750 61900 90330 37970 67900 51120 126110 101230 33770 123340 34040 54830 10200 81940 36150 61730 70880 48950 45650 47270 53260 29110 131440 39920 83920 125930 23970 61100 44020 24690 77880 135250 41730 121060 103470 131292 90690 33960 89220 105180 80730 103210 79680 131982 76950 36820 42360 72340 66910 67970 53220 95760 79620 81280 44460 123530 132280 0 79650 66570 124471 7830 114050 60920 69520 110330 70250 58440 43830 35290 89190 77730 
56520 57101 48730 74301 43070 72981 105491 63300 54611 88750 88300 111851 61940 102890 55350 25310 70600 87601 63200 51581 84061 65450 60940 43620 49650 53890 143951 77550 78671 131011 58980 48311 50500 61230 94271 138920 45730 124381 105251 114900 80580 54110 104111 53090 75251 98101 89651 116280 54670 74450 79990 24090 47361 26680 35760 89111 73161 50430 47740 101130 135200 79720 0 35561 109260 73410 99720 61801 81791 92970 62791 55711 45360 51720 87771 92391 
29770 21690 23680 38890 49960 37570 70080 38660 19990 65830 67680 77230 39020 79010 34530 32200 56760 52880 38750 16170 48650 34900 32610 25450 15250 38190 108540 54630 44050 96390 43100 12900 57390 65170 58860 103910 29620 89760 70630 87140 47040 34020 68700 80810 40630 63480 54240 87830 20780 51530 57070 48350 12230 46200 42810 54490 38540 21530 54630 79200 100190 66490 35561 0 80810 60610 70490 26390 46380 65860 28170 20300 52250 53840 53150 56980 
83540 64070 88750 70140 123150 67080 79380 90390 64460 119810 41710 39310 93140 7220 90780 110591 114360 45950 92020 69530 57850 79590 84400 91910 80380 99010 78000 108610 40820 58470 103920 72830 132040 128370 68320 65990 95940 51840 32710 8230 35310 95340 60060 161290 45970 26150 49350 8920 64480 105510 111050 128750 70050 126600 122661 29000 44990 62890 129280 11310 62270 124180 109350 80400 0 118530 11600 65610 58290 16530 57120 66910 126900 116950 38570 65050 
37070 59890 38680 51750 42120 56340 84770 32410 62340 45560 120440 95670 28210 117780 28480 48500 4470 76380 30590 56170 65320 43390 40090 41090 47240 22930 125880 34360 78360 120370 17960 55540 44381 25051 72320 129690 35550 115500 97910 125732 85130 27780 83660 99870 75170 97650 74120 126422 71390 31260 36800 67030 61350 62660 47620 90201 74060 75720 44821 117970 126720 7810 73320 60550 118911 0 108491 55360 63960 104770 64690 52880 44191 28960 83630 72170 
71870 53040 77080 59260 111480 56200 68500 78310 53430 108140 38780 28430 81470 13020 79110 98921 102690 35070 80350 58370 46970 68310 72800 80240 69100 87340 67120 96940 29540 47590 92250 61550 120370 116700 57440 55110 84270 40960 21830 18980 24280 83670 49180 150260 34690 15270 38470 19670 53450 93840 99380 117720 59020 115570 110991 17720 33920 52310 117610 14530 51390 112510 98770 69370 12650 106860 0 54330 47410 6940 45840 55630 115230 105280 27690 54170 
20080 8900 25990 15910 59690 13750 46260 28470 14010 56350 67560 53920 29680 64790 27320 48731 50900 28950 28560 12030 24830 17390 20940 30740 20100 35550 84720 45150 25250 77390 40460 15210 68580 64820 35040 84910 32720 70760 51630 71920 32140 31880 44880 103181 22250 45390 30310 72610 20210 42050 47590 70721 20090 66781 59661 36840 21260 26720 65820 64980 81190 60630 62261 26730 65590 55070 55170 0 22560 51780 11890 8400 63440 53490 31250 33160 
29610 28730 37470 13260 70630 9660 27530 32310 33780 64800 81330 33620 39450 58950 38090 63650 60520 13870 34660 32570 4220 23250 27570 42530 38810 46320 64441 53600 24670 58320 51230 35270 79520 75590 15800 67640 43660 53450 35860 64980 33030 42650 25150 118100 23570 33880 11640 65670 39460 50500 56000 85640 40120 81700 71510 32490 25990 45970 76760 59570 64670 70250 82081 46550 58650 64690 48220 22510 0 46200 29940 28220 74380 64260 20050 13920 
68820 49310 74030 57920 108430 54860 67650 76970 49700 105090 35750 29540 78420 13800 76060 95871 99640 33730 77300 54770 45630 66690 69750 77190 66050 84290 68230 93890 27740 48700 89200 58340 117320 113650 56020 56220 81220 42070 22940 22190 20590 80620 50290 145400 32890 16380 37720 23460 49470 90790 96330 113990 55290 111840 107941 16140 30270 46510 114560 13990 52500 109460 92970 65640 16440 103810 7700 51550 46070 0 42790 52580 112180 102230 26860 52750 
29230 8400 34440 24940 67870 21650 54160 37620 11780 65500 59370 51270 38830 56110 36470 55091 60050 26630 37710 14820 31410 28330 30160 37600 26460 44700 85861 54300 18090 70430 49610 18000 76760 73970 42940 77950 41630 63800 44670 63570 23460 41030 46570 108340 14280 37520 30230 64260 16080 51200 56740 75880 17690 73141 66021 28530 12580 22590 74000 56300 74230 69780 62801 28040 57240 64220 46820 11960 29950 43100 0 12990 71620 62640 26800 39020 
18260 7790 22390 20130 55540 18810 51320 27150 10090 54870 66830 58980 28060 65900 25070 42761 48650 34230 27240 5430 29890 19390 20370 25270 14130 33300 89780 43670 27880 80220 38210 8610 64430 62570 40100 87740 29530 73590 54460 73360 33250 29630 49940 97211 24070 47310 35590 74050 19480 40570 46110 64751 13490 60811 53691 38320 22370 25990 61670 66090 84020 58380 55711 20180 67030 52820 56610 7630 27620 52890 13000 0 59290 51240 36590 38220 
46080 64870 40670 65760 5290 66200 98100 50440 65520 68150 120200 105820 49080 125730 41640 20660 42040 87500 50340 59350 76670 55290 50780 36310 47061 31700 136620 56950 86310 130520 34100 57281 6400 21760 86330 139840 33940 125650 108060 133682 93080 34780 96720 64720 83120 107140 85240 134372 71830 53850 59390 31880 63280 27510 12760 98151 81420 71990 3640 125920 136870 43840 45530 51700 126861 44211 116441 63500 74470 112720 72050 59250 0 18040 92310 85000 
35260 58070 31930 55130 15920 56060 87960 38670 58720 54140 118550 95620 36790 115780 27630 26820 26720 77360 38570 52550 66530 44660 40150 31140 40490 17900 126420 42940 76360 120320 18780 51020 21560 12050 75700 129640 25200 115450 97860 123732 83130 23240 86580 73670 73360 97190 75100 124422 67650 39840 45380 40830 57150 36460 21420 88201 72250 71980 19800 115970 126670 35240 51640 53760 116911 28930 106490 53550 64330 102770 62880 51070 18010 0 82360 74860 
47860 34330 54820 31570 88520 28510 41470 50620 37030 82740 62060 26980 57700 39230 56150 78521 78830 7380 52970 39270 19280 41840 45880 59570 49890 64380 65670 71770 10270 46140 69290 42450 97410 93740 29840 53660 61550 39510 20380 45000 15870 60710 27880 133270 14170 14140 11540 45690 40020 68810 73300 100511 42620 96571 89400 12930 15880 40610 94650 40300 49940 89550 87731 52970 38670 83900 28240 31230 19720 26930 26740 36530 92270 82320 0 26550 
40010 39130 47870 22190 81030 20060 18360 40800 44180 65180 88000 32350 48100 65620 48490 74050 69010 20670 43150 42970 11600 32860 36060 52930 49210 56720 54420 54821 31470 57050 61630 45670 89920 85990 6770 66370 54060 52180 34590 71650 39830 53050 14580 128500 30830 40550 17150 72340 49860 58921 56290 96040 50520 92100 81910 39180 33250 56370 87160 66240 63400 78740 92481 56950 65320 73180 54890 32910 13750 52870 38990 38620 84780 74660 26740 0 

0 Ciudad_0 0 0 32400 0
1 Ciudad_1 480 19221 22626 960
2 Ciudad_2 591 21295 25207 1182
3 Ciudad_3 822 24170 28303 1644
4 Ciudad_4 534 9790 12317 1068
5 Ciudad_5 141 6349 8787 282
6 Ciudad_6 194 26307 29307 388
7 Ciudad_7 602 10784 13809 1204
8 Ciudad_8 672 16845 19190 1344
9 Ciudad_9 625 13769 17872 1250
10 Ciudad_10 625 6475 8992 1250
11 Ciudad_11 164 7184 10283 328
12 Ciudad_12 743 22588 27274 1486
13 Ciudad_13 522 7929 11859 1044
14 Ciudad_14 615 7114 11787 1230
15 Ciudad_15 125 14783 17621 250
16 Ciudad_16 338 6730 10215 676
17 Ciudad_17 262 22381 25422 524
18 Ciudad_18 339 23285 27921 678
19 Ciudad_19 613 15583 18594 1226
20 Ciudad_20 201 17139 19442 402
21 Ciudad_21 265 7684 10209 530
22 Ciudad_22 772 13619 17716 1544
23 Ciudad_23 821 9658 13968 1642
24 Ciudad_24 231 9796 13295 462
25 Ciudad_25 450 24248 27450 900
26 Ciudad_26 427 4656 7175 854
27 Ciudad_27 719 11665 15422 1438
28 Ciudad_28 708 18697 22821 1416
29 Ciudad_29 146 8580 12294 292
30 Ciudad_30 755 15417 19246 1510
31 Ciudad_31 775 12133 15073 1550
32 Ciudad_32 165 4227 6962 330
33 Ciudad_33 260 14344 17054 520
34 Ciudad_34 322 21262 23298 644
35 Ciudad_35 479 8390 11805 958
36 Ciudad_36 770 25151 28204 1540
37 Ciudad_37 253 5575 9042 506
38 Ciudad_38 159 16288 19660 318
39 Ciudad_39 445 5635 8109 890
40 Ciudad_40 484 7168 10298 968
41 Ciudad_41 187 9482 14251 374
42 Ciudad_42 346 10814 14674 692
43 Ciudad_43 146 18540 23278 292
44 Ciudad_44 431 5388 7483 862
45 Ciudad_45 256 4005 7726 512
46 Ciudad_46 798 18182 23126 1596
47 Ciudad_47 105 7675 10854 210
48 Ciudad_48 643 5049 7631 1286
49 Ciudad_49 461 5422 10413 922
50 Ciudad_50 495 19231 23782 990
51 Ciudad_51 537 19708 23548 1074
52 Ciudad_52 753 17227 20455 1506
53 Ciudad_53 355 18156 21792 710
54 Ciudad_54 602 23745 25769 1204
55 Ciudad_55 471 17436 20848 942
56 Ciudad_56 736 9191 13918 1472
57 Ciudad_57 377 14181 16867 754
58 Ciudad_58 322 5127 7715 644
59 Ciudad_59 563 13792 18362 1126
60 Ciudad_60 724 13464 18221 1448
61 Ciudad_61 537 5881 9430 1074
62 Ciudad_62 563 16627 21519 1126
63 Ciudad_63 558 8392 12712 1116
64 Ciudad_64 374 22624 25181 748
65 Ciudad_65 235 9386 13360 470
66 Ciudad_66 518 10781 14378 1036
67 Ciudad_67 127 21164 24758 254
68 Ciudad_68 253 21558 24678 506
69 Ciudad_69 338 20511 22818 676
70 Ciudad_70 613 25793 29073 1226
71 Ciudad_71 540 25031 27212 1080
72 Ciudad_72 204 4128 6909 408
73 Ciudad_73 583 18837 22371 1166
74 Ciudad_74 685 4076 8250 1370
75 Ciudad_75 534 18933 21927 1068

0 -0.0196381 0.0914681 -0.0764061 0.0653999 0.0821777 0.0788923 -0.0435674 -0.0135638 -0.0469859 -0.0768442 0.0414937 0.0648017 -0.0548689 0.00247568 0.0335376 -0.0478635 0.0811705 -0.0902393 -0.0066967 0.049627 -0.0472132 -0.0240365 -0.0903732 0.084781 -0.0877188 0.0267115 0.0212689 0.020644 0.0752255 -0.00461657 -0.0853444 -0.0572602 0.0302489 0.0699203 0.0475559 0.0562199 -0.0593554 0.0612672 0.0990122 -0.0310716 -0.0527463 -0.00146037 0.0767228 -0.000939783 0.0704525 -0.0908318 0.0755514 0.0190011 -0.0214905 0.0884286 -0.0172023 -0.0289179 0.0462369 0.0254551 0.00274645 -0.0582748 -0.058981 -0.0070539 0.0792246 -0.0579783 0.0357212 -0.0167907 -0.0310062 0.0964752 -0.0508544 -0.0109696 0.071738 0.0885279 -0.0282028 -0.0424286 -0.0045489 -0.068942 0.00544398 0.0752847 -0.0781004 
0.0196381 0 0.0901956 0.0834667 0.0672808 -0.0610984 -0.0792222 0.0036876 -0.0542254 -0.0147854 0.0582669 -0.0944454 0.0768641 -0.0633505 0.0930605 -0.00974126 0.0701867 0.0456113 0.0815343 -0.0553187 -0.0135734 -0.021725 0.0577946 -0.0562511 0.063163 -0.0208934 0.0356653 -0.098684 0.00815205 0.0141232 -0.038049 -0.0946938 0.0445769 -0.0581221 0.0397309 0.0619775 0.0561646 -0.0595062 0.000689775 0.0449357 -0.0759303 0.017244 -0.0296338 -0.0579225 -0.0600295 -0.00448065 0.0672264 -0.0796208 0.0799766 -0.0486682 -0.010927 0.0391361 -0.0323276 -0.0134661 -0.0644855 -0.033469 -0.0399876 -0.0252492 -0.0626926 0.0384436 0.0246145 0.0810716 -0.0540584 0.0621575 -0.0680828 -0.0491081 0.00531399 -0.0378043 0.0880332 0.0932155 -0.068386 -0.00906061 0.0707817 0.0154141 -0.0227868 0.000483067 
-0.0914681 -0.0901956 0 0.037102 -0.0145768 -0.0865323 0.0850915 0.0226864 -0.0300448 0.0942421 0.0408457 0.0471709 -0.0431835 0.0764834 -0.0701914 0.0522328 0.09164 -0.0641061 -0.0790027 0.044463 -0.0688166 -0.0118706 -0.0772855 -0.0797437 -0.0262076 0.039399 -0.0916242 0.0958204 -0.0397219 0.0173483 0.0558778 -0.0128788 0.0832706 0.0597533 0.0956837 0.0522609 0.0372381 -0.0623784 0.0135149 0.0402463 -0.0288855 0.0942639 -0.0246178 0.0860651 0.0491435 0.0198595 0.0722344 0.0608729 0.0217924 -0.0350611 -0.00751992 -0.075379 -0.0723593 0.0766175 0.0601233 0.0755283 0.0136482 0.0752727 0.0764635 -0.0516311 -0.0467237 -0.00878657 0.0899726 -0.0584374 0.0737608 -0.0682351 0.0574082 0.00426852 -0.0332051 0.089014 -0.0640935 0.0691389 -0.00896805 0.0903862 -0.0124964 -0.058905 
0.0764061 -0.0834667 -0.037102 0 -0.0917142 0.0447892 -0.0414843 0.0594139 0.0293862 -0.0322662 -0.0937193 -0.0849842 -0.0164994 0.0873219 -0.0963519 -0.0941012 -0.0214485 -0.0205669 -0.0594412 -0.0537254 0.0860459 -0.0468544 -0.0239181 -0.0130685 -0.0814914 0.0436024 0.0695688 -0.0233549 -0.0552622 -0.0222913 0.0389633 -0.0599219 0.0654443 -0.0275521 -0.0364617 -0.0658091 -0.0811061 0.0863394 0.0196361 -0.0110065 -0.0423908 -0.0604619 0.0469796 -0.0799457 -0.00134112 -0.0292908 -0.0616547 -0.0728449 0.0485175 0.0475429 0.0922618 -0.06459 0.0428534 0.0628843 0.00560376 0.0972226 0.0757817 -0.0636115 0.0663758 0.00446078 0.0868403 0.0600258 -0.0975361 0.0728615 0.0961858 0.0733445 -0.0688084 0.000409765 0.0145992 0.0627608 0.00265143 -0.0784643 -0.0363322 0.097701 0.0632449 0.0454933 
-0.0653999 -0.0672808 0.0145768 0.0917142 0 -0.0652975 -0.00133113 0.098644 -0.0775853 0.0415315 -0.0943813 0.0510478 -0.00241287 -0.0396148 -0.0654231 -0.0378229 0.0463604 -0.0492694 -0.00134845 0.0326162 0.0503494 0.0749301 0.0819518 0.0604316 -0.0253129 -0.00495706 0.08601 0.078977 -0.0751353 -0.0738735 0.0535341 -0.0283222 0.0847882 0.0434918 -0.0763106 0.0881352 0.00791122 0.0535195 -0.0728552 -0.0326356 -0.0823738 0.0961321 0.0462569 0.0246444 -0.0268556 -0.0605427 -0.0807446 -0.0179856 0.0359251 -0.0706728 -0.094893 0.032985 -0.0337724 -0.0542773 -0.0476551 -0.0682493 -0.0294844 -0.0648344 0.0157616 0.0941864 0.032036 -0.0853506 -0.00129499 0.0892216 -0.0221114 0.0663752 -0.0442123 0.0761099 -0.0369217 -0.0223263 0.00701766 -0.0887256 0.0250991 0.0865368 0.0787663 0.0639428 
-0.0821777 0.0610984 0.0865323 -0.0447892 0.0652975 0 -0.00708576 0.0560677 0.0720935 0.0431463 -0.012011 0.0117582 0.0679699 -0.0703014 -0.0436139 0.0623108 -0.0396312 -0.0463879 -0.00119258 0.0622887 -0.0829801 0.0716019 0.0227417 0.0859918 -0.0434522 0.0869829 -0.0809158 0.0342905 -0.0631785 0.00394713 -0.0542924 -0.0250224 -0.0572019 0.079437 0.0720594 -0.0601458 0.0444968 0.00312395 -0.021451 -0.088968 0.0809845 -0.0839371 -0.00704772 0.0795198 0.0911708 0.092673 0.035671 -0.0390423 0.0857711 0.0732739 -0.0120189 0.00814188 0.0165017 -0.070057 0.031682 0.0149407 -0.0620903 -0.0920636 -0.0612182 0.0381979 0.0199346 0.0305098 0.0450178 0.0585805 0.078579 0.0738461 -0.0922705 0.00167749 0.00268836 -0.056266 -0.0963285 0.0741105 -0.0408567 -0.0870529 0.0225245 0.0431821 
-0.0788923 0.0792222 -0.0850915 0.0414843 0.00133113 0.00708576 0 -0.00580799 0.0190511 0.0766821 0.0899491 0.0775684 -0.0713271 0.0945691 0.0572049 -0.0419683 -0.0226079 -0.0422812 -0.0271268 -0.0457359 0.0259882 0.0529382 -0.0708012 0.0187012 -0.0561113 0.0331913 -0.0194695 0.0942614 -0.080979 0.039184 -0.0541681 0.0742134 -0.00178581 0.0428512 0.0488546 0.0321619 -0.0539683 0.0833494 -0.0764353 0.0868178 0.0281249 -0.0828253 0.00294396 0.0230734 -0.0150763 0.0412998 -0.0905877 -0.0838147 -0.0987091 -0.0970973 -0.0213948 -0.0592445 -0.0707451 0.00647313 -0.0371922 0.00820471 0.0257689 -0.0937335 -0.0200986 0.00697663 0.0835018 0.00513765 0.0563424 0.0145284 -0.0789008 -0.0145893 -0.00717839 0.0427165 -0.054756 0.00367954 0.0252907 0.0755308 0.0894172 -0.0507123 -0.0650201 -0.0798516 
0.0435674 -0.0036876 -0.0226864 -0.0594139 -0.098644 -0.0560677 0.00580799 0 0.0287273 0.00297352 0.0383455 -0.0727888 -0.0428966 -0.0716627 -0.0795999 0.0182512 -0.0859857 0.0487744 -0.0435081 -0.0218458 0.0301272 0.0276822 -0.0366661 -0.0500944 -0.0368784 -0.0161312 -0.027043 0.0184113 0.042344 0.0411074 0.0379939 0.0230817 0.0499494 0.00633584 0.0287928 -0.0839343 -0.0438038 -0.0614071 -0.0683213 0.0567624 -0.0750586 0.0311422 0.0825048 -0.0953767 -0.0863435 0.0722847 0.0497336 -0.035391 0.0200081 0.0866121 -0.0120465 0.068992 0.0699908 0.0153992 0.0604382 0.00299199 0.0762711 0.0662128 -0.035419 -0.0411593 0.0082122 0.018823 -0.0253936 -0.081763 -0.0383413 -0.00382453 -0.0644664 0.0171585 -0.0407565 -0.044634 -0.0711397 -0.0732693 -0.02192 -0.0751164 0.0891777 0.0565203 
0.0135638 0.0542254 0.0300448 -0.0293862 0.0775853 -0.0720935 -0.0190511 -0.0287273 0 -0.0508898 -0.0647883 0.0480087 -0.0255436 -0.00627088 0.0517753 -0.0177582 0.0522502 0.021933 -0.096209 -0.0392994 -0.0343516 0.0880942 -0.0373541 0.0787333 -0.063335 0.0909159 -0.0283647 -0.0849791 0.00333217 -0.0344334 0.0167051 -0.0609232 -0.0317917 -0.0364126 0.0516957 0.0217326 -0.011105 0.0456796 0.0452198 -0.0645991 0.0943125 0.0726404 -0.0811797 -0.0528489 0.0768507 -0.0865914 0.0315181 -0.0686717 -0.0948257 0.0307206 -0.0273106 0.0331308 0.0105328 0.0468038 -0.0338253 -0.0743379 0.0638335 0.0716868 -0.0242326 -0.0911268 0.0916197 0.068248 -0.0162273 0.0940091 0.0580367 -0.0732198 -0.0635884 -0.0606065 0.0610608 -0.0624339 0.0967533 0.0614645 -0.0169975 0.0662019 -0.0246766 0.0252511 
0.0469859 0.0147854 -0.0942421 0.0322662 -0.0415315 -0.0431463 -0.0766821 -0.00297352 0.0508898 0 0.0965507 -0.00504488 -0.0136879 -0.0964344 -0.0687431 0.0927629 -0.0298048 0.0792342 -0.002557 -0.0108569 0.0573841 0.0372275 -0.0791057 -0.0997868 -0.0100224 0.050529 0.0918977 -0.0831436 -0.0855752 0.0283308 -0.0228033 -0.0761013 0.045335 0.0975287 -0.0932982 -0.0664976 -0.0589863 0.05626 0.0195382 -0.0984487 0.0206087 0.0458075 0.0782852 -0.0922178 0.0707755 -0.030757 0.0724638 -0.0780077 -0.0955208 -0.0600839 -0.0112297 -0.0696359 -0.0792206 0.0119764 0.0176741 -0.0836055 0.017059 0.0857492 0.0144483 -0.0675971 -0.014833 -0.0868949 -0.0324254 0.0924486 0.0107133 0.0870678 0.00814226 0.0440108 0.0742949 0.0690923 -0.0276159 0.00870663 -0.0277789 0.00436368 -0.0266968 -0.00649666 
0.0768442 -0.0582669 -0.0408457 0.0937193 0.0943813 0.012011 -0.0899491 -0.0383455 0.0647883 -0.0965507 0 -0.00420142 -0.0552111 -0.0778246 0.0370114 -0.0546415 0.0334903 -0.0175899 0.0671635 -0.00231948 0.0875359 0.0633983 0.0331934 0.0776177 0.0804593 -0.0609995 0.00766845 -0.0329255 0.0345029 0.0921522 0.0284086 -0.0064454 0.0573835 0.0787949 0.0587297 0.0831662 0.0388725 0.0628166 0.00267892 0.0690944 0.0926703 -0.0637373 0.0337654 0.0615127 -0.0984699 -0.0745795 0.0768601 -0.0753032 -0.00616169 0.0690689 0.0194689 0.082447 0.00615355 -0.0481457 -0.0443955 0.0436796 -0.0204592 0.0432539 -0.066567 0.0748025 0.0235002 0.0205069 0.0573208 -0.031899 -0.019321 -0.0196834 0.0440498 0.0821308 -0.00882395 -0.0601828 -0.00916084 0.0959291 0.0174724 0.0540233 0.00035379 -0.0446743 
-0.0414937 0.0944454 -0.0471709 0.0849842 -0.0510478 -0.0117582 -0.0775684 0.0727888 -0.0480087 0.00504488 0.00420142 0 0.0230008 0.0191198 0.00406473 -0.000413982 -0.0276042 0.00280354 -0.0726033 -0.00557739 -0.0708587 -0.0017144 -0.0670645 -0.0299061 0.0739681 0.0725237 -0.055279 -0.0879459 0.0838635 0.0452588 -0.0874085 0.096425 -0.0201896 -0.0426119 0.0667933 0.00698194 -0.0520567 -0.0732435 -0.0507757 0.0456948 -0.0990141 0.0739963 -0.0669859 0.0027281 -0.0852603 0.00382612 0.0401447 -0.0820198 0.0986706 -0.0649742 -0.0511954 0.0890131 -0.0665767 -0.0181515 -0.0590004 0.0401096 -0.0967285 0.0150906 0.0326758 0.00666663 -0.0677222 -0.00200203 0.0619013 0.0942531 -0.0699455 -0.0289532 -0.0338039 0.0161561 -0.0387443 0.062669 0.0688448 0.0108146 0.0119329 -0.0747553 -0.0919456 -0.075684 
-0.0648017 -0.0768641 0.0431835 0.0164994 0.00241287 -0.0679699 0.0713271 0.0428966 0.0255436 0.0136879 0.0552111 -0.0230008 0 -0.0499735 0.0877369 0.0358388 0.017895 -0.0567007 0.00806726 -0.0208126 0.0303108 -0.0638399 0.0500206 0.026512 -0.0178394 -0.00924017 -0.0606601 0.0304425 0.0975905 0.0839689 -0.0233613 -0.0608951 -0.0462402 -0.0731433 -0.0708775 -0.0208568 0.0282995 -0.0681718 -0.0352075 -0.0899037 -0.0174112 -0.0972501 0.0991179 0.0417592 0.0789977 -0.012675 -0.0463959 -0.0587912 -0.0846228 0.0156708 -0.00306857 0.0881387 0.08098 0.0781442 -0.062012 0.0815569 -0.0262671 -0.0924354 0.0934807 -0.0492398 -0.00141542 0.0342979 -0.0258047 0.0959984 -0.0764323 -0.0433636 -0.0468031 0.0537396 -0.0908867 -0.0562861 0.0716652 0.0134137 0.0746584 -0.00494452 -0.0489537 0.0367018 
0.0548689 0.0633505 -0.0764834 -0.0873219 0.0396148 0.0703014 -0.0945691 0.0716627 0.00627088 0.0964344 0.0778246 -0.0191198 0.0499735 0 0.0994938 -0.054235 0.0820997 0.0944118 0.0272668 0.0100952 -0.0416773 0.0764498 0.0680787 0.0316961 0.0924939 -0.0148744 0.00256456 -0.0201215 -0.0524153 0.0565525 0.0656974 0.0194079 -0.0592697 0.00640223 -0.0373321 -0.0213641 -0.0759114 -0.0667478 -0.0704428 0.0404789 0.0788397 -0.0569823 -0.0387854 -0.0037511 0.0898244 0.0225605 0.0150122 -0.0450675 -0.0519095 -0.0848358 -0.0516749 -0.0319013 -0.0391057 -0.0847828 0.039636 0.0690801 0.0518646 0.0127835 0.0981462 -0.0352374 0.0443149 -0.0886826 -0.0454929 0.00414322 -0.0085091 -0.0887277 -0.0812138 0.0220401 0.0931187 -0.0025036 0.0729495 -0.0259195 0.0562234 -0.0785511 0.0281045 -0.00384092 
-0.00247568 -0.0930605 0.0701914 0.0963519 0.0654231 0.0436139 -0.0572049 0.0795999 -0.0517753 0.0687431 -0.0370114 -0.00406473 -0.0877369 -0.0994938 0 0.0420779 0.0157897 -0.0493928 -0.0664708 -0.0780832 -0.0198942 0.00303774 0.0801969 -0.0880573 0.0291236 0.0657975 -0.00107275 -0.0866888 -0.00287815 -0.0768819 -0.0971211 -0.0942554 -0.00175662 0.0322859 0.0467218 0.0189378 0.0836852 0.0224642 0.0343599 0.0327821 -0.098661 -0.0829227 -0.073858 0.0597765 0.0850108 0.0544689 -0.078278 -0.0388642 -0.0239749 -0.0159863 -0.0382997 -0.0876215 -0.0797818 -0.0452773 0.0406299 -0.0635651 0.0987372 0.0229947 0.032859 -0.0689692 -0.0889804 0.0169541 0.0143348 0.0764092 -0.0810886 -0.0364017 -0.00668858 0.0741113 -0.0191317 -0.0800827 -0.085909 0.0659446 0.0937708 -0.0930341 -0.0471816 -0.0892317 
-0.0335376 0.00974126 -0.0522328 0.0941012 0.0378229 -0.0623108 0.0419683 -0.0182512 0.0177582 -0.0927629 0.0546415 0.000413982 -0.0358388 0.054235 -0.0420779 0 0.0126021 0.0107049 -0.00788761 -0.0445731 -0.0389334 -0.043624 -0.0253736 -0.0857006 -0.0449091 0.0183235 -0.0996383 0.0674312 0.0633659 -0.0680194 -0.0656323 -0.0589204 -0.0530258 -0.0220176 0.096262 -0.00298195 0.0840434 -0.000602092 0.0649063 -0.0603734 -0.0770578 0.0578659 0.00669239 0.0855077 -0.0128835 -0.049351 0.00692144 0.0940385 -0.0507289 0.0792588 -0.0811232 0.0868941 -0.027685 -0.010998 0.083849 -0.0505527 0.0176445 0.0288078 0.0240342 0.00543777 -0.0662708 0.0533511 -0.0885119 0.0362 -0.020502 -0.0847154 -0.0218458 0.0298516 -0.0369582 -0.00533652 -0.0559524 0.027873 -0.0665419 0.0454411 -0.0993125 -0.00748207 
0.0478635 -0.0701867 -0.09164 0.0214485 -0.0463604 0.0396312 0.0226079 0.0859857 -0.0522502 0.0298048 -0.0334903 0.0276042 -0.017895 -0.0820997 -0.0157897 -0.0126021 0 -0.0321168 0.0281765 -0.0395757 -0.0802511 -0.0378258 -0.0718144 0.0743652 0.0216638 0.0452236 0.098617 0.0429687 0.0553048 0.0647113 -0.0533698 0.096337 0.00110041 0.0507727 0.00877087 -0.0269767 -0.0486382 -0.0685634 -0.0759705 0.0686794 -0.0460739 0.060294 0.0368632 -0.0614212 0.0300082 0.0648699 -0.0432723 -0.0898611 -0.0681096 0.0915579 -0.0402538 -0.0793789 0.0263894 -0.0604316 -0.0896809 -0.0392507 -0.0404872 0.0149748 -0.0513984 0.0476312 0.0853985 0.0147423 -0.0621159 0.0193159 0.0276134 -0.0189354 -0.0369864 -0.0510228 0.0777265 0.0652181 0.0177868 0.0529491 0.0429049 0.0948641 0.0943485 0.0291339 
-0.0811705 -0.0456113 0.0641061 0.0205669 0.0492694 0.0463879 0.0422812 -0.0487744 -0.021933 -0.0792342 0.0175899 -0.00280354 0.0567007 -0.0944118 0.0493928 -0.0107049 0.0321168 0 0.0220522 0.0692911 -0.0522518 0.0474089 -0.0445207 0.0768818 -0.0378399 -0.0693915 -0.0699278 0.096382 0.0931746 -0.089662 0.0228232 0.0828716 -0.0277134 -0.0642562 0.00331663 0.0482307 -0.0172301 -0.000576897 0.0248032 0.0964878 0.0707075 0.00806148 0.00388647 -0.0488303 -0.0308976 -0.0189453 -0.0769119 0.037262 -0.0107718 0.0941104 -0.0428754 0.00683044 -0.0188301 0.0696741 0.098531 0.0981493 -0.0849304 0.0320716 -0.0947352 0.0595001 -0.0661279 0.018797 0.0235172 0.0169125 -0.0889317 0.0442713 -0.0421578 0.0681071 -0.0865901 0.0583764 0.0980923 -0.0959625 -0.079783 0.0879437 0.0449484 -0.00518513 
0.0902393 -0.0815343 0.0790027 0.0594412 0.00134845 0.00119258 0.0271268 0.0435081 0.096209 0.002557 -0.0671635 0.0726033 -0.00806726 -0.0272668 0.0664708 0.00788761 -0.0281765 -0.0220522 0 0.0569849 -0.063386 0.048263 0.0320154 0.0267487 -0.0215309 -0.0967104 0.0522804 -0.085779 0.00121686 -0.0169877 0.0941884 0.0885514 0.0284695 0.0560019 0.0341812 -0.01718 -0.0501533 0.0504316 -0.0431505 0.00888036 -0.0428335 -0.080671 0.0223757 -0.0696832 0.0730852 -0.0391896 -0.010171 -0.0313808 -0.0491777 -0.0196338 0.0775115 0.0602408 0.0242882 -0.00510755 0.0830929 0.0221424 -0.0884099 0.0196434 0.0137861 0.0747939 -0.0605011 -0.0983771 0.0728404 0.00989097 -0.0638857 0.0349734 -0.0688308 0.0163921 -0.0489823 -0.0391853 0.0189725 0.0303343 0.0787793 0.0326133 0.0213515 -0.0352468 
0.0066967 0.0553187 -0.044463 0.0537254 -0.0326162 -0.0622887 0.0457359 0.0218458 0.0392994 0.0108569 0.00231948 0.00557739 0.0208126 -0.0100952 0.0780832 0.0445731 0.0395757 -0.0692911 -0.0569849 0 -0.0785338 -0.00233668 -0.0927892 0.0394305 0.0186367 0.0404981 -0.0721465 -0.0315809 -0.079814 -0.0629154 0.0499672 -0.0876097 -0.0582891 0.0394177 -0.00924217 -0.0235144 0.00363836 0.0502726 0.0613838 -0.000577762 -0.0443248 0.0742342 -0.0629255 0.059933 0.0206468 0.0604351 0.0198654 -0.0338789 0.0340068 0.0910218 0.0201585 -0.0794499 0.00668291 -0.0105131 -0.00800069 0.00262766 -0.0187509 0.0198281 0.0924814 0.0801714 0.0649916 0.097445 0.0474081 -0.0188197 -0.0193755 -0.0442678 -0.0312822 0.0801205 -0.0167913 0.00202259 -0.0463023 -0.0932126 -0.0434814 0.0286571 0.065302 -0.0425474 
-0.049627 0.0135734 0.0688166 -0.0860459 -0.0503494 0.0829801 -0.0259882 -0.0301272 0.0343516 -0.0573841 -0.0875359 0.0708587 -0.0303108 0.0416773 0.0198942 0.0389334 0.0802511 0.0522518 0.063386 0.0785338 0 0.0374365 -0.065123 -0.00600461 0.0811222 -0.0764792 0.077454 -0.0309684 0.0855429 -0.0641619 0.0331963 0.0996562 -0.0325599 -0.0267684 0.0411829 -0.0648729 0.0592493 0.0799457 -0.0775917 0.0195194 0.0918622 0.0192216 -0.0945298 0.00579849 -0.0620188 0.0568666 0.01467 0.0684268 0.020737 0.0827949 -0.0120616 -0.083904 0.0590345 0.0503781 0.0701852 0.012906 -0.0355316 0.0363169 0.0142253 -0.0114505 -0.0433086 0.0540407 0.0105528 -0.00451071 -0.0898196 -0.0957074 0.0414456 -0.0229128 -0.0297749 -0.0778467 -0.0697798 0.058561 -0.0341563 9.19473e-05 0.0219258 0.0766533 
0.0472132 0.021725 0.0118706 0.0468544 -0.0749301 -0.0716019 -0.0529382 -0.0276822 -0.0880942 -0.0372275 -0.0633983 0.0017144 0.0638399 -0.0764498 -0.00303774 0.043624 0.0378258 -0.0474089 -0.048263 0.00233668 -0.0374365 0 -0.0875905 -0.0734338 -0.0753378 0.0345842 0.0100638 -0.000435633 -0.0880332 -0.0181543 0.0534915 -0.0276814 0.0918579 -0.0762861 -0.0969278 -0.0894892 0.0485034 0.0148951 -0.0509227 0.00972629 -0.073281 0.0977711 -0.0234991 0.0689522 0.037299 0.0327786 -0.019704 0.0215189 0.0254855 0.0106363 0.0880113 -0.0414626 0.0934737 0.0434897 -0.0344319 0.00385222 0.0604847 -0.0409696 0.000915615 -0.00240314 0.0878351 0.0271758 0.061744 -0.00872702 -0.0462806 0.0686897 -0.0926961 -0.0324656 0.0616732 0.0244884 -0.0990969 -0.0417717 0.0750272 -0.0451056 -0.0124118 -0.0859109 
0.0240365 -0.0577946 0.0772855 0.0239181 -0.0819518 -0.0227417 0.0708012 0.0366661 0.0373541 0.0791057 -0.0331934 0.0670645 -0.0500206 -0.0680787 -0.0801969 0.0253736 0.0718144 0.0445207 -0.0320154 0.0927892 0.065123 0.0875905 0 0.0895491 -0.0747773 0.0822422 0.0790853 0.0465279 -0.0408429 0.0664496 0.0437544 -0.054257 -0.0963134 0.0313411 -0.0462756 -0.011273 0.0363907 0.0520108 -0.00293378 -0.0888827 -0.0781334 -0.0541958 -0.0678951 -0.0624621 0.0806419 -0.0387805 -0.0800524 -0.0189733 0.0554354 0.00481699 -0.0307622 0.00753641 0.078638 -0.0987717 -0.0168202 -0.00115437 0.00503148 0.0379914 -0.0232302 0.0625511 -0.0879929 -0.0740874 0.0662692 0.00370189 -0.0260238 -0.0222746 -0.0407912 -0.0907096 0.0803334 0.0862515 0.027508 -0.0786044 -0.0849382 -0.0133753 0.0639851 -0.0405844 
0.0903732 0.0562511 0.0797437 0.0130685 -0.0604316 -0.0859918 -0.0187012 0.0500944 -0.0787333 0.0997868 -0.0776177 0.0299061 -0.026512 -0.0316961 0.0880573 0.0857006 -0.0743652 -0.0768818 -0.0267487 -0.0394305 0.00600461 0.0734338 -0.0895491 0 -0.0491846 -0.0478742 0.028877 0.0742075 0.0449621 -0.0840811 0.0932503 0.0386233 0.0801588 0.0952231 0.0660925 -0.0587775 0.0791371 0.0222719 -0.0156336 -0.0210064 -0.0130115 0.0359522 0.0044325 -0.0868332 -0.0753941 0.0618924 0.0807075 -0.0161094 0.0291941 -0.0456318 0.0125158 0.0542627 0.0761566 0.031301 0.0993705 -0.0788214 -0.0110713 0.0918356 0.0306854 0.0456575 0.0120066 -0.0606696 0.0767934 -0.00349835 0.0730896 0.0236148 0.00848133 0.00769342 0.0852801 -0.0295979 0.0141149 -0.0540788 0.012362 0.0933821 -0.0458042 -0.0723153 
-0.084781 -0.063163 0.0262076 0.0814914 0.0253129 0.0434522 0.0561113 0.0368784 0.063335 0.0100224 -0.0804593 -0.0739681 0.0178394 -0.0924939 -0.0291236 0.0449091 -0.0216638 0.0378399 0.0215309 -0.0186367 -0.0811222 0.0753378 0.0747773 0.0491846 0 -0.0990345 -0.0865647 0.0827588 -0.0640055 -0.0310794 -0.0717618 0.0142733 -0.0772565 0.0743019 0.0651042 -0.0722096 0.0540906 0.0466006 0.0655892 0.079399 0.0141608 -0.0143444 -0.0509289 -0.0928172 -0.0261283 0.0225699 0.0571642 0.0991564 0.0233897 -0.000867831 0.0819534 -0.0716468 0.0428992 0.057673 -0.0445513 0.0693041 0.0759102 -0.094875 0.0772559 -0.0928762 0.0592624 -0.0207588 -0.0150125 0.0961697 0.0319454 -0.0882141 -0.0644705 0.0891359 -0.0410878 0.0162319 -0.0787027 0.00687932 0.0218498 0.0691176 -0.0829629 -0.00679718 
0.0877188 0.0208934 -0.039399 -0.0436024 0.00495706 -0.0869829 -0.0331913 0.0161312 -0.0909159 -0.050529 0.0609995 -0.0725237 0.00924017 0.0148744 -0.0657975 -0.0183235 -0.0452236 0.0693915 0.0967104 -0.0404981 0.0764792 -0.0345842 -0.0822422 0.0478742 0.0990345 0 -0.0710645 -0.0847337 -0.012827 -0.0362776 -0.0496729 -0.0830752 -0.0865043 -0.0879501 0.0162327 -0.00832689 -0.0950642 -0.0886163 -0.0958408 0.0697762 0.0691116 -0.0816032 -0.0515682 -0.044088 0.0483568 -0.0856434 -0.0913335 -0.0796621 -0.0481236 -0.019428 0.0305942 0.0427865 0.0113512 -0.0652889 -0.0454445 -0.0622569 0.0831087 -0.0535808 -0.0353927 -0.0897933 0.0757333 -0.0236377 0.00138856 0.0653379 0.0118543 0.0951929 -0.0350084 0.000974263 -0.078571 -0.0314868 0.0151438 0.0757957 0.0445827 -0.0518421 0.0487546 0.011323 
-0.0267115 -0.0356653 0.0916242 -0.0695688 -0.08601 0.0809158 0.0194695 0.027043 0.0283647 -0.0918977 -0.00766845 0.055279 0.0606601 -0.00256456 0.00107275 0.0996383 -0.098617 0.0699278 -0.0522804 0.0721465 -0.077454 -0.0100638 -0.0790853 -0.028877 0.0865647 0.0710645 0 -0.0455554 -0.0940136 -0.050168 -0.0461775 -0.0256733 0.00544094 -0.0230433 0.0152327 -0.0890126 0.0459568 -0.0911653 0.0753164 0.0108613 -0.0135052 -0.0131773 0.0834853 -0.0298549 -0.0637093 -0.0253224 0.0185355 0.0322514 -0.0438873 0.0220416 -0.00810845 0.0116319 -0.0466246 0.0731 0.0981024 0.0438624 -0.0371537 0.0574321 0.0659959 -0.0744628 0.0988245 0.0523164 -0.0563408 0.0353999 -0.0675757 -0.0267414 0.0298056 -0.0943073 0.0687705 0.0629786 0.0973523 -0.0190588 -0.0212699 -0.0686692 -0.00768766 0.0215763 
-0.0212689 0.098684 -0.0958204 0.0233549 -0.078977 -0.0342905 -0.0942614 -0.0184113 0.0849791 0.0831436 0.0329255 0.0879459 -0.0304425 0.0201215 0.0866888 -0.0674312 -0.0429687 -0.096382 0.085779 0.0315809 0.0309684 0.000435633 -0.0465279 -0.0742075 -0.0827588 0.0847337 0.0455554 0 -0.0995885 -0.0716805 0.0918186 0.0859081 0.000223605 -0.030267 -0.0848031 0.00595295 -0.000300741 0.0151487 -0.0833178 -0.0365569 0.00623387 0.0104704 0.0749402 0.099514 -0.0326971 -0.00838713 -0.0626683 -0.030576 -0.0541242 0.0105229 -0.017035 0.0865533 -0.0621663 -0.00581941 -0.0966641 0.0927403 -0.0603893 0.0964204 0.0921444 0.0526092 -0.0232439 -0.0178366 0.0112148 -0.0887293 0.0496675 -0.0119167 0.0474522 0.00327954 0.00486158 -0.00421339 0.0201956 -0.00746407 0.0468846 -0.0516878 0.0291021 0.00779866 
-0.020644 -0.00815205 0.0397219 0.0552622 0.0751353 0.0631785 0.080979 -0.042344 -0.00333217 0.0855752 -0.0345029 -0.0838635 -0.0975905 0.0524153 0.00287815 -0.0633659 -0.0553048 -0.0931746 -0.00121686 0.079814 -0.0855429 0.0880332 0.0408429 -0.0449621 0.0640055 0.012827 0.0940136 0.0995885 0 0.00173836 0.0645975 0.0445398 0.0254075 -0.0259647 -0.0454383 0.0939925 -0.0690551 0.0509442 0.0246306 -0.025728 -0.0712798 -0.0320403 -0.00261135 0.0277832 0.0253919 -0.0728221 -0.00207397 0.014986 -0.0649733 0.0149672 0.024909 0.0588191 0.0258012 -0.0590371 0.054414 -0.00752812 0.0445436 0.0253548 -0.0961476 -0.0572733 0.0319315 0.0878435 -0.03543 0.0825169 -0.00129803 -0.0341305 0.0301704 0.00952627 -0.0293024 -0.0767521 0.0441639 -0.0782565 0.0736415 -0.0386029 0.0756999 -0.0868295 
-0.0752255 -0.0141232 -0.0173483 0.0222913 0.0738735 -0.00394713 -0.039184 -0.0411074 0.0344334 -0.0283308 -0.0921522 -0.0452588 -0.0839689 -0.0565525 0.0768819 0.0680194 -0.0647113 0.089662 0.0169877 0.0629154 0.0641619 0.0181543 -0.0664496 0.0840811 0.0310794 0.0362776 0.050168 0.0716805 -0.00173836 0 -0.094743 -0.0272856 -0.0445098 0.0870698 -0.0979597 -0.0425819 0.0636957 -0.0127522 -0.0839282 0.0460872 0.0353968 0.0868877 0.0192679 0.0317013 0.0213041 0.0385992 0.0440973 0.0758201 -0.0754293 0.0297816 0.08635 -0.0568733 0.0937565 -0.0259307 0.0693317 0.0703472 -0.0464502 0.0714637 -0.0147434 -0.034495 0.0222802 0.0790063 -0.00526298 0.0167012 0.0362859 -0.0994179 0.038828 0.0618144 -0.0861243 -0.0680056 0.0384127 -0.0159608 -0.0339016 -0.00823664 0.0672858 0.0764027 
0.00461657 0.038049 -0.0558778 -0.0389633 -0.0535341 0.0542924 0.0541681 -0.0379939 -0.0167051 0.0228033 -0.0284086 0.0874085 0.0233613 -0.0656974 0.0971211 0.0656323 0.0533698 -0.0228232 -0.0941884 -0.0499672 -0.0331963 -0.0534915 -0.0437544 -0.0932503 0.0717618 0.0496729 0.0461775 -0.0918186 -0.0645975 0.094743 0 0.0403592 -0.082698 0.0727554 0.0742263 -0.0551061 0.045156 -0.0612691 -0.0187981 0.0560787 -0.0655905 -0.0255501 0.0283508 -0.0444039 0.0463254 0.0630416 -0.0135973 -0.0995344 -0.0402472 0.0989247 -0.0721757 -0.0980929 0.0213809 -0.0997754 -0.0196046 0.0790191 -0.0795848 -0.0428788 -0.0237556 -0.0444394 -0.0088751 -0.0124243 0.0303149 0.0688574 -0.00412829 -0.0713936 -0.0806074 -0.00242988 -0.0782141 0.0628177 0.0955568 0.083223 -0.0213899 -0.0699501 0.0235 -0.0923757 
0.0853444 0.0946938 0.0128788 0.0599219 0.0283222 0.0250224 -0.0742134 -0.0230817 0.0609232 0.0761013 0.0064454 -0.096425 0.0608951 -0.0194079 0.0942554 0.0589204 -0.096337 -0.0828716 -0.0885514 0.0876097 -0.0996562 0.0276814 0.054257 -0.0386233 -0.0142733 0.0830752 0.0256733 -0.0859081 -0.0445398 0.0272856 -0.0403592 0 0.0924025 0.0916654 -0.0449425 -0.0111981 0.097607 0.0800301 0.0546195 0.0456139 0.0564876 -0.0875201 -0.0833933 -0.0172539 0.0523795 0.00780763 0.0877591 -0.0281018 -0.0878777 -0.0951186 0.0785651 0.0464717 -0.037837 0.038664 0.0799876 0.0551158 0.0138337 -0.0308004 -0.0619786 -0.0851996 -0.0228539 -0.0177035 0.0366823 -0.0899141 -0.0358631 -0.056945 0.0400071 -0.0696105 -0.0756326 -0.0255175 -0.0167064 -0.0271231 -0.00673531 0.000788397 0.00494179 -0.0486272 
0.0572602 -0.0445769 -0.0832706 -0.0654443 -0.0847882 0.0572019 0.00178581 -0.0499494 0.0317917 -0.045335 -0.0573835 0.0201896 0.0462402 0.0592697 0.00175662 0.0530258 -0.00110041 0.0277134 -0.0284695 0.0582891 0.0325599 -0.0918579 0.0963134 -0.0801588 0.0772565 0.0865043 -0.00544094 -0.000223605 -0.0254075 0.0445098 0.082698 -0.0924025 0 -0.0798932 -0.0940487 0.0163495 0.0943435 0.0271095 0.0582579 0.0657979 -0.0700821 0.0184134 0.0100376 0.000374572 -0.0376304 0.0428804 0.0997921 -0.0676556 0.0564118 -0.0791837 -0.049539 -0.0941121 0.0740199 -0.0345402 0.0975847 0.0221751 -0.032217 -0.0916809 0.0125733 0.000197653 -0.0739258 0.0620146 0.0449947 0.0714681 -0.041105 -0.0226288 -0.0377948 -0.0728457 -0.0271932 -0.00954142 -0.0278329 -0.0578296 0.0228939 0.0491414 0.0206256 -0.0912984 
-0.0302489 0.0581221 -0.0597533 0.0275521 -0.0434918 -0.079437 -0.0428512 -0.00633584 0.0364126 -0.0975287 -0.0787949 0.0426119 0.0731433 -0.00640223 -0.0322859 0.0220176 -0.0507727 0.0642562 -0.0560019 -0.0394177 0.0267684 0.0762861 -0.0313411 -0.0952231 -0.0743019 0.0879501 0.0230433 0.030267 0.0259647 -0.0870698 -0.0727554 -0.0916654 0.0798932 0 -0.0660934 -0.0483927 0.0574845 0.0393927 -0.0725939 -0.0135698 -0.0178572 -0.0841902 0.0673726 -0.00197459 0.0262267 -0.0244589 -0.0409532 -0.0888119 -0.0143627 0.0767954 0.0512491 -0.0842413 0.0308675 -0.0958621 -0.0281449 0.00422211 0.0223113 -0.0319784 -0.0539352 -0.0709812 0.0244707 -0.0694216 0.00985452 0.0450421 -0.0081192 0.0374339 -0.0987204 -0.0834602 0.0164025 0.0206414 0.0584579 -0.0466361 0.0223027 -0.0641222 -0.0587285 0.0219706 
-0.0699203 -0.0397309 -0.0956837 0.0364617 0.0763106 -0.0720594 -0.0488546 -0.0287928 -0.0516957 0.0932982 -0.0587297 -0.0667933 0.0708775 0.0373321 -0.0467218 -0.096262 -0.00877087 -0.00331663 -0.0341812 0.00924217 -0.0411829 0.0969278 0.0462756 -0.0660925 -0.0651042 -0.0162327 -0.0152327 0.0848031 0.0454383 0.0979597 -0.0742263 0.0449425 0.0940487 0.0660934 0 0.0194944 0.0746384 0.0244514 -0.0526029 0.07985 -0.0782337 -0.0662499 0.0511359 -0.0595358 -0.00357152 0.0263096 -0.081135 -0.00729038 0.082134 -0.0826646 0.0440327 0.0588802 -0.0512062 -0.0498519 -0.0864014 -0.0290496 -0.0575032 -0.0168575 0.0100696 0.0336866 -0.0654921 0.047005 -0.096563 0.00763679 0.0692047 -0.0543366 -0.071371 -0.083205 -0.0531332 0.0855038 -0.0231705 -0.0317921 -0.0985137 -0.0180411 -0.0638469 -0.0300361 
-0.0475559 -0.0619775 -0.0522609 0.0658091 -0.0881352 0.0601458 -0.0321619 0.0839343 -0.0217326 0.0664976 -0.0831662 -0.00698194 0.0208568 0.0213641 -0.0189378 0.00298195 0.0269767 -0.0482307 0.01718 0.0235144 0.0648729 0.0894892 0.011273 0.0587775 0.0722096 0.00832689 0.0890126 -0.00595295 -0.0939925 0.0425819 0.0551061 0.0111981 -0.0163495 0.0483927 -0.0194944 0 0.0831027 0.0461994 0.0578383 0.0241162 -0.000717727 0.027369 0.0865186 -0.0376435 0.0181836 -0.098546 0.0530803 0.0809922 -0.0396117 0.0403071 0.0686683 -0.055611 0.0313881 0.0208322 -0.0434286 -0.04453 -0.0271998 -0.0366623 -0.003523 0.0600117 -0.0591073 0.0194828 -0.0727877 0.025948 -0.0237405 0.0904411 0.0392103 0.0186954 -0.0274836 -0.0342001 -0.0808037 0.0399513 0.0538767 -0.0651032 -0.0388088 -0.0455537 
-0.0562199 -0.0561646 -0.0372381 0.0811061 -0.00791122 -0.0444968 0.0539683 0.0438038 0.011105 0.0589863 -0.0388725 0.0520567 -0.0282995 0.0759114 -0.0836852 -0.0840434 0.0486382 0.0172301 0.0501533 -0.00363836 -0.0592493 -0.0485034 -0.0363907 -0.0791371 -0.0540906 0.0950642 -0.0459568 0.000300741 0.0690551 -0.0636957 -0.045156 -0.097607 -0.0943435 -0.0574845 -0.0746384 -0.0831027 0 -0.0803538 -0.00132282 -0.0673513 0.00417821 0.0239137 -0.0843651 0.0157272 0.0204186 0.0138445 0.081355 0.0293865 0.075996 0.0199306 -0.0844921 0.00306355 0.0332736 -0.0571721 -0.0399372 -0.0495829 -0.0370988 0.0680092 0.0104923 0.0868996 0.0883965 -0.0141244 0.0856737 0.0828009 0.0203194 -0.0796473 -0.0138602 0.0350255 0.00440201 -0.0955885 0.0360316 0.0873749 -0.0818381 0.0602681 0.047015 0.0282117 
0.0593554 0.0595062 0.0623784 -0.0863394 -0.0535195 -0.00312395 -0.0833494 0.0614071 -0.0456796 -0.05626 -0.0628166 0.0732435 0.0681718 0.0667478 -0.0224642 0.000602092 0.0685634 0.000576897 -0.0504316 -0.0502726 -0.0799457 -0.0148951 -0.0520108 -0.0222719 -0.0466006 0.0886163 0.0911653 -0.0151487 -0.0509442 0.0127522 0.0612691 -0.0800301 -0.0271095 -0.0393927 -0.0244514 -0.0461994 0.0803538 0 -0.074749 0.0786824 0.0968433 -0.0678661 -0.0997963 0.0231696 -0.0879447 -0.09784 0.0737391 -0.0540208 -0.0566244 0.066204 0.0524278 0.0724184 0.0657973 -0.0312857 -0.0838971 -0.0698304 -0.0775194 0.0959221 -0.0263135 -0.0600958 0.0646793 0.0175269 -0.0452594 0.0285302 0.0220898 0.0945836 -0.0476639 0.0745078 0.0855218 -0.0622635 -0.0583312 0.0913586 0.0145543 0.0827152 0.0759319 -0.00832212 
-0.0612672 -0.000689775 -0.0135149 -0.0196361 0.0728552 0.021451 0.0764353 0.0683213 -0.0452198 -0.0195382 -0.00267892 0.0507757 0.0352075 0.0704428 -0.0343599 -0.0649063 0.0759705 -0.0248032 0.0431505 -0.0613838 0.0775917 0.0509227 0.00293378 0.0156336 -0.0655892 0.0958408 -0.0753164 0.0833178 -0.0246306 0.0839282 0.0187981 -0.0546195 -0.0582579 0.0725939 0.0526029 -0.0578383 0.00132282 0.074749 0 -0.00418375 -0.0508604 -0.0122213 -0.0677594 0.00167255 0.0508282 0.0274974 0.0135022 0.00214427 0.0372096 -0.014828 -0.00940131 0.0499656 0.0477504 0.00270836 -0.0295672 -0.0836011 0.0318839 0.0516629 -0.0428869 -0.0476561 -0.0906545 -0.0172284 -0.0490371 -0.0761987 0.0676939 0.0510074 -0.0175933 -0.0752129 0.0997881 -0.056601 0.00721828 -0.0737763 -0.000886235 0.044148 -0.00810603 -0.029084 
-0.0990122 -0.0449357 -0.0402463 0.0110065 0.0326356 0.088968 -0.0868178 -0.0567624 0.0645991 0.0984487 -0.0690944 -0.0456948 0.0899037 -0.0404789 -0.0327821 0.0603734 -0.0686794 -0.0964878 -0.00888036 0.000577762 -0.0195194 -0.00972629 0.0888827 0.0210064 -0.079399 -0.0697762 -0.0108613 0.0365569 0.025728 -0.0460872 -0.0560787 -0.0456139 -0.0657979 0.0135698 -0.07985 -0.0241162 0.0673513 -0.0786824 0.00418375 0 0.0994732 -0.0446839 -0.0116262 0.0323735 0.0352696 -0.0591173 0.0789734 -0.0915134 -0.0677851 0.0892724 -0.0833699 -0.0189082 0.0926479 -0.0713519 -0.0847146 0.0997009 -0.0116513 0.0352309 0.00539009 0.0975748 0.0254646 -0.0262358 -0.087711 0.032159 -0.0177453 0.0628764 0.0292201 0.0742827 0.0341891 0.0536632 0.060057 -0.0491962 -0.0256746 0.0196514 0.0879878 -0.0899105 
0.0310716 0.0759303 0.0288855 0.0423908 0.0823738 -0.0809845 -0.0281249 0.0750586 -0.0943125 -0.0206087 -0.0926703 0.0990141 0.0174112 -0.0788397 0.098661 0.0770578 0.0460739 -0.0707075 0.0428335 0.0443248 -0.0918622 0.073281 0.0781334 0.0130115 -0.0141608 -0.0691116 0.0135052 -0.00623387 0.0712798 -0.0353968 0.0655905 -0.0564876 0.0700821 0.0178572 0.0782337 0.000717727 -0.00417821 -0.0968433 0.0508604 -0.0994732 0 0.0211123 -0.0132528 -0.0242318 0.091928 -0.0558078 0.0766772 0.0295952 0.00538916 0.0979858 -0.0478251 0.0543461 0.0383136 -0.0111528 -0.0144297 0.012155 -0.0274655 -0.0529684 -0.064322 -0.0838092 -0.0295748 -0.089599 -0.065991 0.0814753 0.0615546 -0.0759148 -0.0607567 0.038056 0.000424258 0.0716905 0.0746859 0.0598877 0.0930203 -0.0531341 -0.074003 0.0851353 
0.0527463 -0.017244 -0.0942639 0.0604619 -0.0961321 0.0839371 0.0828253 -0.0311422 -0.0726404 -0.0458075 0.0637373 -0.0739963 0.0972501 0.0569823 0.0829227 -0.0578659 -0.060294 -0.00806148 0.080671 -0.0742342 -0.0192216 -0.0977711 0.0541958 -0.0359522 0.0143444 0.0816032 0.0131773 -0.0104704 0.0320403 -0.0868877 0.0255501 0.0875201 -0.0184134 0.0841902 0.0662499 -0.027369 -0.0239137 0.0678661 0.0122213 0.0446839 -0.0211123 0 0.0962915 -0.0798362 -0.0143144 0.0203212 0.0537301 0.0785438 0.0731668 0.00931244 -0.046024 -0.016932 -0.0413699 0.0554294 -0.0858406 -0.0360423 -0.0347915 0.0325293 0.0318531 -0.09036 -0.0807507 0.0602573 -0.0306044 -0.0687919 0.000463162 0.0620262 0.0171168 0.082177 -0.0682097 -0.0507842 -0.00539129 -0.0426104 0.0318084 -0.0108976 0.0100343 0.0129931 
0.00146037 0.0296338 0.0246178 -0.0469796 -0.0462569 0.00704772 -0.00294396 -0.0825048 0.0811797 -0.0782852 -0.0337654 0.0669859 -0.0991179 0.0387854 0.073858 -0.00669239 -0.0368632 -0.00388647 -0.0223757 0.0629255 0.0945298 0.0234991 0.0678951 -0.0044325 0.0509289 0.0515682 -0.0834853 -0.0749402 0.00261135 -0.0192679 -0.0283508 0.0833933 -0.0100376 -0.0673726 -0.0511359 -0.0865186 0.0843651 0.0997963 0.0677594 0.0116262 0.0132528 -0.0962915 0 0.0522565 0.0768205 0.0431548 0.0942433 0.00701926 -0.0725543 0.0431546 -0.0783723 0.0491445 -0.0936855 0.0176847 0.0713756 -0.0267611 -0.0723508 -0.00365433 -0.0308523 -0.0502016 -0.0867669 -0.0829445 -0.0799928 -0.0968764 0.0606835 0.0286151 -0.0850799 -0.0779971 0.0446264 -0.040779 -0.0142974 0.0480673 0.030153 0.0427503 -0.0390425 -0.0630335 
-0.0767228 0.0579225 -0.0860651 0.0799457 -0.0246444 -0.0795198 -0.0230734 0.0953767 0.0528489 0.0922178 -0.0615127 -0.0027281 -0.0417592 0.0037511 -0.0597765 -0.0855077 0.0614212 0.0488303 0.0696832 -0.059933 -0.00579849 -0.0689522 0.0624621 0.0868332 0.0928172 0.044088 0.0298549 -0.099514 -0.0277832 -0.0317013 0.0444039 0.0172539 -0.000374572 0.00197459 0.0595358 0.0376435 -0.0157272 -0.0231696 -0.00167255 -0.0323735 0.0242318 0.0798362 -0.0522565 0 0.0272716 -0.037811 -0.0731097 0.0592717 -0.0953712 0.0209154 0.00127273 -0.0268117 -0.039352 0.00411672 0.0471036 -0.0494863 -0.0743989 0.0314039 -0.0187765 0.0582295 -0.0680652 0.0479614 0.0879608 -0.0744878 -0.0555805 0.0137489 -0.0587228 -0.049217 -0.0551015 -0.013791 -0.0434729 0.0535645 -0.0507457 -0.0490193 -0.00305859 -0.048938 
0.000939783 0.0600295 -0.0491435 0.00134112 0.0268556 -0.0911708 0.0150763 0.0863435 -0.0768507 -0.0707755 0.0984699 0.0852603 -0.0789977 -0.0898244 -0.0850108 0.0128835 -0.0300082 0.0308976 -0.0730852 -0.0206468 0.0620188 -0.037299 -0.0806419 0.0753941 0.0261283 -0.0483568 0.0637093 0.0326971 -0.0253919 -0.0213041 -0.0463254 -0.0523795 0.0376304 -0.0262267 0.00357152 -0.0181836 -0.0204186 0.0879447 -0.0508282 -0.0352696 -0.091928 0.0143144 -0.0768205 -0.0272716 0 0.0103621 0.0596737 -0.0617637 -0.0229613 0.0101765 -0.0550354 0.0254962 0.00625584 -0.0171149 -0.0135952 -0.0734088 -0.0257985 -0.0768694 0.0689299 -0.0568253 0.0232355 -0.0457648 -0.0541489 -0.040651 0.00332551 -0.0868529 -0.0851222 -0.0864073 -0.0598244 0.00690945 -0.0406068 0.0843312 0.0717473 0.0805097 -0.02537 0.0429323 
-0.0704525 0.00448065 -0.0198595 0.0292908 0.0605427 -0.092673 -0.0412998 -0.0722847 0.0865914 0.030757 0.0745795 -0.00382612 0.012675 -0.0225605 -0.0544689 0.049351 -0.0648699 0.0189453 0.0391896 -0.0604351 -0.0568666 -0.0327786 0.0387805 -0.0618924 -0.0225699 0.0856434 0.0253224 0.00838713 0.0728221 -0.0385992 -0.0630416 -0.00780763 -0.0428804 0.0244589 -0.0263096 0.098546 -0.0138445 0.09784 -0.0274974 0.0591173 0.0558078 -0.0203212 -0.0431548 0.037811 -0.0103621 0 0.0199469 0.0167498 0.0386885 -0.0424753 -0.00165616 0.0560683 0.0597026 -0.0174875 0.023995 -0.00180343 0.0348838 -0.0121689 0.0351067 -0.028714 -0.0245511 0.0656559 0.0681343 0.0994627 -0.0728809 0.0904683 0.0585179 -0.0876782 -0.0495147 -0.078364 0.0154671 0.064427 -0.0837127 0.032729 -0.0725528 -0.0695615 
0.0908318 -0.0672264 -0.0722344 0.0616547 0.0807446 -0.035671 0.0905877 -0.0497336 -0.0315181 -0.0724638 -0.0768601 -0.0401447 0.0463959 -0.0150122 0.078278 -0.00692144 0.0432723 0.0769119 0.010171 -0.0198654 -0.01467 0.019704 0.0800524 -0.0807075 -0.0571642 0.0913335 -0.0185355 0.0626683 0.00207397 -0.0440973 0.0135973 -0.0877591 -0.0997921 0.0409532 0.081135 -0.0530803 -0.081355 -0.0737391 -0.0135022 -0.0789734 -0.0766772 -0.0537301 -0.0942433 0.0731097 -0.0596737 -0.0199469 0 0.0229591 0.010771 0.0912096 -0.0533619 -0.00365618 0.0220989 0.0331745 -0.0337614 -0.0515709 -0.0696429 0.0108441 0.0951194 0.0630394 0.0343762 -0.0870642 0.0817512 -0.0921975 0.0672981 -0.0399165 0.0632411 0.052962 -0.0661896 -0.0793896 0.0215097 0.0761557 -0.0025958 -0.0453635 -0.070622 0.0982223 
-0.0755514 0.0796208 -0.0608729 0.0728449 0.0179856 0.0390423 0.0838147 0.035391 0.0686717 0.0780077 0.0753032 0.0820198 0.0587912 0.0450675 0.0388642 -0.0940385 0.0898611 -0.037262 0.0313808 0.0338789 -0.0684268 -0.0215189 0.0189733 0.0161094 -0.0991564 0.0796621 -0.0322514 0.030576 -0.014986 -0.0758201 0.0995344 0.0281018 0.0676556 0.0888119 0.00729038 -0.0809922 -0.0293865 0.0540208 -0.00214427 0.0915134 -0.0295952 -0.0785438 -0.00701926 -0.0592717 0.0617637 -0.0167498 -0.0229591 0 -0.0361146 0.0840648 -0.0473133 0.0412462 0.0415948 0.0710555 0.0743828 -0.0247495 -0.0459566 0.0247219 -0.0113893 -0.0556221 0.0845892 -0.0171978 0.0164375 -0.0140283 -0.0912872 0.000925524 0.0597819 0.0562 -0.0158968 -0.00179636 -0.0173798 -0.0510273 -0.0559917 -0.0278365 0.0731712 0.0535769 
-0.0190011 -0.0799766 -0.0217924 -0.0485175 -0.0359251 -0.0857711 0.0987091 -0.0200081 0.0948257 0.0955208 0.00616169 -0.0986706 0.0846228 0.0519095 0.0239749 0.0507289 0.0681096 0.0107718 0.0491777 -0.0340068 -0.020737 -0.0254855 -0.0554354 -0.0291941 -0.0233897 0.0481236 0.0438873 0.0541242 0.0649733 0.0754293 0.0402472 0.0878777 -0.0564118 0.0143627 -0.082134 0.0396117 -0.075996 0.0566244 -0.0372096 0.0677851 -0.00538916 -0.0731668 0.0725543 0.0953712 0.0229613 -0.0386885 -0.010771 0.0361146 0 0.0874552 -0.0502533 0.0637411 -0.0839987 0.0856288 -0.0445102 -0.0885117 0.0391549 0.0980527 0.0075163 -0.0702568 -0.0524528 0.0910444 0.00638895 -0.0845054 0.0369378 -0.0101312 0.0070753 0.0646706 0.0870063 0.00762357 -0.00525412 -0.0882985 -0.0823425 0.0787894 -0.0340448 -0.030157 
0.0214905 0.0486682 0.0350611 -0.0475429 0.0706728 -0.0732739 0.0970973 -0.0866121 -0.0307206 0.0600839 -0.0690689 0.0649742 -0.0156708 0.0848358 0.0159863 -0.0792588 -0.0915579 -0.0941104 0.0196338 -0.0910218 -0.0827949 -0.0106363 -0.00481699 0.0456318 0.000867831 0.019428 -0.0220416 -0.0105229 -0.0149672 -0.0297816 -0.0989247 0.0951186 0.0791837 -0.0767954 0.0826646 -0.0403071 -0.0199306 -0.066204 0.014828 -0.0892724 -0.0979858 -0.00931244 -0.0431546 -0.0209154 -0.0101765 0.0424753 -0.0912096 -0.0840648 -0.0874552 0 0.0593397 0.0163049 0.034177 -0.0980777 -0.011557 0.0982082 0.00412668 0.0164284 -0.041484 -0.0960937 0.016572 -0.0777363 -0.0395266 -0.033041 0.0996289 0.0803023 0.0489855 0.0622405 -0.0189033 0.0758 0.0931568 0.0192301 0.0456448 -0.0739393 0.0396658 -0.0198318 
-0.0884286 0.010927 0.00751992 -0.0922618 0.094893 0.0120189 0.0213948 0.0120465 0.0273106 0.0112297 -0.0194689 0.0511954 0.00306857 0.0516749 0.0382997 0.0811232 0.0402538 0.0428754 -0.0775115 -0.0201585 0.0120616 -0.0880113 0.0307622 -0.0125158 -0.0819534 -0.0305942 0.00810845 0.017035 -0.024909 -0.08635 0.0721757 -0.0785651 0.049539 -0.0512491 -0.0440327 -0.0686683 0.0844921 -0.0524278 0.00940131 0.0833699 0.0478251 0.046024 0.0783723 -0.00127273 0.0550354 0.00165616 0.0533619 0.0473133 0.0502533 -0.0593397 0 -0.0332688 -0.0293948 -0.0653563 0.0307724 0.0390739 0.0667502 -0.0998732 -0.0435751 -0.0788069 -0.0857164 0.0374847 -0.0557296 -0.0979566 0.0842325 0.0952926 -0.0416053 0.00735647 0.0256363 0.0190015 -0.0262595 -0.0460328 0.010947 -0.035181 0.0522237 0.0232264 
0.0172023 -0.0391361 0.075379 0.06459 -0.032985 -0.00814188 0.0592445 -0.068992 -0.0331308 0.0696359 -0.082447 -0.0890131 -0.0881387 0.0319013 0.0876215 -0.0868941 0.0793789 -0.00683044 -0.0602408 0.0794499 0.083904 0.0414626 -0.00753641 -0.0542627 0.0716468 -0.0427865 -0.0116319 -0.0865533 -0.0588191 0.0568733 0.0980929 -0.0464717 0.0941121 0.0842413 -0.0588802 0.055611 -0.00306355 -0.0724184 -0.0499656 0.0189082 -0.0543461 0.016932 -0.0491445 0.0268117 -0.0254962 -0.0560683 0.00365618 -0.0412462 -0.0637411 -0.0163049 0.0332688 0 -0.0814039 -0.0849246 0.0831724 0.0190415 0.0367957 -0.0974273 -0.0955753 -0.00310198 -0.051198 -0.0950877 -0.0969343 -0.00654372 -0.0590568 -0.0759169 0.0803446 -0.00691989 -0.0273311 0.0258187 0.0216754 -0.0202694 -0.0365871 0.0363302 0.0850238 -0.0517516 
0.0289179 0.0323276 0.0723593 -0.0428534 0.0337724 -0.0165017 0.0707451 -0.0699908 -0.0105328 0.0792206 -0.00615355 0.0665767 -0.08098 0.0391057 0.0797818 0.027685 -0.0263894 0.0188301 -0.0242882 -0.00668291 -0.0590345 -0.0934737 -0.078638 -0.0761566 -0.0428992 -0.0113512 0.0466246 0.0621663 -0.0258012 -0.0937565 -0.0213809 0.037837 -0.0740199 -0.0308675 0.0512062 -0.0313881 -0.0332736 -0.0657973 -0.0477504 -0.0926479 -0.0383136 0.0413699 0.0936855 0.039352 -0.00625584 -0.0597026 -0.0220989 -0.0415948 0.0839987 -0.034177 0.0293948 0.0814039 0 -0.0347099 0.0558126 -0.0311311 -0.0962149 -0.0694031 -0.0947703 -0.0129177 0.0321057 -0.0677581 0.084712 -0.0634182 -0.0851247 -0.0290984 -0.00246242 -0.0317347 0.0330986 0.0726551 0.0170401 0.0262964 0.0840661 -0.0574342 -0.0304245 0.0693991 
-0.0462369 0.0134661 -0.0766175 -0.0628843 0.0542773 0.070057 -0.00647313 -0.0153992 -0.0468038 -0.0119764 0.0481457 0.0181515 -0.0781442 0.0847828 0.0452773 0.010998 0.0604316 -0.0696741 0.00510755 0.0105131 -0.0503781 -0.0434897 0.0987717 -0.031301 -0.057673 0.0652889 -0.0731 0.00581941 0.0590371 0.0259307 0.0997754 -0.038664 0.0345402 0.0958621 0.0498519 -0.0208322 0.0571721 0.0312857 -0.00270836 0.0713519 0.0111528 -0.0554294 -0.0176847 -0.00411672 0.0171149 0.0174875 -0.0331745 -0.0710555 -0.0856288 0.0980777 0.0653563 0.0849246 0.0347099 0 0.0501482 0.0394581 -0.0942865 -0.0879502 -0.0544293 -0.0793451 -0.0252109 0.0425862 0.0223312 -0.000747088 -0.0737952 -0.0635772 -0.0970944 -0.0720398 -0.0704196 0.0946625 -0.0494445 0.0510792 -0.0586765 0.0342383 0.0764724 -0.0819124 
-0.0254551 0.0644855 -0.0601233 -0.00560376 0.0476551 -0.031682 0.0371922 -0.0604382 0.0338253 -0.0176741 0.0443955 0.0590004 0.062012 -0.039636 -0.0406299 -0.083849 0.0896809 -0.098531 -0.0830929 0.00800069 -0.0701852 0.0344319 0.0168202 -0.0993705 0.0445513 0.0454445 -0.0981024 0.0966641 -0.054414 -0.0693317 0.0196046 -0.0799876 -0.0975847 0.0281449 0.0864014 0.0434286 0.0399372 0.0838971 0.0295672 0.0847146 0.0144297 0.0858406 -0.0713756 -0.0471036 0.0135952 -0.023995 0.0337614 -0.0743828 0.0445102 0.011557 -0.0307724 -0.0831724 -0.0558126 -0.0501482 0 0.0152499 -0.00493295 0.0778072 0.0376075 0.00865379 -0.05924 0.0989444 -0.0613676 -0.098548 0.0618522 -0.0740131 -0.00602465 -0.0245722 0.0707295 -0.025431 0.0226515 0.0127182 -0.033793 0.0953098 -0.0880244 0.0533059 
-0.00274645 0.033469 -0.0755283 -0.0972226 0.0682493 -0.0149407 -0.00820471 -0.00299199 0.0743379 0.0836055 -0.0436796 -0.0401096 -0.0815569 -0.0690801 0.0635651 0.0505527 0.0392507 -0.0981493 -0.0221424 -0.00262766 -0.012906 -0.00385222 0.00115437 0.0788214 -0.0693041 0.0622569 -0.0438624 -0.0927403 0.00752812 -0.0703472 -0.0790191 -0.0551158 -0.0221751 -0.00422211 0.0290496 0.04453 0.0495829 0.0698304 0.0836011 -0.0997009 -0.012155 0.0360423 0.0267611 0.0494863 0.0734088 0.00180343 0.0515709 0.0247495 0.0885117 -0.0982082 -0.0390739 -0.0190415 0.0311311 -0.0394581 -0.0152499 0 -0.0727159 0.0670489 0.0610965 0.0327711 0.0873126 0.044968 0.0591124 -0.0643791 0.0688999 0.0203788 0.023737 -0.0125035 -0.0876558 -0.0603416 0.0368996 0.079566 0.0271809 -0.041247 -0.0170609 0.0552587 
0.0582748 0.0399876 -0.0136482 -0.0757817 0.0294844 0.0620903 -0.0257689 -0.0762711 -0.0638335 -0.017059 0.0204592 0.0967285 0.0262671 -0.0518646 -0.0987372 -0.0176445 0.0404872 0.0849304 0.0884099 0.0187509 0.0355316 -0.0604847 -0.00503148 0.0110713 -0.0759102 -0.0831087 0.0371537 0.0603893 -0.0445436 0.0464502 0.0795848 -0.0138337 0.032217 -0.0223113 0.0575032 0.0271998 0.0370988 0.0775194 -0.0318839 0.0116513 0.0274655 0.0347915 0.0723508 0.0743989 0.0257985 -0.0348838 0.0696429 0.0459566 -0.0391549 -0.00412668 -0.0667502 -0.0367957 0.0962149 0.0942865 0.00493295 0.0727159 0 -0.0787078 0.0460938 -0.0686807 0.0423532 -0.0192949 0.0849642 -0.0701912 -0.0887638 0.0692473 -0.0820226 0.00452099 -0.095473 -0.00207554 0.0634554 0.0148766 -0.0391676 0.0379305 -0.0537892 -0.0977676 
0.058981 0.0252492 -0.0752727 0.0636115 0.0648344 0.0920636 0.0937335 -0.0662128 -0.0716868 -0.0857492 -0.0432539 -0.0150906 0.0924354 -0.0127835 -0.0229947 -0.0288078 -0.0149748 -0.0320716 -0.0196434 -0.0198281 -0.0363169 0.0409696 -0.0379914 -0.0918356 0.094875 0.0535808 -0.0574321 -0.0964204 -0.0253548 -0.0714637 0.0428788 0.0308004 0.0916809 0.0319784 0.0168575 0.0366623 -0.0680092 -0.0959221 -0.0516629 -0.0352309 0.0529684 -0.0325293 0.00365433 -0.0314039 0.0768694 0.0121689 -0.0108441 -0.0247219 -0.0980527 -0.0164284 0.0998732 0.0974273 0.0694031 0.0879502 -0.0778072 -0.0670489 0.0787078 0 -0.0270154 -0.0759146 -0.0520271 -0.0244917 0.0518813 0.0286557 -0.0558842 0.0892442 0.0865256 -0.0760736 -0.0503801 -0.0751732 0.0375611 -0.0553002 -0.0609686 -0.0234933 -0.057445 0.099092 
0.0070539 0.0626926 -0.0764635 -0.0663758 -0.0157616 0.0612182 0.0200986 0.035419 0.0242326 -0.0144483 0.066567 -0.0326758 -0.0934807 -0.0981462 -0.032859 -0.0240342 0.0513984 0.0947352 -0.0137861 -0.0924814 -0.0142253 -0.000915615 0.0232302 -0.0306854 -0.0772559 0.0353927 -0.0659959 -0.0921444 0.0961476 0.0147434 0.0237556 0.0619786 -0.0125733 0.0539352 -0.0100696 0.003523 -0.0104923 0.0263135 0.0428869 -0.00539009 0.064322 -0.0318531 0.0308523 0.0187765 -0.0689299 -0.0351067 -0.0951194 0.0113893 -0.0075163 0.041484 0.0435751 0.0955753 0.0947703 0.0544293 -0.0376075 -0.0610965 -0.0460938 0.0270154 0 0.0240408 -0.0656793 0.095776 0.0476773 -0.0431635 -0.0206633 -0.0883736 0.0124292 0.0872869 0.0183256 0.0498452 0.0508475 -0.0127203 0.0348272 0.0139977 0.00210378 -0.0913021 
-0.0792246 -0.0384436 0.0516311 -0.00446078 -0.0941864 -0.0381979 -0.00697663 0.0411593 0.0911268 0.0675971 -0.0748025 -0.00666663 0.0492398 0.0352374 0.0689692 -0.00543777 -0.0476312 -0.0595001 -0.0747939 -0.0801714 0.0114505 0.00240314 -0.0625511 -0.0456575 0.0928762 0.0897933 0.0744628 -0.0526092 0.0572733 0.034495 0.0444394 0.0851996 -0.000197653 0.0709812 -0.0336866 -0.0600117 -0.0868996 0.0600958 0.0476561 -0.0975748 0.0838092 0.09036 0.0502016 -0.0582295 0.0568253 0.028714 -0.0630394 0.0556221 0.0702568 0.0960937 0.0788069 0.00310198 0.0129177 0.0793451 -0.00865379 -0.0327711 0.0686807 0.0759146 -0.0240408 0 0.0647171 0.000744148 -0.0212419 -0.0418698 0.00302535 0.0409355 0.0889614 -0.0729094 0.0168371 0.0231366 0.0974275 0.0991621 0.0954369 -0.0501163 0.0263026 -0.0198394 
0.0579783 -0.0246145 0.0467237 -0.0868403 -0.032036 -0.0199346 -0.0835018 -0.0082122 -0.0916197 0.014833 -0.0235002 0.0677222 0.00141542 -0.0443149 0.0889804 0.0662708 -0.0853985 0.0661279 0.0605011 -0.0649916 0.0433086 -0.0878351 0.0879929 -0.0120066 -0.0592624 -0.0757333 -0.0988245 0.0232439 -0.0319315 -0.0222802 0.0088751 0.0228539 0.0739258 -0.0244707 0.0654921 0.0591073 -0.0883965 -0.0646793 0.0906545 -0.0254646 0.0295748 0.0807507 0.0867669 0.0680652 -0.0232355 0.0245511 -0.0343762 -0.0845892 0.0524528 -0.016572 0.0857164 0.051198 -0.0321057 0.0252109 0.05924 -0.0873126 -0.0423532 0.0520271 0.0656793 -0.0647171 0 -0.0158421 0.017083 0.0821479 -0.00132869 0.0850541 -0.0905971 0.0791717 0.08271 -0.0435068 -0.0122108 -0.0156823 0.0854637 -0.0358788 -0.0295517 0.0675135 
-0.0357212 -0.0810716 0.00878657 -0.0600258 0.0853506 -0.0305098 -0.00513765 -0.018823 -0.068248 0.0868949 -0.0205069 0.00200203 -0.0342979 0.0886826 -0.0169541 -0.0533511 -0.0147423 -0.018797 0.0983771 -0.097445 -0.0540407 -0.0271758 0.0740874 0.0606696 0.0207588 0.0236377 -0.0523164 0.0178366 -0.0878435 -0.0790063 0.0124243 0.0177035 -0.0620146 0.0694216 -0.047005 -0.0194828 0.0141244 -0.0175269 0.0172284 0.0262358 0.089599 -0.0602573 0.0829445 -0.0479614 0.0457648 -0.0656559 0.0870642 0.0171978 -0.0910444 0.0777363 -0.0374847 0.0950877 0.0677581 -0.0425862 -0.0989444 -0.044968 0.0192949 0.0244917 -0.095776 -0.000744148 0.0158421 0 -0.0845548 0.0273272 0.0539402 -0.000762994 -0.0615822 -0.0435964 0.0481005 -0.0473401 0.0560217 0.0600164 -0.00491333 -0.0391998 -0.0513139 0.0260037 
0.0167907 0.0540584 -0.0899726 0.0975361 0.00129499 -0.0450178 -0.0563424 0.0253936 0.0162273 0.0324254 -0.0573208 -0.0619013 0.0258047 0.0454929 -0.0143348 0.0885119 0.0621159 -0.0235172 -0.0728404 -0.0474081 -0.0105528 -0.061744 -0.0662692 -0.0767934 0.0150125 -0.00138856 0.0563408 -0.0112148 0.03543 0.00526298 -0.0303149 -0.0366823 -0.0449947 -0.00985452 0.096563 0.0727877 -0.0856737 0.0452594 0.0490371 0.087711 0.065991 0.0306044 0.0799928 -0.0879608 0.0541489 -0.0681343 -0.0817512 -0.0164375 -0.00638895 0.0395266 0.0557296 0.0969343 -0.084712 -0.0223312 0.0613676 -0.0591124 -0.0849642 -0.0518813 -0.0476773 0.0212419 -0.017083 0.0845548 0 -0.0735808 0.0474705 -0.0526808 -0.0106837 0.00449575 0.0119705 -0.0163722 0.0703659 0.0349906 -0.0981989 -0.0776443 -0.0330496 -0.0139731 
0.0310062 -0.0621575 0.0584374 -0.0728615 -0.0892216 -0.0585805 -0.0145284 0.081763 -0.0940091 -0.0924486 0.031899 -0.0942531 -0.0959984 -0.00414322 -0.0764092 -0.0362 -0.0193159 -0.0169125 -0.00989097 0.0188197 0.00451071 0.00872702 -0.00370189 0.00349835 -0.0961697 -0.0653379 -0.0353999 0.0887293 -0.0825169 -0.0167012 -0.0688574 0.0899141 -0.0714681 -0.0450421 -0.00763679 -0.025948 -0.0828009 -0.0285302 0.0761987 -0.032159 -0.0814753 0.0687919 0.0968764 0.0744878 0.040651 -0.0994627 0.0921975 0.0140283 0.0845054 0.033041 0.0979566 0.00654372 0.0634182 0.000747088 0.098548 0.0643791 0.0701912 -0.0286557 0.0431635 0.0418698 -0.0821479 -0.0273272 0.0735808 0 0.0481968 0.0491111 -0.0526337 -0.0140141 -0.0760454 -0.0231198 0.00935124 -0.000679309 0.0615662 0.0395118 0.0359568 0.0818592 
-0.0964752 0.0680828 -0.0737608 -0.0961858 0.0221114 -0.078579 0.0789008 0.0383413 -0.0580367 -0.0107133 0.019321 0.0699455 0.0764323 0.0085091 0.0810886 0.020502 -0.0276134 0.0889317 0.0638857 0.0193755 0.0898196 0.0462806 0.0260238 -0.0730896 -0.0319454 -0.0118543 0.0675757 -0.0496675 0.00129803 -0.0362859 0.00412829 0.0358631 0.041105 0.0081192 -0.0692047 0.0237405 -0.0203194 -0.0220898 -0.0676939 0.0177453 -0.0615546 -0.000463162 -0.0606835 0.0555805 -0.00332551 0.0728809 -0.0672981 0.0912872 -0.0369378 -0.0996289 -0.0842325 0.0590568 0.0851247 0.0737952 -0.0618522 -0.0688999 0.0887638 0.0558842 0.0206633 -0.00302535 0.00132869 -0.0539402 -0.0474705 -0.0481968 0 -0.0450239 -0.0946168 0.0799049 0.0646174 -0.00307855 0.0769884 0.0913512 -0.0496331 -0.0984594 -0.0104963 -0.0696246 
0.0508544 0.0491081 0.0682351 -0.0733445 -0.0663752 -0.0738461 0.0145893 0.00382453 0.0732198 -0.0870678 0.0196834 0.0289532 0.0433636 0.0887277 0.0364017 0.0847154 0.0189354 -0.0442713 -0.0349734 0.0442678 0.0957074 -0.0686897 0.0222746 -0.0236148 0.0882141 -0.0951929 0.0267414 0.0119167 0.0341305 0.0994179 0.0713936 0.056945 0.0226288 -0.0374339 0.0543366 -0.0904411 0.0796473 -0.0945836 -0.0510074 -0.0628764 0.0759148 -0.0620262 -0.0286151 -0.0137489 0.0868529 -0.0904683 0.0399165 -0.000925524 0.0101312 -0.0803023 -0.0952926 0.0759169 0.0290984 0.0635772 0.0740131 -0.0203788 -0.0692473 -0.0892442 0.0883736 -0.0409355 -0.0850541 0.000762994 0.0526808 -0.0491111 0.0450239 0 0.0410619 0.0974399 -0.0401988 -0.0666867 0.00873169 -0.0547885 -0.00611761 0.0335803 0.0258139 0.0242787 
0.0109696 -0.00531399 -0.0574082 0.0688084 0.0442123 0.0922705 0.00717839 0.0644664 0.0635884 -0.00814226 -0.0440498 0.0338039 0.0468031 0.0812138 0.00668858 0.0218458 0.0369864 0.0421578 0.0688308 0.0312822 -0.0414456 0.0926961 0.0407912 -0.00848133 0.0644705 0.0350084 -0.0298056 -0.0474522 -0.0301704 -0.038828 0.0806074 -0.0400071 0.0377948 0.0987204 0.071371 -0.0392103 0.0138602 0.0476639 0.0175933 -0.0292201 0.0607567 -0.0171168 0.0850799 0.0587228 0.0851222 -0.0585179 -0.0632411 -0.0597819 -0.0070753 -0.0489855 0.0416053 -0.0803446 0.00246242 0.0970944 0.00602465 -0.023737 0.0820226 -0.0865256 -0.0124292 -0.0889614 0.0905971 0.0615822 0.0106837 0.0526337 0.0946168 -0.0410619 0 -0.0263214 0.0610549 -0.0298789 0.0231394 -0.0313459 0.00450111 0.00852364 0.0761679 -0.0280637 
-0.071738 0.0378043 -0.00426852 -0.000409765 -0.0761099 -0.00167749 -0.0427165 -0.0171585 0.0606065 -0.0440108 -0.0821308 -0.0161561 -0.0537396 -0.0220401 -0.0741113 -0.0298516 0.0510228 -0.0681071 -0.0163921 -0.0801205 0.0229128 0.0324656 0.0907096 -0.00769342 -0.0891359 -0.000974263 0.0943073 -0.00327954 -0.00952627 -0.0618144 0.00242988 0.0696105 0.0728457 0.0834602 0.083205 -0.0186954 -0.0350255 -0.0745078 0.0752129 -0.0742827 -0.038056 -0.082177 0.0779971 0.049217 0.0864073 0.0876782 -0.052962 -0.0562 -0.0646706 -0.0622405 -0.00735647 0.00691989 0.0317347 0.0720398 0.0245722 0.0125035 -0.00452099 0.0760736 -0.0872869 0.0729094 -0.0791717 0.0435964 -0.00449575 0.0140141 -0.0799049 -0.0974399 0.0263214 0 -0.0464793 -0.0522188 -0.0746451 -0.0661502 -0.0309286 -0.0285857 -0.0563838 0.02192 
-0.0885279 -0.0880332 0.0332051 -0.0145992 0.0369217 -0.00268836 0.054756 0.0407565 -0.0610608 -0.0742949 0.00882395 0.0387443 0.0908867 -0.0931187 0.0191317 0.0369582 -0.0777265 0.0865901 0.0489823 0.0167913 0.0297749 -0.0616732 -0.0803334 -0.0852801 0.0410878 0.078571 -0.0687705 -0.00486158 0.0293024 0.0861243 0.0782141 0.0756326 0.0271932 -0.0164025 0.0531332 0.0274836 -0.00440201 -0.0855218 -0.0997881 -0.0341891 -0.000424258 0.0682097 -0.0446264 0.0551015 0.0598244 0.0495147 0.0661896 0.0158968 -0.0870063 0.0189033 -0.0256363 0.0273311 -0.0330986 0.0704196 -0.0707295 0.0876558 0.095473 0.0503801 -0.0183256 -0.0168371 -0.08271 -0.0481005 -0.0119705 0.0760454 -0.0646174 0.0401988 -0.0610549 0.0464793 0 -0.0287323 0.085578 0.00758159 -0.0203078 0.0985024 0.0532494 0.0513855 
0.0282028 -0.0932155 -0.089014 -0.0627608 0.0223263 0.056266 -0.00367954 0.044634 0.0624339 -0.0690923 0.0601828 -0.062669 0.0562861 0.0025036 0.0800827 0.00533652 -0.0652181 -0.0583764 0.0391853 -0.00202259 0.0778467 -0.0244884 -0.0862515 0.0295979 -0.0162319 0.0314868 -0.0629786 0.00421339 0.0767521 0.0680056 -0.0628177 0.0255175 0.00954142 -0.0206414 -0.0855038 0.0342001 0.0955885 0.0622635 0.056601 -0.0536632 -0.0716905 0.0507842 0.040779 0.013791 -0.00690945 0.078364 0.0793896 0.00179636 -0.00762357 -0.0758 -0.0190015 -0.0258187 -0.0726551 -0.0946625 0.025431 0.0603416 0.00207554 0.0751732 -0.0498452 -0.0231366 0.0435068 0.0473401 0.0163722 0.0231198 0.00307855 0.0666867 0.0298789 0.0522188 0.0287323 0 0.0540305 0.0188634 0.0599942 -0.0317061 -0.0134954 0.0739763 
0.0424286 0.068386 0.0640935 -0.00265143 -0.00701766 0.0963285 -0.0252907 0.0711397 -0.0967533 0.0276159 0.00916084 -0.0688448 -0.0716652 -0.0729495 0.085909 0.0559524 -0.0177868 -0.0980923 -0.0189725 0.0463023 0.0697798 0.0990969 -0.027508 -0.0141149 0.0787027 -0.0151438 -0.0973523 -0.0201956 -0.0441639 -0.0384127 -0.0955568 0.0167064 0.0278329 -0.0584579 0.0231705 0.0808037 -0.0360316 0.0583312 -0.00721828 -0.060057 -0.0746859 0.00539129 0.0142974 0.0434729 0.0406068 -0.0154671 -0.0215097 0.0173798 0.00525412 -0.0931568 0.0262595 -0.0216754 -0.0170401 0.0494445 -0.0226515 -0.0368996 -0.0634554 -0.0375611 -0.0508475 -0.0974275 0.0122108 -0.0560217 -0.0703659 -0.00935124 -0.0769884 -0.00873169 -0.0231394 0.0746451 -0.085578 -0.0540305 0 0.0301559 0.0817662 -0.0492104 0.0614543 0.0536694 
0.0045489 0.00906061 -0.0691389 0.0784643 0.0887256 -0.0741105 -0.0755308 0.0732693 -0.0614645 -0.00870663 -0.0959291 -0.0108146 -0.0134137 0.0259195 -0.0659446 -0.027873 -0.0529491 0.0959625 -0.0303343 0.0932126 -0.058561 0.0417717 0.0786044 0.0540788 -0.00687932 -0.0757957 0.0190588 0.00746407 0.0782565 0.0159608 -0.083223 0.0271231 0.0578296 0.0466361 0.0317921 -0.0399513 -0.0873749 -0.0913586 0.0737763 0.0491962 -0.0598877 0.0426104 -0.0480673 -0.0535645 -0.0843312 -0.064427 -0.0761557 0.0510273 0.0882985 -0.0192301 0.0460328 0.0202694 -0.0262964 -0.0510792 -0.0127182 -0.079566 -0.0148766 0.0553002 0.0127203 -0.0991621 0.0156823 -0.0600164 -0.0349906 0.000679309 -0.0913512 0.0547885 0.0313459 0.0661502 -0.00758159 -0.0188634 -0.0301559 0 -0.0084012 -0.0252579 -0.0102365 0.0266865 
0.068942 -0.0707817 0.00896805 0.0363322 -0.0250991 0.0408567 -0.0894172 0.02192 0.0169975 0.0277789 -0.0174724 -0.0119329 -0.0746584 -0.0562234 -0.0937708 0.0665419 -0.0429049 0.079783 -0.0787793 0.0434814 0.0341563 -0.0750272 0.0849382 -0.012362 -0.0218498 -0.0445827 0.0212699 -0.0468846 -0.0736415 0.0339016 0.0213899 0.00673531 -0.0228939 -0.0223027 0.0985137 -0.0538767 0.0818381 -0.0145543 0.000886235 0.0256746 -0.0930203 -0.0318084 -0.030153 0.0507457 -0.0717473 0.0837127 0.0025958 0.0559917 0.0823425 -0.0456448 -0.010947 0.0365871 -0.0840661 0.0586765 0.033793 -0.0271809 0.0391676 0.0609686 -0.0348272 -0.0954369 -0.0854637 0.00491333 0.0981989 -0.0615662 0.0496331 0.00611761 -0.00450111 0.0309286 0.0203078 -0.0599942 -0.0817662 0.0084012 0 0.0645115 0.0951485 -0.00437236 
-0.00544398 -0.0154141 -0.0903862 -0.097701 -0.0865368 0.0870529 0.0507123 0.0751164 -0.0662019 -0.00436368 -0.0540233 0.0747553 0.00494452 0.0785511 0.0930341 -0.0454411 -0.0948641 -0.0879437 -0.0326133 -0.0286571 -9.19473e-05 0.0451056 0.0133753 -0.0933821 -0.0691176 0.0518421 0.0686692 0.0516878 0.0386029 0.00823664 0.0699501 -0.000788397 -0.0491414 0.0641222 0.0180411 0.0651032 -0.0602681 -0.0827152 -0.044148 -0.0196514 0.0531341 0.0108976 -0.0427503 0.0490193 -0.0805097 -0.032729 0.0453635 0.0278365 -0.0787894 0.0739393 0.035181 -0.0363302 0.0574342 -0.0342383 -0.0953098 0.041247 -0.0379305 0.0234933 -0.0139977 0.0501163 0.0358788 0.0391998 0.0776443 -0.0395118 0.0984594 -0.0335803 -0.00852364 0.0285857 -0.0985024 0.0317061 0.0492104 0.0252579 -0.0645115 0 -0.0609912 0.0488143 
-0.0752847 0.0227868 0.0124964 -0.0632449 -0.0787663 -0.0225245 0.0650201 -0.0891777 0.0246766 0.0266968 -0.00035379 0.0919456 0.0489537 -0.0281045 0.0471816 0.0993125 -0.0943485 -0.0449484 -0.0213515 -0.065302 -0.0219258 0.0124118 -0.0639851 0.0458042 0.0829629 -0.0487546 0.00768766 -0.0291021 -0.0756999 -0.0672858 -0.0235 -0.00494179 -0.0206256 0.0587285 0.0638469 0.0388088 -0.047015 -0.0759319 0.00810603 -0.0879878 0.074003 -0.0100343 0.0390425 0.00305859 0.02537 0.0725528 0.070622 -0.0731712 0.0340448 -0.0396658 -0.0522237 -0.0850238 0.0304245 -0.0764724 0.0880244 0.0170609 0.0537892 0.057445 -0.00210378 -0.0263026 0.0295517 0.0513139 0.0330496 -0.0359568 0.0104963 -0.0258139 -0.0761679 0.0563838 -0.0532494 0.0134954 -0.0614543 0.0102365 -0.0951485 0.0609912 0 0.0867252 
0.0781004 -0.000483067 0.058905 -0.0454933 -0.0639428 -0.0431821 0.0798516 -0.0565203 -0.0252511 0.00649666 0.0446743 0.075684 -0.0367018 0.00384092 0.0892317 0.00748207 -0.0291339 0.00518513 0.0352468 0.0425474 -0.0766533 0.0859109 0.0405844 0.0723153 0.00679718 -0.011323 -0.0215763 -0.00779866 0.0868295 -0.0764027 0.0923757 0.0486272 0.0912984 -0.0219706 0.0300361 0.0455537 -0.0282117 0.00832212 0.029084 0.0899105 -0.0851353 -0.0129931 0.0630335 0.048938 -0.0429323 0.0695615 -0.0982223 -0.0535769 0.030157 0.0198318 -0.0232264 0.0517516 -0.0693991 0.0819124 -0.0533059 -0.0552587 0.0977676 -0.099092 0.0913021 0.0198394 -0.0675135 -0.0260037 0.0139731 -0.0818592 0.0696246 -0.0242787 0.0280637 -0.02192 -0.0513855 -0.0739763 -0.0536694 -0.0266865 0.00437236 -0.0488143 -0.0867252 0 
