75

16000 4500

30 55 80

9

0 29950 43590 26260 43870 97700 11200 74620 64451 78560 15870 57850 25800 87330 41260 91260 83040 42880 13760 65250 64670 99300 98590 30810 92221 26500 60170 76190 25150 56420 26400 79190 87710 74160 88990 61031 38000 76980 75260 64841 95200 24360 89270 82590 26120 20470 71780 72261 11870 13570 20350 25430 42310 54990 16320 24030 96731 68000 95200 13070 23670 88450 59410 12450 55940 14130 64840 57560 94810 89180 81862 86600 10750 67942 71510 20890 
30190 0 13640 4200 69761 123591 30690 100511 90342 105404 13960 83741 49750 113221 13870 118104 108931 12930 29650 91141 36490 125191 125520 54770 118112 37570 86061 47640 46220 27390 24400 105081 113601 45160 114881 86922 63891 103910 53820 90732 123231 25990 60240 53560 42150 34920 97671 98654 37900 17150 31630 29570 68630 70762 43570 50571 122622 93891 121091 38020 50920 114341 46280 21910 30200 43420 35810 83451 120701 117211 107753 112491 34020 93823 97401 15570 
43960 13760 0 17970 81451 135281 44150 112201 102032 117094 27730 95431 63210 124911 18970 129794 120621 5690 41080 102831 30770 136881 137930 68230 129802 49570 97751 41920 59680 21670 36400 116771 125291 39440 126571 98612 75581 117370 48100 102422 134921 37990 54520 47840 55610 44420 109361 110344 51360 30920 41090 39030 82090 77610 57030 62261 134312 105581 132781 51480 64380 126031 41140 35680 25030 55920 30090 95141 132391 128901 119443 124181 47480 105513 109091 27570 
26530 4210 17850 0 66191 120021 27030 96941 86772 101834 10300 80171 46090 109651 17830 114534 105361 17140 25990 87571 40700 121621 121860 51110 114542 34050 82491 51850 42560 31600 21670 101511 110031 49370 111311 83352 60321 100250 58030 87162 117561 22470 64450 57770 38490 31260 94101 95084 34240 13490 28140 28090 64970 68251 39910 47001 119052 90321 117521 34360 47260 110771 50240 18250 34160 39760 40020 79881 117131 111501 104183 108921 30360 90263 93831 12050 
43890 69601 81021 66311 0 60290 52110 34510 27810 45500 57441 14820 53480 50190 81741 58200 42930 80311 45070 28110 103951 62160 74100 46940 57940 67410 23030 115101 57650 94851 69620 42050 50300 112621 48880 31850 8980 52490 116250 35660 52170 67580 128191 121021 62950 50860 34640 38350 47060 56630 51340 57330 37580 68170 40240 23950 60090 27890 58060 49920 32940 48340 100400 55670 98071 35200 103271 20420 57670 46150 52681 49460 50740 38751 28950 63950 
97480 123191 136671 119901 60290 0 105700 43650 44910 86930 111031 74270 112400 18490 137391 87200 48220 135961 98660 39230 159601 37720 118070 105860 59510 121000 40170 170751 114890 150501 123210 30150 10150 168271 40120 60130 66580 105230 176931 59990 62190 121170 184461 177781 119920 104450 41040 84740 101200 110220 104930 110920 96170 130860 93830 77550 54860 32310 24250 104410 90320 45090 160330 109260 153721 88790 158921 44430 13800 59530 77410 15960 104750 65460 81340 117540 
11290 30610 44250 26920 51960 105790 0 82710 72541 75820 16530 64880 19910 95420 37780 88520 91130 41030 24240 73340 54220 107390 95680 24930 100311 16050 68260 65740 16380 49810 22870 87280 95800 63710 97080 69121 46090 74070 64810 72931 98031 17060 79110 72430 15180 30950 79870 69521 7890 14100 30830 35220 38790 45351 13580 30260 104821 76090 103290 8010 20930 96540 48960 8920 46840 17320 58020 65650 102900 92011 89952 94690 4010 76022 70770 17550 
74470 100181 113661 96891 34700 43680 82690 0 36020 51140 88021 48680 86480 39770 114381 51410 14010 112951 75650 33700 136591 60670 82280 79940 66550 97990 29330 147741 90650 127491 100200 40950 34800 145261 19090 43760 40990 69440 150860 47570 31420 98160 160831 153661 95950 81440 39530 48950 78190 87210 81920 87910 70580 101170 70820 54540 67750 21070 52350 81400 65900 16930 135010 86250 130711 65780 135911 28810 45500 25060 64591 37120 81740 50661 45550 94530 
64071 89782 101202 86492 27980 45200 72291 36330 0 72590 77622 41960 79760 32290 101922 83062 46262 100492 65251 6780 124132 35610 100380 73220 30990 87591 8270 135282 81481 115032 89801 18940 35210 132802 49930 16070 34270 78770 141462 15840 63072 87761 148372 141202 86511 71041 8380 65440 67791 76811 71521 77511 63860 94450 60421 44141 32580 20150 34430 71001 56911 50980 125051 75851 118252 55381 123452 10010 38160 56722 33260 33610 71341 21310 56090 84131 
78810 105403 116823 102113 45900 87360 76140 51380 72870 0 91900 33370 64510 86410 113150 14020 41810 116113 80872 73170 117510 107220 38940 57970 103000 84050 68090 129030 68680 113100 98240 87110 81440 127000 49960 76910 54040 19960 126980 80720 34550 92450 142500 135720 73980 86662 79700 8890 69750 89470 87142 93132 44630 74390 66400 57430 105150 71030 100070 72610 55630 44060 112250 84290 110130 68460 121310 65480 92140 28530 97741 83760 73430 83821 19590 92920 
16230 14070 27710 10380 57071 110901 16730 87821 77652 91850 0 71051 35790 100531 26020 104550 96241 27000 17040 78451 49640 112501 111560 40810 105422 26870 73371 60790 32260 40540 17570 92391 100911 58310 102191 74232 51201 89950 66310 78042 108441 17320 73390 66710 28190 22310 84981 85551 23940 3190 20260 21010 54670 57951 29610 37881 109932 81201 108401 24060 36960 101651 58430 7950 42350 29460 48960 70761 108011 102381 95063 99801 20060 81143 84711 7540 
57900 83611 95031 80321 14850 74300 65140 48520 41820 33390 71451 0 62810 64200 95751 43690 44730 94321 59080 42120 115810 76170 65830 56270 71950 80440 37040 127330 66980 108861 83630 56060 64310 125300 52880 45860 22990 44220 126400 49670 37470 81450 140800 134020 72280 64870 48650 27190 58750 70640 65350 71340 45100 76240 54250 37960 74100 41900 72070 61610 44630 46980 110550 69680 108430 49210 117281 34430 71680 31450 66691 63470 62430 52761 14250 77960 
25770 49770 63410 46080 53540 112430 19930 86380 79680 64010 35690 62911 0 102060 56940 76710 94800 60190 38720 79980 54300 114030 77650 6900 108811 21080 74900 65820 5360 49890 39160 93920 102170 63790 100750 77621 52960 56040 64890 81431 89840 31950 79190 72510 11010 45430 86510 58180 14960 33260 45310 50390 20760 31060 20330 36950 111960 79760 109930 13490 24000 99350 49040 28080 46920 25760 58100 72290 109540 83820 98452 101330 17340 84522 64672 36710 
87390 113101 126581 109811 50580 18660 95610 39940 32280 86570 100941 64560 102360 0 127301 86840 46570 125871 88570 27770 149511 24800 117710 95820 44350 110910 28890 160661 104800 140411 113120 13890 9200 158181 41530 47850 56870 101370 166841 46780 62390 111080 173751 166581 109830 94360 25300 84380 91110 100130 94840 100830 86460 117050 83740 67460 41470 23090 14400 94320 80230 45460 150240 99170 143631 78700 148831 33950 8480 59170 62020 3730 94660 52250 78690 107450 
41100 13960 18960 17920 81691 135521 37540 112441 102272 112660 25980 95671 56600 125151 0 125360 120861 14020 41670 103071 24960 137121 129520 61620 130042 40340 97991 36110 53070 15720 23140 117011 125531 34080 126811 98852 75821 110760 40700 102662 135161 28840 49250 42570 48900 46940 109601 106361 44750 28000 43640 42720 75480 69200 50420 62501 134552 105821 133021 44870 57770 126271 32820 29090 16740 54160 24820 95381 132631 129141 119683 124421 40870 105763 107610 20960 
91640 118233 131773 114943 58450 87490 88970 51510 82870 14150 104730 43750 77340 86540 125980 0 41940 129600 93702 82370 131410 109790 35760 70800 113000 96880 77290 142930 81510 127000 111070 90070 81570 140900 50090 88790 66590 25210 132280 92600 32600 105280 156400 149620 86810 99492 88590 21720 82580 102300 99972 105962 56900 79640 79230 70260 115150 71160 100200 85440 68460 44190 120660 97120 124030 81290 135210 75480 92270 28660 109621 83890 86260 95691 30660 105750 
82860 108571 122051 105281 43090 48590 91080 14080 45790 41640 96411 44440 94870 46480 122771 41910 0 121341 84040 45340 144981 69730 72780 88330 75920 106380 40350 156131 99040 135881 108590 50010 41510 153651 12020 51710 49380 59940 161180 55520 21920 106550 169221 162051 104340 89830 51420 39450 86580 95600 90310 96300 76990 108620 79210 62930 77230 32960 60140 89790 74290 7010 143980 94640 139101 74170 144301 38400 52210 15560 72541 43830 90130 58611 36050 102920 
43000 12890 5680 17100 80581 134411 40560 111331 101162 116224 26770 94561 59620 124041 13840 128924 119751 0 40210 101961 26010 136011 133170 64640 128932 45980 96881 37160 56090 16910 32810 115901 124421 34680 125701 97742 74711 113780 43340 101552 134051 34400 49760 43080 52020 43550 108491 109381 47770 29960 40220 38160 78500 72850 53440 61391 133442 104711 131911 47890 60790 125161 36380 32110 20270 55050 25330 94271 131521 128031 118573 123311 43890 104653 108221 23980 
13950 29610 40910 25920 45330 99160 24340 76080 65911 80973 17090 59310 38940 88790 41560 93673 84500 40200 0 66710 64730 100760 105862 43950 93681 37590 61630 75880 38290 55630 33810 80650 89170 73400 90450 62491 39460 84252 81850 66301 96660 31900 88480 81800 38640 7040 73240 74223 25010 17680 7510 13280 49980 68130 25740 26250 98191 69460 96660 26210 34160 89910 70500 19830 57890 21300 64050 59020 96270 90640 83322 88060 23890 69392 72970 24110 
65030 90741 102161 87451 28220 39460 73250 33760 6710 72830 78581 42200 80000 27780 102881 82140 45371 101451 66210 0 125091 34820 100620 73460 35690 88550 5240 136241 82440 115991 90760 14930 29470 133761 47360 21930 34510 79010 142421 21480 62150 88720 149331 142161 87470 72000 7240 65680 68750 77770 72480 78470 64100 94690 61380 45100 35460 16510 31700 71960 57870 48410 127420 76810 119211 56340 124411 10220 33670 55790 38900 27870 72300 26950 56330 85090 
64610 36100 30450 40310 103641 157471 54000 134391 124222 116250 49230 115151 53880 147101 24730 129110 142811 25700 64400 125021 0 159071 112630 58990 151992 38760 119941 14040 51830 10210 40390 138961 147481 12010 148761 120802 97771 108130 18940 124612 142240 46090 27410 20730 43650 67740 131551 110420 61210 52330 64410 62350 72850 52310 66900 83570 156502 127771 154971 59890 74250 148221 13580 53040 9490 70640 8830 117331 154581 136220 141633 146371 57330 127703 116912 45290 
99331 125042 138522 121752 62530 38050 107551 61100 35760 107140 112882 76510 114310 25340 139242 110300 70030 137812 100511 34830 161452 0 134930 107770 26110 122851 39620 172602 116741 152352 125061 21790 33600 170122 65490 50340 68820 113320 178690 45840 85850 123021 185692 178522 121771 106301 29610 99990 103051 112071 106781 112771 98410 129000 95681 79401 18760 42100 14600 106261 92171 68920 162181 111111 155572 90641 160772 44530 24360 82630 54370 28100 106601 52190 90640 119391 
99120 126040 137770 122350 74250 118540 96200 82560 100390 38990 111960 65690 78120 117590 129240 35760 72990 133020 106392 100690 112630 134740 0 71580 130520 95710 95610 123380 82290 116800 110462 114630 112620 123170 81140 104430 80460 22280 112530 108240 65730 106580 142740 131890 87590 112182 107220 44300 89700 109530 112662 118652 57040 60720 86710 81820 132670 100470 130640 89760 75940 75240 101690 104350 113830 90250 120260 93000 123320 59710 125261 114940 93210 111331 56070 112980 
30700 54780 68420 51090 46960 105850 24940 79800 73100 57430 40700 56331 6860 95480 61950 70130 88220 65200 43650 73400 59620 107450 71070 0 102231 26400 68320 71140 11030 55210 44480 87340 95590 69110 94170 71041 46380 49460 70210 74851 83260 37270 84510 77830 16330 50360 79930 51600 19440 38270 50240 55320 14180 28490 20480 30370 105380 73180 103350 18500 17620 92770 54360 33090 52240 25720 63420 65710 102960 77240 91872 94750 22350 77952 58092 41720 
91541 117252 128672 113962 58190 60050 99761 66910 31080 102800 105092 72170 108051 44760 129392 113412 76612 127962 92721 35880 151602 26710 130590 101631 0 115061 38850 162752 108951 142502 117271 31090 51680 160272 77620 38310 64480 108980 163901 33350 93422 115231 175842 168672 113981 98511 29210 95650 95261 104281 98991 104981 94070 124660 87891 71611 8960 49460 38540 98471 84381 78680 148051 103321 145722 82851 150922 40360 46510 87062 31560 46180 98811 34390 86300 111601 
26740 37760 49870 34280 67410 121240 16130 98160 87991 83400 26670 80330 21180 110870 40550 96100 106580 46450 37350 88790 39060 122840 95730 26290 115761 0 83710 50580 19130 34650 18970 102730 111250 48550 112530 84571 61540 75430 49650 88381 109230 11760 63950 57270 10950 43460 95320 77570 23340 24240 43250 45820 40150 36711 29030 45700 120271 91540 118740 23460 36380 111990 33800 19060 31680 32770 42860 81100 118350 103210 105402 110140 19460 91482 84062 23210 
60000 85711 97131 82421 23190 40450 68220 29330 7910 67800 73551 37170 74970 28890 97851 77110 40341 96421 61180 5210 120061 39260 95590 68430 38440 83520 0 131211 77410 110961 85730 19150 30460 128731 42930 22500 29480 73980 137391 22700 57120 83690 144301 137131 82440 66970 11740 60650 63720 72740 67450 73440 59070 89660 56350 40070 39820 12110 35160 66930 52840 43980 122390 71780 114181 51310 119381 5190 35470 50760 40610 28980 67270 28170 51300 80060 
76450 47590 41940 51800 115131 168961 65840 145881 135712 128090 60720 126991 65720 158591 36220 140950 154301 37190 75890 136511 13800 170561 123380 70830 163482 50600 131431 0 63670 21700 52230 150451 158971 5920 160251 132292 109261 119040 11200 136102 154080 57930 16910 10810 55490 79230 143041 122260 73050 63820 75900 73840 84690 64690 78740 95410 167992 139261 166461 71730 86090 159711 25960 64880 21330 82480 14700 128821 166071 148060 153123 157861 69170 139203 128752 56780 
25330 46220 59860 42530 57770 115120 16380 90610 81871 68240 32140 67141 5460 104750 53390 80940 99030 56640 38280 82670 52230 116720 81880 11130 109641 19010 77590 63750 0 47820 37090 96610 105130 61720 104980 78451 55420 60270 62820 82261 94070 29880 77120 70440 8940 44990 89200 62410 14890 29710 44870 49950 24990 34770 21130 38250 114151 83990 112620 13050 25680 103580 46970 24530 44850 26560 56030 74980 112230 88050 99282 104020 14870 85352 68902 33160 
56140 26860 21210 31070 94401 148231 49880 125151 114982 112130 39990 108381 49760 137861 15440 124990 133571 16460 55160 115781 10500 149831 116500 54870 142752 34640 110701 21650 47710 0 33620 129721 138241 19620 139521 111562 88531 104010 27590 115372 138120 39320 34790 28110 39530 58500 122311 106300 57090 43040 55170 53110 68730 56180 62780 75211 147262 118531 145731 55770 70130 138981 19710 44130 3600 66520 10360 108091 145341 132100 132393 137131 53210 118463 112792 36000 
26140 24370 36480 21770 69200 123030 22580 99950 89781 97700 17550 83180 39050 112660 23140 110400 108370 33060 33390 90580 40370 124630 110472 44160 117551 18760 85500 51890 37000 33620 0 104520 113040 49860 114320 86361 63330 93300 55200 90171 119911 7260 65260 58580 28820 39380 97110 91401 29790 17710 37120 37870 58020 50152 35460 49360 122061 93330 120530 29910 42810 113780 43690 14240 31240 39200 43570 82890 120140 113891 107192 111930 25910 93262 92650 11220 
79070 104781 118261 101491 42260 30380 87290 40850 18980 86870 92621 56240 94040 14000 118981 90050 49780 117551 80250 14940 141191 21390 114660 87500 30790 102590 19200 152341 96480 132091 104800 0 20920 149861 47480 34550 48550 93050 158420 33480 65600 102760 165431 158261 101510 86040 12000 79720 82790 91810 86520 92510 78140 108730 75420 59140 28350 21850 17040 86000 71910 48670 141920 90850 135311 70380 140511 24260 19870 62380 48720 15420 86340 38950 70370 99130 
87810 113521 127001 110231 50620 10320 96030 34820 35240 81440 101361 64600 102400 9180 127721 81710 41450 126291 88990 29560 149931 33040 112580 95860 51300 111330 30500 161081 105220 140831 113540 20840 0 158601 34630 50460 56910 99740 167261 50320 56700 111500 174791 167001 110250 94780 31370 79250 91530 100550 95260 101250 86500 117090 84160 67880 48590 22640 21530 94740 80650 39600 150660 99590 144051 79120 149251 34760 11700 54040 67740 6650 95080 55790 75850 107870 
74400 45490 39840 49700 113031 166861 63790 143781 133612 126090 58620 124991 63670 156491 34080 138950 152211 35090 73790 134411 11750 168461 123270 68780 161382 48550 129331 5920 61620 19560 50180 148351 156871 0 158151 130192 107161 117970 16700 134002 152080 55880 15650 8970 53440 77130 140941 120260 71000 61680 73800 71740 82640 62940 76690 93360 165892 137161 164361 69680 84040 157611 24210 62770 19280 80430 10090 126721 163971 146060 151023 155761 67120 137103 126752 54640 
89000 114711 128191 111421 49230 40450 97220 19220 49790 49960 102551 52760 101010 41190 128911 50230 12080 127481 90180 47470 151121 64760 81100 94470 77330 112520 43100 162271 105180 142021 114730 47310 34940 159791 0 58290 55520 68260 168451 62100 22350 112690 175361 168191 111270 95970 50250 47770 92720 101740 96450 102440 85110 115700 85350 69070 75060 32100 54850 95930 80430 8090 151570 100780 145241 80310 150441 43110 46150 21970 79121 38540 96270 65191 44370 109060 
60241 85952 97372 82662 30470 59980 68461 43370 16120 75080 73792 44450 76751 48110 98092 87780 51652 96662 61421 21900 120302 50360 102870 70331 38170 83761 22540 131452 77651 111202 85971 34760 49990 128972 57740 0 36760 81260 132521 8930 68462 83931 144542 137372 82681 67211 24200 67930 63961 72981 67691 73681 66350 96940 56591 40311 43750 32970 50250 67171 53081 57672 116671 72021 114422 51551 119622 21140 53980 62102 25230 48390 67511 9250 58580 80301 
37820 63531 74951 60241 9020 66770 46040 40990 34290 53630 51371 23000 53010 56670 75671 66330 49410 74241 39000 34590 97881 68640 80280 46470 64420 61340 29510 109031 55230 88781 63550 48530 56780 106551 55360 38330 0 58670 110100 42140 60350 61510 122121 114951 60260 44790 41120 46480 41540 50560 45270 51260 38830 69220 34170 17890 66570 34370 64540 44750 30660 54820 94250 49600 92001 29130 97201 26900 64150 54330 59161 55940 45090 45231 37130 57880 
77380 104300 117940 100610 52510 105320 74460 69340 78650 19620 90220 43950 56380 101030 111470 25290 59770 114720 84652 78950 108170 113000 22180 49840 108780 75920 73870 118920 60550 104730 94000 92890 99400 118630 67920 82690 58720 0 108070 86500 52510 86790 134130 127350 65850 90442 85480 22560 67960 87790 90922 96912 35300 56260 64970 60080 110930 78730 108900 68020 54200 62020 97230 82610 101760 68510 112940 71260 108510 46490 103521 100300 71470 89591 35100 91240 
75640 53600 47950 57810 116660 174971 65030 150581 141722 127010 66350 126181 64910 164601 40770 132250 160311 43200 81900 142521 19070 176571 112500 70020 169492 49790 137441 11240 62860 27710 55500 156461 164981 16740 166261 133591 110560 108160 0 137401 153270 60660 25950 21150 54680 85240 149051 121450 72240 68370 81910 79850 83880 53940 77930 94600 174002 143961 172471 70920 85280 162780 21810 67960 25260 81670 22050 134831 172081 147250 154302 163871 68360 140492 127942 61330 
64511 90222 101642 86932 34740 59950 72731 47640 15400 79350 78062 48720 81021 46900 102362 92050 55922 100932 65691 21870 124572 45790 107140 74601 33060 88031 22510 135722 81921 115472 90241 33550 49960 133242 62010 8840 41030 85530 136791 0 72732 88201 148812 141642 86951 71481 22990 72200 68231 77251 71961 77951 70620 101210 60861 44581 38730 34260 49040 71441 57351 61942 120941 76291 118692 55821 123892 22190 52770 66372 23490 48320 71781 8430 62850 84571 
95350 123231 136711 117811 52300 62460 98010 31570 62930 34760 108941 37560 89990 62290 136870 32610 22000 136001 96530 62430 143710 85540 65900 83450 93060 109530 57350 155230 94160 139300 120110 65820 56950 153200 22360 68850 60440 53060 154300 72660 0 114320 168700 161920 99460 102320 68180 32570 91620 108130 102800 108790 70110 101740 88270 75410 93040 50030 75950 94480 77500 18560 138450 106160 136330 86660 147510 55540 68020 7320 89681 59640 95300 75751 29170 114790 
24200 26000 38110 22520 67260 121090 17180 98010 87841 92320 17310 81240 31870 110720 28830 105020 106430 34690 31450 88640 46060 122690 106420 36980 115611 11580 83560 57580 29820 39310 7250 102580 111100 55550 112380 84421 61390 86120 60340 88231 114531 0 70950 64270 21640 37560 95170 86021 24110 17330 37350 38180 50840 47401 30080 46750 120121 91390 118590 24230 37430 111840 44490 12300 36930 33820 49260 80950 118200 108511 105252 109990 20230 91322 87270 11450 
89690 60480 54830 64690 128501 185121 79080 159251 149082 141380 73610 140281 78960 171961 49070 154240 167671 50080 88780 149881 27040 183931 142630 84070 176852 63840 144801 16980 76910 34550 65470 163821 175131 15600 173621 145662 122631 133260 25940 149472 167370 71170 0 7500 68730 92120 156411 135550 86290 76670 88790 86730 97930 78230 91980 108650 181362 152631 179831 84970 99330 173081 39500 77760 34570 95720 25080 142191 182231 161350 166493 171231 82410 152563 142042 69630 
83130 53920 48270 58130 121461 178561 72520 152211 142042 134820 67050 133721 72400 164921 42510 147680 160631 43520 82220 142841 20480 176891 132000 77510 169812 57280 137761 10910 70350 27990 58910 156781 165301 9040 166581 138622 115591 126700 20930 142432 160810 64610 7410 0 62170 85560 149371 128990 79730 70110 82230 80170 91370 71670 85420 102090 174322 145591 172791 78410 92770 166041 32940 71200 28010 89160 18510 135151 172401 154790 159453 164191 75850 145523 135482 63070 
26340 42080 55720 38390 62970 120340 15310 95810 87091 73440 28000 72341 11220 109970 48800 86140 104230 52500 38330 87890 44100 121940 87080 16330 114861 10880 82810 55620 9170 39690 28960 101830 110350 53590 111111 83671 60640 65470 54690 87481 99270 21750 68990 62310 0 44440 94420 67610 19320 25570 44230 46850 30190 30371 26350 43810 119371 89190 117840 16620 31240 108780 38840 20390 36720 31780 47900 80200 117450 93250 104502 109240 16940 90582 74102 29020 
20430 34670 44060 31150 50820 104650 30820 81570 71401 86463 22320 64800 45420 94280 46790 99163 89990 43350 6950 72200 67880 106250 111352 50430 99171 43260 67120 79030 44770 58780 39430 86140 94660 76550 95940 67981 44950 89742 85210 71791 102150 37570 91630 84950 44310 0 78730 79713 31490 22910 3780 9770 55470 74071 31880 31740 103681 74950 102150 32690 39650 95400 76170 25500 62140 27440 67200 64510 101760 96130 88812 93550 30370 74892 78460 29340 
71490 97201 108621 93911 34680 41370 79710 39640 8270 79290 85041 48660 86460 25400 109341 88600 51400 107911 72670 7200 131551 29550 107080 79920 28970 95010 11620 142701 88900 122451 97220 12050 31380 140221 50150 23840 40970 85470 148881 22770 68140 95180 155791 148621 93930 78460 0 72140 75210 84230 78940 84930 70560 101150 67840 51560 28740 20780 27540 78420 64330 51210 133880 83270 125671 62800 130871 16680 31270 62250 39620 26820 78760 28240 62790 91550 
72240 98373 109793 95083 38500 85150 69570 49170 65470 8910 85330 27180 58100 84200 106580 21610 39600 109083 73842 65770 111100 99820 43800 51560 95600 77640 60690 122620 62270 106690 91670 79710 79230 120590 47750 69510 46640 22190 121690 73320 32340 85880 136090 129310 67570 79632 72300 0 63180 82900 80112 86102 38220 69850 59830 50400 97750 65550 95720 66040 49060 41850 105840 77720 103720 61430 114900 58080 89930 26320 90341 81550 66860 76411 13350 86350 
11820 37770 51410 34080 46940 101530 7840 78450 68281 69540 23690 58600 14940 91160 44940 82240 86870 48190 24770 69080 61380 103130 89470 19500 96051 23210 64000 72900 14890 56970 30030 83020 91540 70870 92820 64861 41830 67860 71970 68671 91751 24030 86270 79590 19330 31480 75610 63241 0 21260 31360 36440 32580 43680 7730 25990 100561 71830 99030 3760 14650 92280 56120 16080 54000 13060 65180 61390 98640 85731 85692 90430 4330 71762 64490 24710 
13930 17280 30920 13590 56781 110611 14310 87531 77362 89430 3200 70761 33370 100241 28100 102130 95951 30210 17690 78161 52650 112211 109140 38390 105132 24450 73081 63800 29840 43410 17760 92101 100621 61520 101901 73942 50911 87530 68390 77752 108151 17510 76600 69920 25770 22960 84691 83131 21520 0 21890 23120 52250 55531 27190 37060 109642 80911 108111 21640 34540 101361 57360 5530 44430 27160 52170 70471 107721 102091 94773 99511 17640 80843 84380 7730 
20220 31280 40570 27990 51300 105130 30610 82050 71881 86943 20240 65280 45210 94760 43420 99643 90470 39860 7430 72680 64390 106730 111832 50220 99651 43050 67600 75540 44560 55290 37130 86620 95140 73060 96420 68461 45430 90222 81720 72271 102630 37360 88140 81460 44100 3780 79210 80193 31280 21900 0 6090 55950 73861 32360 32220 104161 75430 102630 32480 40130 95880 74760 25290 58650 27920 63710 64990 102240 96610 89292 94030 30160 75362 78940 27040 
24940 29430 38490 27750 57130 110960 35060 87880 77711 92773 20660 71110 49930 100590 42350 105473 96300 37780 13080 78510 62310 112560 117662 54940 105481 45640 73430 73460 49280 53210 37550 92450 100970 70980 102250 74291 51260 96052 79640 78101 108460 37860 86060 79380 46690 9610 85040 86023 36000 22860 5920 0 61780 76451 37350 38050 109991 81260 108460 37200 45960 101710 72680 26880 56570 32910 61630 70820 108070 102440 95122 99860 34880 81192 84770 27460 
42660 69000 82640 65310 37711 96331 39160 70551 63851 44590 54920 46151 21080 86231 76170 56760 77680 79420 49960 64151 73840 98201 56880 14540 93981 40620 59071 85360 25250 69430 58700 78091 86341 83330 84921 67331 38710 35270 84430 71141 70420 51490 98730 92050 30550 55750 70681 38760 32660 52490 56230 62220 0 32710 30250 28860 96131 63931 94101 32720 19480 79930 68580 47310 66460 33790 77640 56461 93711 64400 88162 85501 36170 74242 46450 55940 
54800 70762 77490 68251 68201 130540 45511 101041 94341 74080 57861 76641 30960 116721 68960 79610 108810 72740 67750 94641 52350 128691 60690 28480 124471 36731 89561 64870 34670 56520 50182 108581 116831 62850 115411 97391 68770 56350 54070 101201 101550 47601 78250 71570 30391 74301 101171 69890 43540 55431 74091 76711 32500 0 46340 57910 126621 94421 124591 42600 45160 111060 41410 50251 53550 51770 59980 86951 124201 95530 118222 115991 46450 104292 77160 58881 
16380 43550 57190 39860 40220 94050 13710 70970 60801 66320 29470 54200 20220 83680 50720 79020 79390 53970 25620 61600 67180 95650 86350 20430 88571 29010 56520 78700 21120 62770 35810 75540 84060 76670 85340 57381 34350 64740 77770 61191 88531 30020 92070 85390 26250 31940 68130 60021 7730 27040 32420 37840 30070 46440 0 18420 93081 64350 91550 11110 11430 84800 61920 21860 59800 5490 70980 53910 91160 82511 78212 82950 11680 64282 61270 30490 
23560 50241 61661 46951 24130 77970 30030 54890 44721 57631 38081 38110 37140 67600 62381 70331 63310 60951 25750 45520 83500 79570 81820 30600 72491 45330 40440 95020 38320 75491 49290 59460 67980 92990 69260 41301 18260 60210 94090 45111 75460 46340 108490 101661 43900 31540 52050 50881 25530 36300 32020 38010 29050 58150 18090 0 77001 48270 75470 28740 13350 68720 78240 35340 76120 12740 83911 37830 75080 69440 62132 66870 29080 48202 49940 43620 
96141 121852 133272 118562 60190 54680 104361 67890 32710 104800 109692 74170 111970 41490 133992 115272 77270 132562 97321 35450 156202 18780 132590 105430 8730 119661 39880 167352 113551 147102 121871 28030 48870 164872 75100 43660 66480 110980 173532 38740 93090 119831 180442 173272 118581 103111 28780 97650 99861 108881 103591 109581 96070 126660 92491 76211 0 49030 31230 103071 88981 76160 158531 107921 150322 87451 155522 42220 40990 88922 39850 43370 103411 41210 88300 116201 
67870 93581 107061 90291 28100 32520 76090 21210 19680 70910 81421 42080 79880 23080 107781 71180 32970 106351 69050 16360 129991 41730 100500 73340 49090 91390 12130 141141 84050 120891 93600 22010 22530 138661 31850 33180 34390 78890 144260 34470 49840 91560 154231 147061 89350 74840 20640 65560 71590 80610 75320 81310 63980 94570 64220 47940 48860 0 33600 74800 59300 32910 128410 79650 124111 59180 129311 14370 30560 44830 52380 22350 75140 39940 56210 87930 
95290 121001 134481 117711 58480 23960 103510 52630 34560 99840 108841 72460 110260 13760 135201 100110 59840 133771 96470 31470 157411 14320 130880 103720 37840 118810 35420 168561 112700 148311 121020 16830 21120 166081 54800 50130 64770 109270 174741 49060 75660 118980 181651 174481 117730 102260 27580 95940 99010 108030 102740 108730 94360 124950 91640 75360 31460 33830 0 102220 88130 58730 158140 107070 151531 86600 156731 40480 10270 72440 61050 16760 102560 54530 86590 115350 
13060 37890 51530 34200 49860 104650 7960 81570 71401 72460 23810 61520 13460 94280 45060 85160 89990 48310 26010 72200 60320 106250 89230 18480 99171 23330 67120 71840 13040 55910 30150 86140 94660 69810 95940 67981 44950 67620 70910 71791 94671 24150 85210 78530 16620 32720 78730 66161 3760 21380 32600 37680 32340 42650 11160 29110 103681 74950 102150 0 17570 95400 55060 16200 52940 16180 64120 64510 101760 88651 88812 93550 4450 74892 67410 24830 
23730 50900 64540 47210 32850 90490 21060 65690 57241 55450 36820 44510 24030 80120 58070 68150 74110 61320 34050 58040 74530 92090 75480 17640 85011 36360 52960 86050 25620 70130 43160 71980 80500 84020 80060 53821 30780 53870 85120 57631 77661 37370 99420 92740 31200 39840 64570 49151 14670 34390 40320 46310 19200 45190 11320 13150 89521 59070 87990 17530 0 79520 69270 29210 67150 16260 78330 50350 87600 71641 74652 79390 18350 60732 50400 37840 
88200 113911 127391 110621 48430 45500 96420 16950 50730 44090 101751 46890 99320 45310 128111 44360 7040 126681 89380 48410 150321 68560 75230 92780 78280 111720 44040 161471 103490 141221 113930 48840 39990 158991 8090 57670 54720 62390 163630 61480 18680 111890 174561 167391 108790 95170 51200 41900 91920 100940 95650 101640 79440 111070 84550 68270 76060 33050 58970 95130 79630 0 147780 99980 144441 79510 149641 44050 51040 16100 78501 42660 95470 64571 38500 108260 
59830 46580 41370 50540 100850 160840 49220 134771 124521 111470 58600 110371 49100 150470 33020 120600 143990 36620 70440 127900 13490 162421 101630 54210 152151 33980 122820 26010 47050 20400 43720 142311 150850 23990 151370 117661 94630 97290 21750 121471 137460 44850 39390 32710 38870 76550 134430 105640 56430 57330 75330 73270 68070 41310 62120 78790 159381 128151 158340 55110 69470 146970 0 52150 17510 65860 21120 120210 157950 131440 138492 149740 52550 124562 112132 53580 
12340 22290 35930 18600 55400 109230 8780 86150 75981 83900 8210 69380 27840 98860 29410 96600 94570 32660 19590 76780 53170 110830 103610 32860 103751 18920 71700 64690 24310 44720 14500 90720 99240 62660 100520 72561 49530 82000 67680 76371 106111 12590 78060 71380 20240 25700 83310 77601 15990 5780 25490 27360 46720 50001 21660 35560 108261 79530 106730 16110 29010 99980 51830 0 44040 25400 53820 69090 106340 100091 93392 98130 12110 79462 78850 9150 
55780 30060 24470 34020 97661 151491 46970 128411 118242 109220 42080 108121 46850 141121 16500 122080 136831 19720 57770 119041 9460 153091 113590 51960 146012 31730 113961 20980 44800 3500 31230 132981 141501 18950 142781 114822 91791 101100 24680 118632 135210 36930 34350 27670 36620 61760 125571 103390 54180 44100 58430 56370 65820 53270 59870 76540 150522 121791 148991 52860 67220 142241 16800 43880 0 63610 13260 111351 148601 129190 135653 140391 50300 121723 109882 37060 
14250 43370 55500 39680 35180 89000 17440 65920 55751 68621 29290 49160 25660 78630 54450 81321 74340 54790 21140 56550 70910 90600 89880 25810 83521 32740 51470 82430 26560 66500 39540 70490 79010 80400 80290 52331 29310 68270 81500 56141 86510 33750 95800 89120 31660 27460 63080 61871 12940 26990 27940 33360 33600 51880 5500 13080 88031 59300 86500 16150 16400 79750 65650 25590 63530 0 74710 48860 86110 80490 73162 77900 16490 59242 61440 34220 
65520 36230 30580 40440 103771 157601 57910 134521 124352 120160 49360 117751 57790 147231 24820 133020 142941 25830 64530 125151 8750 159201 120260 62900 152122 42670 120071 14280 55740 10300 43560 139091 147611 10130 148891 120932 97901 112040 21960 124742 146150 49260 25120 18440 47560 67870 131681 114330 65120 52420 64540 62480 76760 59940 70810 84581 156632 127901 155101 63800 78160 148351 21210 53510 13400 74550 0 117461 154711 140130 141763 146501 61240 127833 120822 45380 
57760 83471 94891 80181 20950 44620 65980 28770 10140 65560 71311 34930 72730 33970 95611 75630 38861 94181 58940 10290 117821 44340 93350 66190 40300 81280 5210 128971 75170 108721 83490 24230 34630 126491 42910 21190 27240 71740 135151 22640 55640 81450 142061 134891 80200 64730 16820 58410 61480 70500 65210 71200 56830 87420 54110 37830 42420 14290 40240 64690 50600 43960 120150 69540 111941 49070 117141 0 40550 49280 41170 33520 65030 28101 49060 77820 
94880 120591 134071 117301 58070 13780 103100 45520 38160 92150 108431 72050 109850 8500 134791 92420 52150 133361 96060 33650 157001 24000 123290 103310 45760 118400 35480 168151 112290 147901 120610 19770 11760 165671 45860 53730 64360 108860 174331 52660 67930 118570 181861 174071 117320 101850 31180 89960 98600 107620 102330 108320 93950 124540 91230 74950 41140 30580 10530 101810 87720 50830 157730 106660 151121 86190 156321 40540 0 64750 67770 9070 102150 58130 86180 114940 
88980 116861 130341 111401 45930 60280 91640 25550 56910 28390 102531 31190 83620 59330 130500 28660 15980 129631 90160 56410 137340 82580 59530 77080 87040 103160 51330 148860 87790 132930 113740 62860 54360 146830 22290 62830 54070 46690 147930 66640 7240 107950 162330 155550 93090 95950 62630 26200 85250 101720 96430 102420 63740 95370 81900 69040 89190 45200 72990 88110 71130 16390 132080 99790 129960 80290 141140 49520 65060 0 83661 56680 88930 69731 22800 108420 
80912 106623 118043 103333 51141 77740 89132 64041 32840 95751 94463 65121 97422 61990 118763 108451 72323 117333 82092 39320 140973 54720 123541 91002 31930 104432 40410 152123 98322 131873 106642 48640 67750 149643 78411 24490 57431 101931 153192 23320 89133 104602 165213 158043 103352 87882 39570 88601 84632 93652 88362 94352 87021 117611 77262 60982 40260 52160 61500 87842 73752 78343 137342 92692 135093 72222 140293 40620 67860 82773 0 63410 88182 16000 79251 100972 
86660 112371 125851 109081 49850 16120 94880 37130 33600 83760 100211 63830 101630 3610 126571 84030 43760 125141 87840 27920 148781 27550 114900 95090 45810 110180 28980 159931 104070 139681 112390 15350 6660 157451 38720 48820 56140 100640 166111 48240 59580 110350 173021 165851 109100 93630 26760 81570 90380 99400 94110 100100 85730 116320 83010 66730 43100 22360 17410 93590 79500 42650 149510 98440 142901 77970 148101 33610 9060 56360 63480 0 93930 53710 77960 106720 
10950 33900 47540 30210 50630 104870 3970 81790 71621 73230 19820 62290 17330 94500 41070 85930 90210 44320 23900 72420 57510 106470 92990 22350 99391 19340 67340 69030 14870 53100 26160 86360 94880 67000 96160 68201 45170 71380 68100 72011 95441 20160 82400 75720 16950 30610 78950 66931 4340 17390 30490 35570 36100 46520 11740 29330 103901 75170 102370 4460 18340 95620 52250 12210 50130 16400 61310 64730 101980 89421 89032 93770 0 75102 68180 20840 
67042 92753 104173 89463 37271 65450 75262 50171 20900 81881 80593 51251 83552 52400 104893 94581 58453 103463 68222 27370 127103 52140 109671 77132 34230 90562 28010 138253 84452 118003 92772 39050 55460 135773 64541 9180 43561 88061 139322 8440 75263 90732 151343 144173 89482 74012 28490 74731 70762 79782 74492 80482 73151 103741 63392 47112 41100 39760 54540 73972 59882 64473 123472 78822 121223 58352 126423 27690 58270 68903 16770 53820 74312 0 65381 87102 
71440 97151 108571 93861 28920 81890 70880 45910 55890 19720 84991 14180 63580 78270 107890 30720 36340 107861 72620 56190 116580 90240 56150 57040 86020 83120 51110 128100 67750 112170 92980 70130 75970 126070 44490 59930 37060 34550 127170 63740 29080 87190 141570 134790 73050 78410 62720 13480 64490 84180 78890 84880 45220 76360 61140 49700 88170 55970 86140 67350 50370 38590 111320 79030 109200 61280 120380 48500 85750 23060 80761 77540 68170 66831 0 87660 
21130 15590 27700 12110 64061 117891 17570 94811 84642 92690 7540 78041 36630 107521 21030 105390 103231 24280 23860 85441 45580 119491 112400 41650 112412 23040 80361 56730 33100 36340 11180 99381 107901 54700 109181 81222 58191 90790 61320 85032 114901 11460 69870 63190 29030 29130 91971 86391 24780 7700 26870 27620 55510 58791 30450 44350 116922 88191 115391 24900 37800 108641 53440 8790 37360 34190 45440 77751 115001 108881 102053 106791 20900 88123 87640 0 

0 Ciudad_0 0 0 32400 0
1 Ciudad_1 773 15213 18618 1546
2 Ciudad_2 159 2436 6348 318
3 Ciudad_3 295 13895 18028 590
4 Ciudad_4 387 12327 14854 774
5 Ciudad_5 192 11931 14369 384
6 Ciudad_6 738 17962 20962 1476
7 Ciudad_7 734 21249 24274 1468
8 Ciudad_8 804 3341 5686 1608
9 Ciudad_9 733 11377 15480 1466
10 Ciudad_10 187 25278 27795 374
11 Ciudad_11 752 2978 6077 1504
12 Ciudad_12 481 18547 23233 962
13 Ciudad_13 325 5405 9335 650
14 Ciudad_14 337 2422 7095 674
15 Ciudad_15 404 4107 6945 808
16 Ciudad_16 691 16842 20327 1382
17 Ciudad_17 214 9971 13012 428
18 Ciudad_18 411 20550 25186 822
19 Ciudad_19 649 6872 9883 1298
20 Ciudad_20 812 17940 20243 1624
21 Ciudad_21 770 7827 10352 1540
22 Ciudad_22 795 11827 15924 1590
23 Ciudad_23 718 14890 19200 1436
24 Ciudad_24 142 6362 9861 284
25 Ciudad_25 372 23026 26228 744
26 Ciudad_26 270 22533 25052 540
27 Ciudad_27 464 23048 26805 928
28 Ciudad_28 475 1311 5435 950
29 Ciudad_29 122 23539 27253 244
30 Ciudad_30 509 20953 24782 1018
31 Ciudad_31 491 20927 23867 982
32 Ciudad_32 433 17810 20545 866
33 Ciudad_33 394 8405 11115 788
34 Ciudad_34 569 19097 21133 1138
35 Ciudad_35 515 25534 28949 1030
36 Ciudad_36 439 6346 9399 878
37 Ciudad_37 248 9496 12963 496
38 Ciudad_38 578 3280 6652 1156
39 Ciudad_39 365 20935 23409 730
40 Ciudad_40 665 19285 22415 1330
41 Ciudad_41 412 11113 15882 824
42 Ciudad_42 796 20296 24156 1592
43 Ciudad_43 316 13895 18633 632
44 Ciudad_44 656 23916 26011 1312
45 Ciudad_45 285 13770 17491 570
46 Ciudad_46 660 21115 26059 1320
47 Ciudad_47 182 17248 20427 364
48 Ciudad_48 426 6602 9184 852
49 Ciudad_49 356 8219 13210 712
50 Ciudad_50 214 4377 8928 428
51 Ciudad_51 712 23262 27102 1424
52 Ciudad_52 332 21450 24678 664
53 Ciudad_53 190 24105 27741 380
54 Ciudad_54 597 4805 6829 1194
55 Ciudad_55 443 13434 16846 886
56 Ciudad_56 422 10934 15661 844
57 Ciudad_57 398 21441 24127 796
58 Ciudad_58 425 4369 6957 850
59 Ciudad_59 766 20832 25402 1532
60 Ciudad_60 827 16895 21652 1654
61 Ciudad_61 286 7234 10783 572
62 Ciudad_62 266 8561 13453 532
63 Ciudad_63 792 25378 29698 1584
64 Ciudad_64 699 5518 8075 1398
65 Ciudad_65 763 19792 23766 1526
66 Ciudad_66 785 3791 7388 1570
67 Ciudad_67 682 18546 22140 1364
68 Ciudad_68 715 4994 8114 1430
69 Ciudad_69 520 6432 8739 1040
70 Ciudad_70 168 9594 12874 336
71 Ciudad_71 532 10329 12510 1064
72 Ciudad_72 465 8983 11764 930
73 Ciudad_73 468 12163 15697 936
74 Ciudad_74 645 3944 8118 1290
75 Ciudad_75 512 2494 5488 1024

0 0.0345328 0.0990039 -0.062284 0.0400056 -0.00777005 -0.0159938 0.0453421 0.0469347 0.0725202 -0.039145 0.0571963 0.0286853 -0.0358484 -0.078761 -0.0687791 0.0198023 0.00369685 0.0186434 0.0136843 0.0334832 -0.0192909 0.0886295 -0.078035 -0.091336 0.0262265 -0.0992126 0.0343677 0.0837478 0.00682923 -0.0732877 0.0890105 -0.0640184 -0.0688081 0.0537927 -0.0149004 0.0635224 0.0214184 0.0754348 0.0635671 -0.0813044 -0.00542719 -0.0405099 0.0137487 0.0907056 0.0846763 -0.0580483 -0.0990714 -0.0474363 -0.0831021 0.0294908 -0.0932835 -0.046518 -0.0613621 -0.0919811 -0.012884 0.023511 -0.0878425 -0.00940404 0.0616702 0.0644408 0.0418659 0.0301816 -0.00596314 0.0451052 0.0843059 0.0827888 -0.0621499 0.0967031 -0.046935 -0.0233651 -0.0862502 0.0633293 0.00252929 0.0218745 0.0772144 
-0.0345328 0 -0.0196255 0.00586731 -0.0131062 -0.0736432 0.034396 0.00886525 -0.00201022 -0.0115646 -0.0508614 0.0717161 -0.0914052 -0.0880822 -0.00886114 0.0833756 -0.0401627 0.00966741 0.0352275 0.0661564 -0.0702931 0.0463852 -0.088912 -0.0604069 -0.0608538 0.0768806 0.0384411 -0.0115761 0.0800479 0.0408811 0.0149278 0.0218569 0.0899914 -0.0619603 0.0979148 -0.0353496 0.0239995 -0.0664898 -0.0531436 -0.0202147 0.0388436 -0.064502 0.00664974 -0.0236691 -0.0213616 0.0991439 -0.0998264 0.00765891 -0.0879299 -0.0660063 -0.0886337 0.0067515 0.0970918 -0.0144171 -0.0532429 0.0305357 0.0523876 0.0909219 -0.0234619 -0.0924038 0.0344596 -0.0719862 -0.00662321 -0.0252973 0.074691 0.038696 -0.0606345 0.0869767 0.0921077 -0.0732516 -0.0379315 0.0483468 -0.064582 -0.0243926 -0.0796157 0.0412084 
-0.0990039 0.0196255 0 -0.0663593 0.0301126 0.0322551 0.0690888 -0.0259118 0.0361241 -0.0577143 0.0028841 0.043298 0.0207862 0.0838758 0.0290604 0.0288994 0.0914524 -0.0757275 0.0907865 -0.0296639 -0.0418299 -0.0807297 -0.0955757 0.095236 0.0549776 0.0736163 0.0055742 -0.0529611 -0.0545829 -0.0327723 -0.0681782 0.0365629 0.0631976 -4.53801e-05 0.0648942 -0.0467483 0.0541917 0.0467709 -0.020018 -0.00231879 0.00107604 0.026319 -0.00895305 0.0267112 0.0787311 -0.05815 0.0862093 0.0468595 -0.0272659 0.0275602 0.0353647 -0.0462953 -0.0556679 -0.0259486 -0.014078 -0.0604482 0.0653382 -0.0503938 -0.0778606 -0.0111707 -0.0340449 0.0944299 -0.0511072 0.0633858 0.0121068 -0.0244609 0.0731655 -0.0890177 -0.077043 -0.0738154 0.0693815 -0.0987186 -0.0746597 -0.00621761 0.0470151 -0.0442906 
0.062284 -0.00586731 0.0663593 0 0.0543731 -0.0376839 -0.0769964 0.0650674 -0.0460633 0.0852846 0.0504853 -0.0327773 0.0325128 -0.0358836 -0.0779997 0.01432 0.0307886 0.0201958 -0.0981688 0.0988204 0.0764124 -0.0561921 0.0758299 0.0037816 -0.0393983 -0.0139612 0.0788614 -0.0323569 0.0364885 0.0324277 0.0177778 0.0978147 -0.0941613 0.0213597 0.0596919 -0.0622621 0.0763444 0.0353876 0.00230063 -0.0682077 -0.0969233 -0.0472776 0.0817979 -0.00162089 -0.0837988 0.0826703 -0.0167778 0.0852569 -0.0130433 -0.084334 0.00761838 0.0502772 0.0855785 -0.0581688 -0.0755337 0.0152296 -0.000915654 0.0675579 0.0391302 0.0486761 0.0808299 0.0525405 0.0191361 -0.0664919 -0.0944335 0.0370043 -0.0994201 -0.00259669 0.043622 -0.0647829 0.063863 -0.0591885 0.0658659 0.0481027 0.0108169 0.00107887 
-0.0400056 0.0131062 -0.0301126 -0.0543731 0 0.0838192 0.0396641 -0.0588394 0.0546945 -0.0635308 -0.0569147 0.0783612 0.0372605 0.00562545 0.0754482 -0.0439551 0.0797896 -0.0935898 -0.0985594 -0.0964709 0.0591645 0.0774646 -0.0113118 -0.0689118 -0.024932 -0.0547389 -0.0153247 -0.0557827 -0.04941 -0.0777751 0.0730888 0.0720685 -0.0551095 -0.0348661 0.0209376 0.0725077 -0.0135865 -0.0808256 -0.0554559 -0.0876516 0.0243545 -0.0683772 0.0538339 0.0680732 0.00974809 0.0103698 -0.0616139 -0.092788 -0.0415924 0.0151505 0.0695369 0.0583843 -0.0390316 -0.024625 -0.0649472 -0.0606815 -0.0607854 0.0573554 -0.0156026 0.0338397 0.03793 -0.0328535 -0.0905705 0.0895221 -0.0996767 -0.0869506 0.0498637 0.0452494 -0.0408317 0.0287994 -0.0970988 -0.0284926 0.00405891 0.0759119 0.0485277 0.0681627 
0.00777005 0.0736432 -0.0322551 0.0376839 -0.0838192 0 -0.0366451 0.00446703 0.0564408 -0.03216 -0.0718129 0.0508991 0.0654695 0.0278102 -0.0739755 -0.0426167 0.0497968 0.0837205 -0.0698708 -0.0999508 -0.0375194 0.0314198 -0.0486478 0.0962643 0.0569144 -0.0973736 -0.0177203 0.0499331 0.0513393 0.0347165 0.0560386 -0.0247224 0.025563 0.0855561 0.099687 0.0833948 0.085533 -0.0455593 0.0804234 0.000285533 -0.0460524 -0.0859179 -0.00452761 -0.0788073 -0.0111052 -0.0573302 0.0994131 0.00674271 0.0789898 0.0247268 0.0721162 -0.0019929 0.00966896 -0.0212728 0.0370655 0.0303796 -0.0697471 0.0374521 0.0862733 -0.0887925 -0.0360643 0.0191264 -0.074283 -0.0363211 -0.0286322 -0.065077 0.0825695 -0.0950314 0.0798574 0.0468119 -0.0344372 -0.0213554 0.0466754 -0.0244582 -0.0663374 -0.00908793 
0.0159938 -0.034396 -0.0690888 0.0769964 -0.0396641 0.0366451 0 0.047638 -0.0418122 -0.0691377 -0.027922 0.0444141 -0.0784238 -0.0481591 -0.0769314 -0.0811407 -0.0938005 -0.000592746 0.0112417 0.0627512 -0.0422706 -0.0266058 0.0146748 0.0449188 -0.00393708 0.0847108 -0.0107787 -0.0398907 0.0681436 0.0585207 0.0897391 -0.0823638 -0.0377532 0.0431307 -0.0835409 0.0909536 0.0379877 0.032587 0.0428072 0.0793545 -0.0652637 -0.0636337 -0.0219098 0.0577154 0.00644805 -0.0630997 -0.0573176 0.010024 0.0234453 0.00855454 -0.0456407 -0.0515937 0.0800462 0.0209759 0.0516799 0.0815382 -0.0786844 0.0521433 -0.058145 0.02163 0.0999601 0.0368297 -0.0675648 -0.0394235 -0.00159787 0.0636749 -0.0894006 -0.0785252 0.0377907 -0.070131 0.0404118 -0.0301281 0.0852935 -0.081497 0.0957856 -0.025859 
-0.0453421 -0.00886525 0.0259118 -0.0650674 0.0588394 -0.00446703 -0.047638 0 -0.067832 -0.0123062 0.0942744 0.077984 0.0475511 -0.0672613 -0.0927975 0.0822316 -0.0347547 -0.0268379 0.0969837 0.0962564 -0.02144 0.0360223 -0.07356 0.0450648 0.00363355 0.0874816 -0.0613869 -0.000167121 0.0326301 -0.0307532 -0.0444756 -0.013231 -0.03202 0.0108153 0.0269898 -0.034014 0.0195897 0.0231981 0.0949403 -0.0777377 -0.0954467 0.0801082 0.0515776 -0.0471578 0.0841249 0.038664 0.0164715 0.0939819 0.0834903 0.0122292 -0.0190819 -0.0855336 0.00181 -0.0270499 -0.0199769 0.0604237 0.0463273 0.0832674 0.0796595 -0.063258 0.0909418 0.019776 0.0400946 -0.056339 -0.0883616 0.0850797 -0.0895853 -0.0918156 -0.042982 -0.0178457 -0.0139678 0.0147789 -0.0955136 -0.0725397 -0.0643046 -0.0320059 
-0.0469347 0.00201022 -0.0361241 0.0460633 -0.0546945 -0.0564408 0.0418122 0.067832 0 -0.0302399 -0.0783665 0.00422878 0.0543988 -0.0940974 -0.0662919 0.0798853 -0.000195075 0.0702637 -0.0131582 -0.0812101 0.0773499 0.0542537 -0.0689648 0.0479117 -0.00522153 -0.00729487 0.0678456 0.0318551 0.0382083 -0.0639167 0.0444393 0.0323182 0.0148422 0.00725506 0.0517884 0.0139292 0.0922844 0.0116235 0.0619208 -0.0678417 -0.0771275 0.00510826 0.017919 0.00554883 0.0379981 -0.0970631 0.0138307 0.0256637 -0.0672949 0.0447028 0.0727837 0.0859408 -0.0417475 -0.0470587 0.0831152 -0.0195408 0.0134811 -0.0983965 -0.025526 -0.0522437 -0.00990218 0.0468273 0.061486 -0.0116592 0.0839071 0.00774936 0.079908 -0.0102847 0.00466685 -0.0353234 -0.00811809 0.0257173 0.0884558 -0.0454397 0.0367367 -0.0432334 
-0.0725202 0.0115646 0.0577143 -0.0852846 0.0635308 0.03216 0.0691377 0.0123062 0.0302399 0 0.0939277 0.00806149 0.0210734 0.0382899 0.0784008 -0.0364908 -0.0305664 0.0335216 -0.0796629 -0.0995647 0.0451183 0.0246573 0.0529526 -0.0396195 -0.0396861 -0.032967 -0.0621853 0.0032637 -0.00622278 0.0825801 -0.0183211 -0.00446995 -0.0179535 -0.0394999 0.0968047 0.0283337 -0.0974081 -0.092175 -0.0456232 -0.0669026 -0.00892837 -0.05698 -0.0726517 0.0555376 0.0710261 -0.0786 0.0185825 0.0610268 -0.0207152 0.00101702 -0.0776555 0.000512144 -0.0338269 0.07428 0.0201818 0.074398 0.0940036 0.0993163 0.0933668 -0.0726443 0.0987079 -0.0395205 0.0319573 -0.0115669 0.0655342 0.0404259 -0.0794943 0.00053864 -0.0974566 0.0896719 0.0105585 0.0458483 0.0872138 -0.0265406 0.0292889 -0.0350653 
0.039145 0.0508614 -0.0028841 -0.0504853 0.0569147 0.0718129 0.027922 -0.0942744 0.0783665 -0.0939277 0 -0.0272704 0.0601772 0.011048 -0.0418329 0.0468381 -0.0884743 -0.0773526 -0.0530796 -0.0642306 0.00451121 -0.00110689 0.0429689 0.0242143 -0.096239 -0.0316755 0.0144118 -0.0437862 -0.0787681 0.00277012 -0.0260051 -0.0990029 0.034217 0.0912689 -0.0712896 0.0532758 -0.0521906 -0.0105839 -0.0539031 0.00140368 0.0419325 0.0867602 -0.0386084 0.0621294 -0.0874057 -0.0608647 0.0862211 0.0035587 -0.0793394 0.0625353 -0.0778522 -0.0820853 -0.0234778 -0.0951042 0.0144331 -0.0767287 0.0983226 -0.0704096 0.0226696 0.0690318 -0.095247 -0.0572901 0.0470933 -0.0263373 0.0375278 0.0313289 0.0971639 0.0884146 -0.0632755 -0.0947101 0.0493269 0.0565432 0.0831882 -0.0851153 0.057705 -0.016627 
-0.0571963 -0.0717161 -0.043298 0.0327773 -0.0783612 -0.0508991 -0.0444141 -0.077984 -0.00422878 -0.00806149 0.0272704 0 -0.0985657 0.0431468 -0.0542315 -0.0881984 -0.0891538 0.0235599 -0.0777297 -0.0518198 0.0688703 -0.0472009 -0.0186147 0.0842235 0.0347424 0.0229601 0.0276345 -0.00509839 0.0703937 -0.0675916 -0.0412828 0.00102465 0.0197895 0.096935 -0.08521 -0.0960904 -0.0755876 -0.0183504 -0.0575604 -0.0749347 0.0536161 -0.0289143 0.0166914 -0.0813073 -0.0175725 0.0329872 0.0935071 0.0998685 0.0280505 0.020948 0.071568 0.0573497 -0.0302453 0.0045406 -0.0606276 -0.0868532 -0.0146391 0.00932073 -0.0882091 0.0719971 0.0677572 -0.0250143 0.0291541 -0.0138564 0.0971797 0.034339 -0.0295449 0.0350604 0.0998767 0.0636245 0.0601161 -0.0675764 0.00236186 -0.0104902 -0.0734136 -0.0093808 
-0.0286853 0.0914052 -0.0207862 -0.0325128 -0.0372605 -0.0654695 0.0784238 -0.0475511 -0.0543988 -0.0210734 -0.0601772 0.0985657 0 0.00356627 0.0161543 0.0591231 -0.00716954 0.0832432 0.0572199 0.0934231 -0.0235898 -0.0342069 -0.0886688 -0.0977787 -0.0774992 -0.0953942 -0.0898665 0.0251047 -0.0299736 -0.0722325 -0.076188 0.0875366 -0.023337 0.00872669 -0.095064 0.0412335 -0.0636921 -0.0739725 -0.0452815 -0.0593266 0.0427357 0.071535 0.0472244 0.0550744 0.0603824 0.0233869 0.0752489 -0.0422327 -0.0527046 0.00712439 0.0214763 -0.0257565 -0.0547525 0.0886563 -0.026683 0.0528701 -0.00332121 0.0336041 0.0771985 0.0740721 -0.0333913 -0.0172241 0.0403153 -0.00285314 0.0646552 0.0839483 -0.0254035 0.0756873 -0.0487393 -0.0799727 0.0766003 0.0814859 -0.0958798 -0.0568033 0.0908429 -0.0132581 
0.0358484 0.0880822 -0.0838758 0.0358836 -0.00562545 -0.0278102 0.0481591 0.0672613 0.0940974 -0.0382899 -0.011048 -0.0431468 -0.00356627 0 -0.0906337 -0.0527782 -0.0216335 -0.0552133 -0.07135 -0.053653 0.0796943 0.0680954 0.0101528 0.061954 0.0588664 -0.0577885 0.0161669 -0.0842065 0.0811922 -0.00834073 -0.0384209 -0.00250082 -0.0642855 -0.055567 0.0344609 -0.00596943 0.0232177 -0.0149579 0.00982896 0.0390472 0.063206 0.077394 0.0535454 -0.0289326 0.026853 -0.0118834 -0.0465839 -0.0285146 0.0215911 0.0532675 -0.0272939 0.0623853 0.0655058 0.0364311 -0.0387128 0.0615552 -0.0520996 -0.0264559 -0.0671046 -0.0349343 0.0867899 -0.0709103 0.0901108 -0.0295754 0.0833264 0.076856 0.0276259 -0.0442558 -0.030681 -0.036593 0.0698904 -0.0151325 0.0817581 -0.00635965 0.0486831 -0.045276 
0.078761 0.00886114 -0.0290604 0.0779997 -0.0754482 0.0739755 0.0769314 0.0927975 0.0662919 -0.0784008 0.0418329 0.0542315 -0.0161543 0.0906337 0 0.0881643 0.0254205 -0.0418275 -0.0827557 0.0881337 0.0275058 -0.0373982 -0.0667364 -0.090786 0.0842009 0.0665237 0.0459423 0.0316838 0.0557231 -0.040127 0.0237008 0.0356958 0.0791918 -0.0865747 -0.0765359 0.00759333 0.0452808 0.0568343 -0.067236 -0.054946 0.0359418 -0.00473843 0.0179588 0.0945062 -0.012725 0.020908 -0.00751545 0.0175507 -0.0541301 -0.0868803 -0.0551057 -0.0837227 -0.0225819 0.071017 0.0754182 0.0453505 0.0673666 -0.0791694 -0.0375602 -0.023713 0.0332498 -0.00578708 -0.0191564 0.0715937 -0.0130883 0.0933125 -0.0909888 0.0102478 0.0766693 -0.00688141 0.00595154 0.0549066 -0.0901003 -0.0920564 0.0537899 0.0632829 
0.0687791 -0.0833756 -0.0288994 -0.01432 0.0439551 0.0426167 0.0811407 -0.0822316 -0.0798853 0.0364908 -0.0468381 0.0881984 -0.0591231 0.0527782 -0.0881643 0 -0.0852943 0.0757194 -0.0135543 -0.00037133 0.0881157 -0.0181677 0.0283877 -0.0809948 0.0927619 -0.0952614 0.0725805 -0.0876533 -0.0926796 -0.0222805 0.0613835 0.0678336 0.0897587 -0.0254986 0.0507487 0.0808578 0.0321247 -0.0040562 0.067755 -0.0835809 0.0155715 -0.0148109 0.031592 -0.0811984 0.0497589 0.0393398 0.025284 -0.063701 0.072981 -0.0356663 0.024315 -0.0894386 0.00403166 0.088378 0.0807632 -0.0849389 -0.010627 -0.0745228 -0.0385355 -0.00388916 0.027914 -0.0889524 -0.0575184 -0.0799666 0.080266 0.0379871 0.0937486 -0.0920738 0.0312533 -0.000906889 -0.00341085 0.0510549 -0.0662371 0.0771131 0.0720693 -0.0183747 
-0.0198023 0.0401627 -0.0914524 -0.0307886 -0.0797896 -0.0497968 0.0938005 0.0347547 0.000195075 0.0305664 0.0884743 0.0891538 0.00716954 0.0216335 -0.0254205 0.0852943 0 -0.0550088 -0.0719428 0.0386325 0.00598194 0.0567786 -0.0258747 -0.0761441 0.0113581 0.0567009 0.0899095 -0.0353552 0.037481 -0.0642935 0.0851379 -0.0802532 -0.086972 -0.0992957 -0.0762584 -0.0900449 0.0878628 0.0954364 -0.0916908 0.0611435 -0.0545718 -0.0705583 0.0403244 -0.0615742 0.0437699 0.00209254 -0.0879653 -0.0920784 -0.0797611 0.00862321 -0.0139256 -0.0639705 -0.0438721 -0.00250709 -0.0444496 -0.0188288 -0.0445069 -0.0809522 0.0890171 -0.0407596 0.00768084 0.078348 -0.077048 0.0212516 0.0668798 -0.0314569 0.0876906 0.062858 -0.0327192 0.086524 -0.0958248 0.0272192 0.016515 0.07506 -0.0502012 -0.0509586 
-0.00369685 -0.00966741 0.0757275 -0.0201958 0.0935898 -0.0837205 0.000592746 0.0268379 -0.0702637 -0.0335216 0.0773526 -0.0235599 -0.0832432 0.0552133 0.0418275 -0.0757194 0.0550088 0 -0.0170242 -0.0758412 -0.0600373 0.0806434 -0.0642633 -0.076224 0.00814489 0.0878522 0.0446568 -0.0026455 -0.0450216 -0.0812219 0.0621392 0.0353486 -0.0304527 -0.070027 -0.0992094 0.0738578 0.0140967 -0.0484719 0.0267637 0.0114466 0.0832697 -0.00468583 -0.09337 -0.0539892 -0.0791722 -0.0621185 0.074992 0.0934023 -0.0696748 -0.0857334 0.00612788 0.0964137 0.0424179 0.0592073 0.071618 0.00913898 -0.0930124 -0.0029935 0.071228 0.0635168 -0.0923849 -0.0917972 0.0723078 0.0576357 0.0848471 0.0337296 0.0554068 -0.0635341 -0.0970359 -0.0815065 -0.0598878 -0.0717879 0.0437488 0.0423649 -0.0789612 0.0582827 
-0.0186434 -0.0352275 -0.0907865 0.0981688 0.0985594 0.0698708 -0.0112417 -0.0969837 0.0131582 0.0796629 0.0530796 0.0777297 -0.0572199 0.07135 0.0827557 0.0135543 0.0719428 0.0170242 0 0.0668577 -0.0814786 -0.00203097 -0.0199128 -0.0211219 -0.0421838 0.048873 -0.0526169 -0.0139359 -0.0846731 -0.0893058 0.091695 0.0679537 -0.0883222 0.042779 -0.0595109 0.0199093 -0.0385292 -0.0714878 -0.0797016 0.0884573 -0.00811601 -0.0580048 0.0606375 0.0435824 -0.0743679 -0.0529268 -0.0317818 0.0387617 0.0670473 0.0868638 -0.0458009 0.0215171 -0.0181573 0.049061 0.00489766 -0.024114 -0.0242698 -0.0298462 0.058932 -0.0359008 0.00410822 0.00619338 -0.0988151 -0.0890695 0.0473245 0.0437281 0.0185249 0.0564365 -0.0731476 0.0929898 0.0848552 0.0638903 0.0645792 -0.039766 0.0845839 0.0952817 
-0.0136843 -0.0661564 0.0296639 -0.0988204 0.0964709 0.0999508 -0.0627512 -0.0962564 0.0812101 0.0995647 0.0642306 0.0518198 -0.0934231 0.053653 -0.0881337 0.00037133 -0.0386325 0.0758412 -0.0668577 0 -0.0629271 -0.00448447 -0.0886172 0.0768765 -0.0342382 0.0693875 0.0495705 0.0472463 0.075981 -0.0230052 0.0393056 0.0371734 -0.0559989 0.050437 0.0183346 -0.0808858 0.0668963 -0.0597413 0.0430068 -0.0760101 0.0321179 -0.00796036 -0.0969846 -0.0716996 -0.0985749 0.0696714 0.0782416 -0.0178357 0.0909625 -0.0341807 -0.0480248 0.0619682 0.0121329 0.0841814 -0.0024976 -0.0858515 -0.0462254 0.00966051 -0.0414154 0.0374092 -0.0264876 0.0935332 0.0560383 0.0987353 0.0714871 0.0813751 -0.0368614 0.00773312 -0.033609 0.00781009 -0.0937885 -0.0664182 0.0860871 0.00170198 0.0808135 0.0404485 
-0.0334832 0.0702931 0.0418299 -0.0764124 -0.0591645 0.0375194 0.0422706 0.02144 -0.0773499 -0.0451183 -0.00451121 -0.0688703 0.0235898 -0.0796943 -0.0275058 -0.0881157 -0.00598194 0.0600373 0.0814786 0.0629271 0 0.0132536 0.0733285 0.0243705 0.0331415 -0.0301258 0.0579133 0.000769836 -0.0675249 0.0975132 0.0171143 0.0637033 0.0615109 -0.0357347 -0.00171138 -0.0960458 -0.0584816 -0.00826806 -0.0761518 -0.0933448 0.0770279 -0.0331515 0.0698815 -0.0795014 0.0328868 0.0758418 0.0128582 0.0706834 -0.0495216 -0.0534495 0.0874693 -0.0101732 -0.0961855 0.0767391 -0.0152115 -0.0575611 0.028525 0.0699941 0.0477694 -0.0398368 0.0368318 0.0245229 -0.0506605 0.0882691 -0.032833 -0.0917202 -0.0927921 -0.00684761 0.0518801 0.0731937 -0.0284731 -0.0505681 -0.0510606 -0.0965306 0.00651247 -0.0976218 
0.0192909 -0.0463852 0.0807297 0.0561921 -0.0774646 -0.0314198 0.0266058 -0.0360223 -0.0542537 -0.0246573 0.00110689 0.0472009 0.0342069 -0.0680954 0.0373982 0.0181677 -0.0567786 -0.0806434 0.00203097 0.00448447 -0.0132536 0 -0.0373293 -0.0509926 0.0773146 -0.0963861 -0.0510004 -0.0785302 0.00842908 0.00193944 -0.0740118 0.0691359 -0.0857977 -0.0860365 0.0546388 0.0955872 0.0803617 -0.0687381 -0.0282566 0.0759645 0.0692026 0.0366333 -0.0652418 0.0630872 -0.0960869 -0.0658351 -0.092874 -0.0913572 -0.0258562 0.0587753 -0.0138364 -0.072111 0.0743572 0.0446718 0.0113268 0.00571362 -0.0424803 -0.038354 -0.0163926 0.0820442 0.0392188 -0.0421547 -0.0470664 -0.0921458 -0.0177367 -0.0950301 0.0931814 0.0147535 -0.0650162 -0.067791 0.0963133 -0.00268956 0.0987323 -0.0991095 -0.0704797 0.0308087 
-0.0886295 0.088912 0.0955757 -0.0758299 0.0113118 0.0486478 -0.0146748 0.07356 0.0689648 -0.0529526 -0.0429689 0.0186147 0.0886688 -0.0101528 0.0667364 -0.0283877 0.0258747 0.0642633 0.0199128 0.0886172 -0.0733285 0.0373293 0 -0.0987292 0.0264916 -0.0162742 -0.0992212 -0.0307007 -0.0772031 0.030404 0.0862054 -0.00883651 0.0179909 -0.0588714 -0.0106529 0.0460381 0.0968034 -0.0960273 0.0146876 -0.00559808 0.010202 0.0571675 0.0448733 0.0704359 -0.00161124 0.0455564 -0.0829209 -0.0571757 -0.0245998 -0.0715486 -0.0460956 0.0551843 0.0272245 0.0552727 0.093023 0.081937 -0.095666 -0.0301436 0.0929168 0.0625105 0.0990194 0.0642415 0.0534754 -0.0684014 0.0242531 -0.0164726 -0.051322 -0.0840362 0.0714177 -0.0801093 -0.0878078 -0.0347398 0.0625086 0.00361814 -0.0799636 0.0731228 
0.078035 0.0604069 -0.095236 -0.0037816 0.0689118 -0.0962643 -0.0449188 -0.0450648 -0.0479117 0.0396195 -0.0242143 -0.0842235 0.0977787 -0.061954 0.090786 0.0809948 0.0761441 0.076224 0.0211219 -0.0768765 -0.0243705 0.0509926 0.0987292 0 0.000528176 -0.0246992 -0.0962746 0.0669831 -0.0940871 -0.0683738 -0.0944231 0.0250203 -0.00408914 -0.0837007 0.0505583 0.0395169 0.0190568 -0.0967431 -0.0227863 -0.0926878 0.0606298 -0.0331894 0.0790882 -0.0421004 0.0196496 0.0528336 0.0132932 -0.0265522 -0.0484698 0.0333478 0.0251067 -0.0575073 -0.0197366 -0.0332035 0.0762472 -0.029879 -0.0533082 0.0250481 -0.0469402 -0.0221839 -0.0371488 -0.0807253 0.0171751 0.0787936 -0.0699892 0.0807598 -0.0862856 -0.0637189 0.0945316 0.0588487 0.0455231 -0.0188586 0.0203464 -0.0942652 0.0620649 0.0737145 
0.091336 0.0608538 -0.0549776 0.0393983 0.024932 -0.0569144 0.00393708 -0.00363355 0.00522153 0.0396861 0.096239 -0.0347424 0.0774992 -0.0588664 -0.0842009 -0.0927619 -0.0113581 -0.00814489 0.0421838 0.0342382 -0.0331415 -0.0773146 -0.0264916 -0.000528176 0 0.0381205 -0.0600391 -0.02579 -0.0162904 0.0980805 0.0520319 -0.017822 0.0596403 0.0705058 0.0801011 0.0100836 -0.0799875 -0.0729101 -0.0372827 0.0444395 -0.0117188 0.0504055 0.0510319 -0.0780171 -0.0166371 -0.0341558 -0.0312299 0.0963488 -0.0521036 -0.0319893 -0.0159585 0.0862192 -0.0925387 -0.00587234 0.0497612 -0.0216187 0.0939797 0.0505681 -0.0515328 0.0491834 0.0947486 0.0664299 -0.0361344 0.00401003 0.0445838 0.0302846 0.0912124 0.0567633 -0.0892595 0.0401351 -0.0610618 0.0265747 -0.0825896 -0.0774933 -0.0308797 0.0256366 
-0.0262265 -0.0768806 -0.0736163 0.0139612 0.0547389 0.0973736 -0.0847108 -0.0874816 0.00729487 0.032967 0.0316755 -0.0229601 0.0953942 0.0577885 -0.0665237 0.0952614 -0.0567009 -0.0878522 -0.048873 -0.0693875 0.0301258 0.0963861 0.0162742 0.0246992 -0.0381205 0 -0.08419 0.0715116 0.0350554 -0.0287169 0.0900414 -0.0349494 0.0658337 -0.014256 0.0685727 -0.0439353 -0.0723526 0.0433058 0.0482916 0.075638 -0.0122682 -0.0709506 -0.0543861 0.0974994 -0.0225784 -0.0633284 -0.0284493 -0.0364228 -0.099409 0.0561672 0.0991844 -0.0938183 -0.0811847 0.085117 -0.0390038 -0.0502709 0.0795443 0.0464835 -0.0566951 0.0905142 -0.0687965 -0.0474888 0.0220233 -0.0871945 -0.0054516 -0.0632007 -0.0114401 0.0704854 0.0682262 -0.0599752 0.0559498 -0.0457504 -0.0269663 0.0774622 0.0607703 -0.0580718 
0.0992126 -0.0384411 -0.0055742 -0.0788614 0.0153247 0.0177203 0.0107787 0.0613869 -0.0678456 0.0621853 -0.0144118 -0.0276345 0.0898665 -0.0161669 -0.0459423 -0.0725805 -0.0899095 -0.0446568 0.0526169 -0.0495705 -0.0579133 0.0510004 0.0992212 0.0962746 0.0600391 0.08419 0 0.0841125 -0.0968393 -0.0425868 0.0460624 -0.0858899 0.0629871 0.0151818 -0.0477679 -0.0312162 -0.0543872 0.0290061 0.0466909 -0.0352233 -0.0580296 -0.009145 0.0158143 0.0391226 -0.0604718 -0.0640054 -0.0343123 -0.0732783 -0.0758569 0.0209141 0.0161274 0.00874893 0.0409276 0.0357915 -0.00953571 -0.0282586 0.0774411 0.0435642 -0.0603927 -0.0452559 0.00133185 -0.0495973 0.0750614 0.0369998 0.0682202 0.0667171 0.00797883 0.0819119 0.03765 0.0725277 -0.0478334 -0.0695185 0.0835418 0.0477897 -0.0118407 -0.0899416 
-0.0343677 0.0115761 0.0529611 0.0323569 0.0557827 -0.0499331 0.0398907 0.000167121 -0.0318551 -0.0032637 0.0437862 0.00509839 -0.0251047 0.0842065 -0.0316838 0.0876533 0.0353552 0.0026455 0.0139359 -0.0472463 -0.000769836 0.0785302 0.0307007 -0.0669831 0.02579 -0.0715116 -0.0841125 0 -0.0628663 -0.0536084 0.0636387 0.0260441 -0.0964153 0.0833956 -0.0257053 0.0693479 -0.0202048 -0.0582164 -0.0321936 -0.0763655 -0.057272 0.0833845 -0.0177509 -0.0262771 -0.0751194 0.0903422 0.0611782 0.0905881 0.0238969 -0.0986619 0.0533072 -0.0619643 0.0155451 0.0769181 -0.0319822 -0.0752112 0.00547453 -0.0320176 0.0533144 0.0802439 -0.0767845 0.0461004 0.0255601 0.0399313 -0.0125683 0.0168828 -0.0840162 0.0410979 0.0945596 -0.0270474 0.0422741 -0.0535927 -0.00806782 0.0221868 0.0582618 0.0910209 
-0.0837478 -0.0800479 0.0545829 -0.0364885 0.04941 -0.0513393 -0.0681436 -0.0326301 -0.0382083 0.00622278 0.0787681 -0.0703937 0.0299736 -0.0811922 -0.0557231 0.0926796 -0.037481 0.0450216 0.0846731 -0.075981 0.0675249 -0.00842908 0.0772031 0.0940871 0.0162904 -0.0350554 0.0968393 0.0628663 0 0.0458854 0.0462727 0.0503649 -0.097027 0.0777309 -0.0645837 0.00897671 0.0452147 -0.0987998 0.0513265 -0.0435675 0.0973426 0.0697412 0.0712046 0.0204678 0.0549114 0.093439 0.0066532 0.000165347 0.0656953 0.0826923 -0.0202392 -0.0108842 -0.0320686 -0.0453366 -0.00680332 -0.0560368 0.0767007 0.0726077 0.0611209 -0.0848688 -0.0531649 -0.071511 -0.00179158 -0.0339936 -0.0182174 -0.0903521 0.0840964 0.0632485 0.0892649 0.0312162 0.0826079 -0.0981771 0.00199853 0.0119896 -0.0163243 0.00543899 
-0.00682923 -0.0408811 0.0327723 -0.0324277 0.0777751 -0.0347165 -0.0585207 0.0307532 0.0639167 -0.0825801 -0.00277012 0.0675916 0.0722325 0.00834073 0.040127 0.0222805 0.0642935 0.0812219 0.0893058 0.0230052 -0.0975132 -0.00193944 -0.030404 0.0683738 -0.0980805 0.0287169 0.0425868 0.0536084 -0.0458854 0 -0.0686873 -0.0195686 -0.0305548 -0.0329543 -0.0674119 -0.0504851 -0.0162018 -0.0472537 0.0147269 -0.096428 0.0505326 -0.0722634 -0.0441672 -0.0916282 -0.0334138 0.0856368 -0.0502894 0.045411 -0.0134609 -0.0562811 -0.0199284 0.0961494 -0.0387624 -0.00232172 -0.0902306 -0.0213804 0.0849529 -0.0143898 -0.0912462 0.062498 0.0537786 -0.081512 -0.00364081 -0.0610552 0.0301671 0.0481045 0.0144939 0.0189 0.0251271 -0.0259287 -0.047999 -0.0336779 -0.0754562 -0.00256641 -0.0843385 -0.0860673 
0.0732877 -0.0149278 0.0681782 -0.0177778 -0.0730888 -0.0560386 -0.0897391 0.0444756 -0.0444393 0.0183211 0.0260051 0.0412828 0.076188 0.0384209 -0.0237008 -0.0613835 -0.0851379 -0.0621392 -0.091695 -0.0393056 -0.0171143 0.0740118 -0.0862054 0.0944231 -0.0520319 -0.0900414 -0.0460624 -0.0636387 -0.0462727 0.0686873 0 -0.0604351 -0.00213751 -0.0805458 -0.0819462 0.0279041 -0.0532789 -0.0605397 -0.0795716 -0.015315 0.0854803 -0.0293999 0.0984515 -0.00563781 -0.0552422 0.0132117 -0.077273 0.0262054 0.0634738 0.0818352 0.0702473 -0.0258948 0.0815607 -0.0185512 0.0599105 0.0462485 -0.0823815 -0.0232879 0.0319116 -0.036409 0.063102 -0.0250164 0.0509986 0.0387268 -0.0753786 0.0592601 0.0520724 0.0397745 0.0319384 -0.0961917 -0.00889208 0.0559643 0.0946676 0.0557694 -0.0600372 -0.0995177 
-0.0890105 -0.0218569 -0.0365629 -0.0978147 -0.0720685 0.0247224 0.0823638 0.013231 -0.0323182 0.00446995 0.0990029 -0.00102465 -0.0875366 0.00250082 -0.0356958 -0.0678336 0.0802532 -0.0353486 -0.0679537 -0.0371734 -0.0637033 -0.0691359 0.00883651 -0.0250203 0.017822 0.0349494 0.0858899 -0.0260441 -0.0503649 0.0195686 0.0604351 0 0.0387334 0.0408915 -0.0957554 -0.0419697 0.0509897 0.0326729 0.0336344 -0.0993267 0.0144086 0.0913401 0.0230552 0.00597585 0.0736607 -0.0562517 0.0520278 0.0439569 0.0409704 0.0377685 -0.0964229 0.0741954 0.0013343 -0.027318 -0.028354 -0.00501466 -0.0300126 0.0198796 -0.0803388 0.036708 -0.0613393 0.0390798 -0.0536516 -0.0366729 -0.058184 0.0173806 -0.0896288 0.0835268 -0.0620003 -0.0676214 -0.0233188 -0.0702445 -0.0719058 0.0265317 0.00920593 -0.000993703 
0.0640184 -0.0899914 -0.0631976 0.0941613 0.0551095 -0.025563 0.0377532 0.03202 -0.0148422 0.0179535 -0.034217 -0.0197895 0.023337 0.0642855 -0.0791918 -0.0897587 0.086972 0.0304527 0.0883222 0.0559989 -0.0615109 0.0857977 -0.0179909 0.00408914 -0.0596403 -0.0658337 -0.0629871 0.0964153 0.097027 0.0305548 0.00213751 -0.0387334 0 -0.0320305 -0.0691405 -0.040834 -0.0585465 0.0432613 -0.0554926 -0.035613 -0.0105792 0.0433578 -0.0442498 0.0808938 -0.0431334 -0.0930655 -0.0790145 0.0246312 0.0694649 0.0419971 -0.0852256 0.00770037 -0.0651976 -0.0893983 -0.00528231 0.0047603 0.0288702 0.00656427 0.0859549 0.0201049 -0.0336554 -0.0909547 0.0805826 0.0971708 0.0249068 -0.0306834 0.00918593 -0.0169867 -0.0697712 -0.0969693 -0.0934765 -0.0364577 -0.0874107 -0.0806578 -0.0331573 -0.0193212 
0.0688081 0.0619603 4.53801e-05 -0.0213597 0.0348661 -0.0855561 -0.0431307 -0.0108153 -0.00725506 0.0394999 -0.0912689 -0.096935 -0.00872669 0.055567 0.0865747 0.0254986 0.0992957 0.070027 -0.042779 -0.050437 0.0357347 0.0860365 0.0588714 0.0837007 -0.0705058 0.014256 -0.0151818 -0.0833956 -0.0777309 0.0329543 0.0805458 -0.0408915 0.0320305 0 -0.0362198 -0.069243 0.0799585 0.00148025 0.0785664 0.0400955 0.0505696 -0.051017 -0.0233249 0.0454429 0.0142321 0.00980351 -0.0683956 0.051005 0.0999565 -0.0285214 -0.038625 0.00131567 -0.0238181 -0.0643619 0.0501088 -0.0291208 -0.0219281 0.0924282 -0.0884744 0.0692319 0.0512528 0.0896309 -0.0346243 0.0180061 -0.0936929 -0.0161489 0.0960794 0.0421061 -0.0232642 -0.00284997 -0.0274487 -0.049474 0.050707 -0.0456199 -0.0454226 0.0412205 
-0.0537927 -0.0979148 -0.0648942 -0.0596919 -0.0209376 -0.099687 0.0835409 -0.0269898 -0.0517884 -0.0968047 0.0712896 0.08521 0.095064 -0.0344609 0.0765359 -0.0507487 0.0762584 0.0992094 0.0595109 -0.0183346 0.00171138 -0.0546388 0.0106529 -0.0505583 -0.0801011 -0.0685727 0.0477679 0.0257053 0.0645837 0.0674119 0.0819462 0.0957554 0.0691405 0.0362198 0 0.0694315 -0.0527129 0.0259625 -0.0562713 0.000990601 -0.0268561 -0.091196 0.0110405 0.0366294 -0.0972863 0.0348636 -0.0961803 -0.0371954 -0.0937009 -0.0821446 0.088364 -0.000425884 0.0604015 -0.0145196 -0.0358277 0.0488935 0.00495927 -0.0485678 0.0400356 -0.00419023 -0.0248325 -0.0792704 -0.0221419 -0.0685512 0.0777258 -0.0188134 0.0976782 0.0516042 0.090948 0.0814037 -0.0492389 -0.0706445 0.0417317 0.0340353 -0.0919207 0.0826558 
0.0149004 0.0353496 0.0467483 0.0622621 -0.0725077 -0.0833948 -0.0909536 0.034014 -0.0139292 -0.0283337 -0.0532758 0.0960904 -0.0412335 0.00596943 -0.00759333 -0.0808578 0.0900449 -0.0738578 -0.0199093 0.0808858 0.0960458 -0.0955872 -0.0460381 -0.0395169 -0.0100836 0.0439353 0.0312162 -0.0693479 -0.00897671 0.0504851 -0.0279041 0.0419697 0.040834 0.069243 -0.0694315 0 -0.0011167 0.0737 0.0345756 0.0707999 -0.0400336 0.0597315 0.0771477 0.0114308 0.0287316 0.0632859 -0.0677469 -0.0666359 -0.0770802 0.0154465 0.0551957 0.0303397 -0.0994618 -0.0963353 -0.0665009 -0.0969482 0.0671064 -0.00436935 0.0401288 -0.0347286 0.0447159 -0.0493832 -0.0854121 0.0962643 0.0715303 -0.0521184 -0.00315973 -0.0960491 -0.00225813 0.0710863 0.00305929 -0.0555374 0.0104899 0.0564554 -0.026881 -0.0936016 
-0.0635224 -0.0239995 -0.0541917 -0.0763444 0.0135865 -0.085533 -0.0379877 -0.0195897 -0.0922844 0.0974081 0.0521906 0.0755876 0.0636921 -0.0232177 -0.0452808 -0.0321247 -0.0878628 -0.0140967 0.0385292 -0.0668963 0.0584816 -0.0803617 -0.0968034 -0.0190568 0.0799875 0.0723526 0.0543872 0.0202048 -0.0452147 0.0162018 0.0532789 -0.0509897 0.0585465 -0.0799585 0.0527129 0.0011167 0 0.0921247 0.0786787 -0.0642963 0.0736649 0.0573781 0.0410881 0.0780399 0.0952499 0.0270555 0.0140891 -0.0324384 0.0165761 0.0587313 -0.0615485 0.0541773 0.0925699 0.00928698 0.0617583 0.0288815 0.0593344 0.0381697 0.0618717 -0.0505314 0.0680458 0.000739789 0.0417564 -0.0912032 0.0718095 -0.0147689 -0.0177614 -0.0368929 0.0276196 0.0744641 0.078826 0.0998346 -0.0320319 0.0652069 0.0523212 0.0721947 
-0.0214184 0.0664898 -0.0467709 -0.0353876 0.0808256 0.0455593 -0.032587 -0.0231981 -0.0116235 0.092175 0.0105839 0.0183504 0.0739725 0.0149579 -0.0568343 0.0040562 -0.0954364 0.0484719 0.0714878 0.0597413 0.00826806 0.0687381 0.0960273 0.0967431 0.0729101 -0.0433058 -0.0290061 0.0582164 0.0987998 0.0472537 0.0605397 -0.0326729 -0.0432613 -0.00148025 -0.0259625 -0.0737 -0.0921247 0 0.0178705 0.0911604 0.0392008 -0.0634865 0.0381175 -0.0976351 0.0266329 0.0877201 0.0184645 -0.0370862 -0.00671665 -0.00498833 0.0439078 -0.0197223 -0.0640203 -0.088492 -0.00649163 0.0159825 -0.0992141 -0.0903658 -0.0540672 0.0880576 -0.0584824 -0.0963435 0.0512003 -0.0455112 -0.0948873 0.0360749 -0.0539193 -0.0648565 -0.0705747 0.0493208 -0.0277034 -0.0388785 -0.0919761 -0.0163266 -0.0452192 -0.081351 
-0.0754348 0.0531436 0.020018 -0.00230063 0.0554559 -0.0804234 -0.0428072 -0.0949403 -0.0619208 0.0456232 0.0539031 0.0575604 0.0452815 -0.00982896 0.067236 -0.067755 0.0916908 -0.0267637 0.0797016 -0.0430068 0.0761518 0.0282566 -0.0146876 0.0227863 0.0372827 -0.0482916 -0.0466909 0.0321936 -0.0513265 -0.0147269 0.0795716 -0.0336344 0.0554926 -0.0785664 0.0562713 -0.0345756 -0.0786787 -0.0178705 0 -0.0616288 0.0781851 0.0160571 0.0832638 0.0429339 0.019237 -0.0364978 0.0722893 0.0410688 0.0365228 -0.0975501 -0.0800212 0.0647406 0.0739847 0.0743716 0.013003 0.0163365 0.0382617 0.0775229 -0.0985098 0.0727457 -0.0663451 -0.0104114 0.0758828 0.0714183 -0.0704432 -0.0144391 -0.0775627 -0.0273779 0.0510954 0.00862641 0.0454953 0.00937895 0.0457009 0.0852025 -0.0490443 0.00202424 
-0.0635671 0.0202147 0.00231879 0.0682077 0.0876516 -0.000285533 -0.0793545 0.0777377 0.0678417 0.0669026 -0.00140368 0.0749347 0.0593266 -0.0390472 0.054946 0.0835809 -0.0611435 -0.0114466 -0.0884573 0.0760101 0.0933448 -0.0759645 0.00559808 0.0926878 -0.0444395 -0.075638 0.0352233 0.0763655 0.0435675 0.096428 0.015315 0.0993267 0.035613 -0.0400955 -0.000990601 -0.0707999 0.0642963 -0.0911604 0.0616288 0 -0.0802431 0.0305272 -0.0851886 -0.0774414 -0.0910056 0.0892967 0.0195716 0.0747524 -0.0191701 0.0806612 0.0394666 -0.0643865 0.0147915 0.0129763 -0.0890266 0.0268578 -0.0486981 -0.0935522 0.0878596 -0.00973026 -0.0428843 0.0599941 0.0056968 -0.0211673 0.0336487 -0.0972676 0.0884611 0.0295509 -0.0650119 -0.0920914 -0.0380131 0.00572619 0.0806438 -0.0900499 0.0876857 -0.040297 
0.0813044 -0.0388436 -0.00107604 0.0969233 -0.0243545 0.0460524 0.0652637 0.0954467 0.0771275 0.00892837 -0.0419325 -0.0536161 -0.0427357 -0.063206 -0.0359418 -0.0155715 0.0545718 -0.0832697 0.00811601 -0.0321179 -0.0770279 -0.0692026 -0.010202 -0.0606298 0.0117188 0.0122682 0.0580296 0.057272 -0.0973426 -0.0505326 -0.0854803 -0.0144086 0.0105792 -0.0505696 0.0268561 0.0400336 -0.0736649 -0.0392008 -0.0781851 0.0802431 0 -0.0624717 0.0700967 0.0503361 -0.015135 -0.0239613 -0.0823914 -0.0386514 0.0846726 -0.0595715 -0.0861642 0.0359982 0.0707692 0.0568411 0.036611 -0.048737 -0.0440987 -0.0761529 0.0544214 0.0229323 0.0825363 -0.0965922 -0.0905673 0.0785995 0.0165167 0.0502897 -0.0392702 -0.0712625 0.0322257 -0.0414636 0.00421062 0.0887846 0.0285397 -0.0932586 0.0248895 -0.087301 
0.00542719 0.064502 -0.026319 0.0472776 0.0683772 0.0859179 0.0636337 -0.0801082 -0.00510826 0.05698 -0.0867602 0.0289143 -0.071535 -0.077394 0.00473843 0.0148109 0.0705583 0.00468583 0.0580048 0.00796036 0.0331515 -0.0366333 -0.0571675 0.0331894 -0.0504055 0.0709506 0.009145 -0.0833845 -0.0697412 0.0722634 0.0293999 -0.0913401 -0.0433578 0.051017 0.091196 -0.0597315 -0.0573781 0.0634865 -0.0160571 -0.0305272 0.0624717 0 -0.0939118 -0.0221946 -0.0854649 -0.0158156 -0.0528597 -0.0147703 0.0870677 -0.066276 -0.0618438 0.00529127 0.0281002 0.0159713 -0.0081304 -0.0872338 -0.0202826 0.0259104 -0.0293425 0.0337358 -0.0189414 0.0930105 -0.00913098 -0.0850241 -0.0679567 -0.0297942 0.0967522 -0.077957 -0.0490753 -0.0174166 -0.0266184 -0.0684447 0.0962192 -0.0728 0.0803003 0.0758471 
0.0405099 -0.00664974 0.00895305 -0.0817979 -0.0538339 0.00452761 0.0219098 -0.0515776 -0.017919 0.0726517 0.0386084 -0.0166914 -0.0472244 -0.0535454 -0.0179588 -0.031592 -0.0403244 0.09337 -0.0606375 0.0969846 -0.0698815 0.0652418 -0.0448733 -0.0790882 -0.0510319 0.0543861 -0.0158143 0.0177509 -0.0712046 0.0441672 -0.0984515 -0.0230552 0.0442498 0.0233249 -0.0110405 -0.0771477 -0.0410881 -0.0381175 -0.0832638 0.0851886 -0.0700967 0.0939118 0 -0.0706487 -0.0178718 -0.0418292 0.0548911 0.0646856 -0.0939185 0.0850635 -0.098885 0.0143519 -0.0583658 -0.0206804 -0.0176142 -0.0844239 0.0989024 0.00254171 0.0983547 -0.0114665 0.0879456 0.00534011 0.0192692 0.0756336 -0.0630018 -0.0923945 -0.0238652 0.000563126 -0.0324988 0.00604275 0.0279245 -0.089332 0.010124 0.0780712 0.019913 -0.00409426 
-0.0137487 0.0236691 -0.0267112 0.00162089 -0.0680732 0.0788073 -0.0577154 0.0471578 -0.00554883 -0.0555376 -0.0621294 0.0813073 -0.0550744 0.0289326 -0.0945062 0.0811984 0.0615742 0.0539892 -0.0435824 0.0716996 0.0795014 -0.0630872 -0.0704359 0.0421004 0.0780171 -0.0974994 -0.0391226 0.0262771 -0.0204678 0.0916282 0.00563781 -0.00597585 -0.0808938 -0.0454429 -0.0366294 -0.0114308 -0.0780399 0.0976351 -0.0429339 0.0774414 -0.0503361 0.0221946 0.0706487 0 0.047832 -0.00122739 -0.0352658 0.035725 -0.061761 -0.0486917 0.014073 -0.0133285 0.0879768 -0.0712569 0.0950028 0.0277744 -0.0792507 -0.0398268 -0.0826757 0.0659757 -0.0891017 -0.0217202 0.0399144 -0.0961328 -0.0610636 0.0258074 -0.04022 -0.040192 0.0903208 0.0532707 -0.0685753 0.0990643 0.0227478 -0.0508181 0.0215463 -0.00753089 
-0.0907056 0.0213616 -0.0787311 0.0837988 -0.00974809 0.0111052 -0.00644805 -0.0841249 -0.0379981 -0.0710261 0.0874057 0.0175725 -0.0603824 -0.026853 0.012725 -0.0497589 -0.0437699 0.0791722 0.0743679 0.0985749 -0.0328868 0.0960869 0.00161124 -0.0196496 0.0166371 0.0225784 0.0604718 0.0751194 -0.0549114 0.0334138 0.0552422 -0.0736607 0.0431334 -0.0142321 0.0972863 -0.0287316 -0.0952499 -0.0266329 -0.019237 0.0910056 0.015135 0.0854649 0.0178718 -0.047832 0 0.0523754 0.051786 -0.0807708 0.0742473 0.0739254 0.0960851 0.00185887 -0.0654582 -0.0938193 -0.0648332 -0.00158793 -0.0447474 0.0638569 0.00590488 0.0630668 0.0976086 -0.0363946 -0.0227596 0.0707732 -0.0184406 -0.0311083 0.0209256 -0.0563711 -0.046133 0.0874912 0.0881347 -0.0679319 -0.0852692 0.0560015 -0.08781 -0.0426428 
-0.0846763 -0.0991439 0.05815 -0.0826703 -0.0103698 0.0573302 0.0630997 -0.038664 0.0970631 0.0786 0.0608647 -0.0329872 -0.0233869 0.0118834 -0.020908 -0.0393398 -0.00209254 0.0621185 0.0529268 -0.0696714 -0.0758418 0.0658351 -0.0455564 -0.0528336 0.0341558 0.0633284 0.0640054 -0.0903422 -0.093439 -0.0856368 -0.0132117 0.0562517 0.0930655 -0.00980351 -0.0348636 -0.0632859 -0.0270555 -0.0877201 0.0364978 -0.0892967 0.0239613 0.0158156 0.0418292 0.00122739 -0.0523754 0 0.0348896 -0.0136782 0.0955628 -0.0942365 -0.00228167 0.0732845 -0.0137268 0.0757915 0.0799594 0.0812009 -0.049672 0.0612398 0.0763522 -0.0575093 0.0279258 0.0489709 -0.00255189 -0.0644817 0.0705248 0.00409698 -0.00809517 0.053678 0.0889224 0.0357185 -0.0680771 0.0579819 0.0165319 0.0966632 -0.06152 0.0601759 
0.0580483 0.0998264 -0.0862093 0.0167778 0.0616139 -0.0994131 0.0573176 -0.0164715 -0.0138307 -0.0185825 -0.0862211 -0.0935071 -0.0752489 0.0465839 0.00751545 -0.025284 0.0879653 -0.074992 0.0317818 -0.0782416 -0.0128582 0.092874 0.0829209 -0.0132932 0.0312299 0.0284493 0.0343123 -0.0611782 -0.0066532 0.0502894 0.077273 -0.0520278 0.0790145 0.0683956 0.0961803 0.0677469 -0.0140891 -0.0184645 -0.0722893 -0.0195716 0.0823914 0.0528597 -0.0548911 0.0352658 -0.051786 -0.0348896 0 0.0228413 0.00517878 0.0170278 0.0742158 0.0394869 -0.0411945 -0.060047 0.0807812 0.0747067 0.0808102 -0.0738211 -0.0224644 -0.0232522 -0.0284704 -0.0914729 -0.0303362 -0.00761628 -0.0678335 0.095268 -0.0668973 0.0101669 0.074811 -0.0991521 -0.0302888 0.0237799 -0.0609014 0.0260843 0.0910322 -0.00403493 
0.0990714 -0.00765891 -0.0468595 -0.0852569 0.092788 -0.00674271 -0.010024 -0.0939819 -0.0256637 -0.0610268 -0.0035587 -0.0998685 0.0422327 0.0285146 -0.0175507 0.063701 0.0920784 -0.0934023 -0.0387617 0.0178357 -0.0706834 0.0913572 0.0571757 0.0265522 -0.0963488 0.0364228 0.0732783 -0.0905881 -0.000165347 -0.045411 -0.0262054 -0.0439569 -0.0246312 -0.051005 0.0371954 0.0666359 0.0324384 0.0370862 -0.0410688 -0.0747524 0.0386514 0.0147703 -0.0646856 -0.035725 0.0807708 0.0136782 -0.0228413 0 0.0776071 0.0807599 -0.0768605 -0.0212345 0.0307617 0.0573349 0.0481997 -0.0930809 0.0684831 0.0562037 0.000435359 0.0716115 0.00927728 0.0223276 -0.0353226 -0.0707004 0.0282788 -0.097015 0.0125935 0.0862392 -0.068642 -0.0705354 -0.0596951 0.0499087 0.0177122 0.0347959 0.093873 0.0813669 
0.0474363 0.0879299 0.0272659 0.0130433 0.0415924 -0.0789898 -0.0234453 -0.0834903 0.0672949 0.0207152 0.0793394 -0.0280505 0.0527046 -0.0215911 0.0541301 -0.072981 0.0797611 0.0696748 -0.0670473 -0.0909625 0.0495216 0.0258562 0.0245998 0.0484698 0.0521036 0.099409 0.0758569 -0.0238969 -0.0656953 0.0134609 -0.0634738 -0.0409704 -0.0694649 -0.0999565 0.0937009 0.0770802 -0.0165761 0.00671665 -0.0365228 0.0191701 -0.0846726 -0.0870677 0.0939185 0.061761 -0.0742473 -0.0955628 -0.00517878 -0.0776071 0 0.0805017 -0.0229035 -0.0924749 -0.0580854 -0.00422906 -0.0413985 0.0708609 -0.0816949 -0.0754973 -0.0713032 -0.0971316 -0.0111915 0.0471236 0.070836 0.0997569 0.00460041 -0.0468873 -0.00483102 0.024818 -0.0683636 0.00690379 -0.0774196 0.0342109 0.0631455 -0.00349471 0.000804904 0.0267498 
0.0831021 0.0660063 -0.0275602 0.084334 -0.0151505 -0.0247268 -0.00855454 -0.0122292 -0.0447028 -0.00101702 -0.0625353 -0.020948 -0.00712439 -0.0532675 0.0868803 0.0356663 -0.00862321 0.0857334 -0.0868638 0.0341807 0.0534495 -0.0587753 0.0715486 -0.0333478 0.0319893 -0.0561672 -0.0209141 0.0986619 -0.0826923 0.0562811 -0.0818352 -0.0377685 -0.0419971 0.0285214 0.0821446 -0.0154465 -0.0587313 0.00498833 0.0975501 -0.0806612 0.0595715 0.066276 -0.0850635 0.0486917 -0.0739254 0.0942365 -0.0170278 -0.0807599 -0.0805017 0 0.00294047 -0.0189806 -0.0379895 0.00149779 -0.0877434 -0.060952 0.0761811 0.0199284 -0.0404606 -0.0951694 0.0821278 0.0667019 0.0751431 0.0831784 0.0642801 -0.0310991 0.0389918 -0.00998913 -0.0498756 0.0696527 -0.0564662 0.0293626 0.00594207 0.0850535 0.0419917 0.0996802 
-0.0294908 0.0886337 -0.0353647 -0.00761838 -0.0695369 -0.0721162 0.0456407 0.0190819 -0.0727837 0.0776555 0.0778522 -0.071568 -0.0214763 0.0272939 0.0551057 -0.024315 0.0139256 -0.00612788 0.0458009 0.0480248 -0.0874693 0.0138364 0.0460956 -0.0251067 0.0159585 -0.0991844 -0.0161274 -0.0533072 0.0202392 0.0199284 -0.0702473 0.0964229 0.0852256 0.038625 -0.088364 -0.0551957 0.0615485 -0.0439078 0.0800212 -0.0394666 0.0861642 0.0618438 0.098885 -0.014073 -0.0960851 0.00228167 -0.0742158 0.0768605 0.0229035 -0.00294047 0 0.0115942 -0.0667665 0.0348544 0.0275322 0.0986951 0.0602703 0.0804799 -0.0700733 -0.0850808 -0.097217 0.0307839 -0.0209855 0.0952231 0.0233157 -0.0397071 -0.0267211 0.0950706 0.0104944 0.0949722 -0.093217 -0.0172193 -0.0309133 0.053356 0.0650629 -0.0228178 
0.0932835 -0.0067515 0.0462953 -0.0502772 -0.0583843 0.0019929 0.0515937 0.0855336 -0.0859408 -0.000512144 0.0820853 -0.0573497 0.0257565 -0.0623853 0.0837227 0.0894386 0.0639705 -0.0964137 -0.0215171 -0.0619682 0.0101732 0.072111 -0.0551843 0.0575073 -0.0862192 0.0938183 -0.00874893 0.0619643 0.0108842 -0.0961494 0.0258948 -0.0741954 -0.00770037 -0.00131567 0.000425884 -0.0303397 -0.0541773 0.0197223 -0.0647406 0.0643865 -0.0359982 -0.00529127 -0.0143519 0.0133285 -0.00185887 -0.0732845 -0.0394869 0.0212345 0.0924749 0.0189806 -0.0115942 0 -0.0734993 0.0783076 0.0106617 0.015135 0.0138053 -0.00983834 0.0247222 -0.0448177 0.0970413 0.0673849 -0.0679116 0.016995 -0.0975386 0.0849545 0.0115337 -0.0378134 -0.0613344 -0.0992254 -0.0363587 0.0178853 -0.00721386 0.026575 -0.000810778 -0.0823517 
0.046518 -0.0970918 0.0556679 -0.0855785 0.0390316 -0.00966896 -0.0800462 -0.00181 0.0417475 0.0338269 0.0234778 0.0302453 0.0547525 -0.0655058 0.0225819 -0.00403166 0.0438721 -0.0424179 0.0181573 -0.0121329 0.0961855 -0.0743572 -0.0272245 0.0197366 0.0925387 0.0811847 -0.0409276 -0.0155451 0.0320686 0.0387624 -0.0815607 -0.0013343 0.0651976 0.0238181 -0.0604015 0.0994618 -0.0925699 0.0640203 -0.0739847 -0.0147915 -0.0707692 -0.0281002 0.0583658 -0.0879768 0.0654582 0.0137268 0.0411945 -0.0307617 0.0580854 0.0379895 0.0667665 0.0734993 0 0.0681535 0.0957353 0.0081103 -0.00840467 -0.00585765 0.00853026 0.0549739 0.0769639 0.00369321 -0.0357154 -0.0246688 0.0889957 0.00541608 0.0641824 -0.0297517 -0.027299 0.0678288 -0.0661254 -0.0192222 -0.0400462 0.0432023 -0.0758677 -0.0882013 
0.0613621 0.0144171 0.0259486 0.0581688 0.024625 0.0212728 -0.0209759 0.0270499 0.0470587 -0.07428 0.0951042 -0.0045406 -0.0886563 -0.0364311 -0.071017 -0.088378 0.00250709 -0.0592073 -0.049061 -0.0841814 -0.0767391 -0.0446718 -0.0552727 0.0332035 0.00587234 -0.085117 -0.0357915 -0.0769181 0.0453366 0.00232172 0.0185512 0.027318 0.0893983 0.0643619 0.0145196 0.0963353 -0.00928698 0.088492 -0.0743716 -0.0129763 -0.0568411 -0.0159713 0.0206804 0.0712569 0.0938193 -0.0757915 0.060047 -0.0573349 0.00422906 -0.00149779 -0.0348544 -0.0783076 -0.0681535 0 0.0524285 -0.0512665 0.0683843 -0.074237 0.0332522 -0.00671127 -0.052555 -0.0507025 0.00213589 -3.82042e-05 0.00428686 0.0599766 -0.0261979 -0.0310704 0.0916432 0.0143554 -0.0903086 -0.0287904 0.00495832 -0.00481834 0.0122358 -0.0735593 
0.0919811 0.0532429 0.014078 0.0755337 0.0649472 -0.0370655 -0.0516799 0.0199769 -0.0831152 -0.0201818 -0.0144331 0.0606276 0.026683 0.0387128 -0.0754182 -0.0807632 0.0444496 -0.071618 -0.00489766 0.0024976 0.0152115 -0.0113268 -0.093023 -0.0762472 -0.0497612 0.0390038 0.00953571 0.0319822 0.00680332 0.0902306 -0.0599105 0.028354 0.00528231 -0.0501088 0.0358277 0.0665009 -0.0617583 0.00649163 -0.013003 0.0890266 -0.036611 0.0081304 0.0176142 -0.0950028 0.0648332 -0.0799594 -0.0807812 -0.0481997 0.0413985 0.0877434 -0.0275322 -0.0106617 -0.0957353 -0.0524285 0 0.0207562 -0.0170339 0.0460876 0.0696443 0.0395415 0.0186407 -0.0434883 0.0372257 -0.0205738 0.092159 0.0628029 -0.0938454 -0.0614412 -0.0267226 0.0322644 0.0563828 0.0655038 0.00219859 -0.0331211 -0.0205073 0.0827488 
0.012884 -0.0305357 0.0604482 -0.0152296 0.0606815 -0.0303796 -0.0815382 -0.0604237 0.0195408 -0.074398 0.0767287 0.0868532 -0.0528701 -0.0615552 -0.0453505 0.0849389 0.0188288 -0.00913898 0.024114 0.0858515 0.0575611 -0.00571362 -0.081937 0.029879 0.0216187 0.0502709 0.0282586 0.0752112 0.0560368 0.0213804 -0.0462485 0.00501466 -0.0047603 0.0291208 -0.0488935 0.0969482 -0.0288815 -0.0159825 -0.0163365 -0.0268578 0.048737 0.0872338 0.0844239 -0.0277744 0.00158793 -0.0812009 -0.0747067 0.0930809 -0.0708609 0.060952 -0.0986951 -0.015135 -0.0081103 0.0512665 -0.0207562 0 -0.0342033 -0.0115903 -0.0819714 -0.0461165 0.0551021 -0.00910081 -0.0861553 0.00513918 -0.010189 0.0390323 0.0464099 -0.0821121 0.0151894 0.000515932 0.0265315 0.00294973 -0.0869376 -0.0555632 0.0632005 0.0278483 
-0.023511 -0.0523876 -0.0653382 0.000915654 0.0607854 0.0697471 0.0786844 -0.0463273 -0.0134811 -0.0940036 -0.0983226 0.0146391 0.00332121 0.0520996 -0.0673666 0.010627 0.0445069 0.0930124 0.0242698 0.0462254 -0.028525 0.0424803 0.095666 0.0533082 -0.0939797 -0.0795443 -0.0774411 -0.00547453 -0.0767007 -0.0849529 0.0823815 0.0300126 -0.0288702 0.0219281 -0.00495927 -0.0671064 -0.0593344 0.0992141 -0.0382617 0.0486981 0.0440987 0.0202826 -0.0989024 0.0792507 0.0447474 0.049672 -0.0808102 -0.0684831 0.0816949 -0.0761811 -0.0602703 -0.0138053 0.00840467 -0.0683843 0.0170339 0.0342033 0 0.0639703 0.0399102 0.098956 0.0620794 0.0175792 0.0463623 0.0810716 -0.0705804 0.030551 -0.0160408 0.00973439 -0.00580196 0.0292798 0.0357267 -0.0423238 0.0167904 0.063057 0.0171758 -0.0755941 
0.0878425 -0.0909219 0.0503938 -0.0675579 -0.0573554 -0.0374521 -0.0521433 -0.0832674 0.0983965 -0.0993163 0.0704096 -0.00932073 -0.0336041 0.0264559 0.0791694 0.0745228 0.0809522 0.0029935 0.0298462 -0.00966051 -0.0699941 0.038354 0.0301436 -0.0250481 -0.0505681 -0.0464835 -0.0435642 0.0320176 -0.0726077 0.0143898 0.0232879 -0.0198796 -0.00656427 -0.0924282 0.0485678 0.00436935 -0.0381697 0.0903658 -0.0775229 0.0935522 0.0761529 -0.0259104 -0.00254171 0.0398268 -0.0638569 -0.0612398 0.0738211 -0.0562037 0.0754973 -0.0199284 -0.0804799 0.00983834 0.00585765 0.074237 -0.0460876 0.0115903 -0.0639703 0 0.0771944 -0.0526388 0.0460813 0.015662 0.0218235 -0.0213728 0.0967852 -0.0216553 0.0930211 -0.0415043 -0.0419447 -0.0226649 -0.0212055 0.00782234 0.0108153 -0.060512 -0.035498 -0.0602046 
0.00940404 0.0234619 0.0778606 -0.0391302 0.0156026 -0.0862733 0.058145 -0.0796595 0.025526 -0.0933668 -0.0226696 0.0882091 -0.0771985 0.0671046 0.0375602 0.0385355 -0.0890171 -0.071228 -0.058932 0.0414154 -0.0477694 0.0163926 -0.0929168 0.0469402 0.0515328 0.0566951 0.0603927 -0.0533144 -0.0611209 0.0912462 -0.0319116 0.0803388 -0.0859549 0.0884744 -0.0400356 -0.0401288 -0.0618717 0.0540672 0.0985098 -0.0878596 -0.0544214 0.0293425 -0.0983547 0.0826757 -0.00590488 -0.0763522 0.0224644 -0.000435359 0.0713032 0.0404606 0.0700733 -0.0247222 -0.00853026 -0.0332522 -0.0696443 0.0819714 -0.0399102 -0.0771944 0 -0.0430541 -0.0732335 -0.0495515 0.0476726 0.0912568 -0.00312595 -0.0616056 -0.052984 -0.0403478 0.0764189 0.0104112 0.0457017 0.0157541 0.0822971 0.030851 0.0311361 -0.0413735 
-0.0616702 0.0924038 0.0111707 -0.0486761 -0.0338397 0.0887925 -0.02163 0.063258 0.0522437 0.0726443 -0.0690318 -0.0719971 -0.0740721 0.0349343 0.023713 0.00388916 0.0407596 -0.0635168 0.0359008 -0.0374092 0.0398368 -0.0820442 -0.0625105 0.0221839 -0.0491834 -0.0905142 0.0452559 -0.0802439 0.0848688 -0.062498 0.036409 -0.036708 -0.0201049 -0.0692319 0.00419023 0.0347286 0.0505314 -0.0880576 -0.0727457 0.00973026 -0.0229323 -0.0337358 0.0114665 -0.0659757 -0.0630668 0.0575093 0.0232522 -0.0716115 0.0971316 0.0951694 0.0850808 0.0448177 -0.0549739 0.00671127 -0.0395415 0.0461165 -0.098956 0.0526388 0.0430541 0 -0.0487241 -0.00618209 -0.0984009 0.05331 0.0846038 -0.0666398 -0.0694572 0.00641113 -0.0883298 -0.0747196 -0.0337236 -0.0620194 0.0590245 0.0700001 0.0827866 0.0286606 
-0.0644408 -0.0344596 0.0340449 -0.0808299 -0.03793 0.0360643 -0.0999601 -0.0909418 0.00990218 -0.0987079 0.095247 -0.0677572 0.0333913 -0.0867899 -0.0332498 -0.027914 -0.00768084 0.0923849 -0.00410822 0.0264876 -0.0368318 -0.0392188 -0.0990194 0.0371488 -0.0947486 0.0687965 -0.00133185 0.0767845 0.0531649 -0.0537786 -0.063102 0.0613393 0.0336554 -0.0512528 0.0248325 -0.0447159 -0.0680458 0.0584824 0.0663451 0.0428843 -0.0825363 0.0189414 -0.0879456 0.0891017 -0.0976086 -0.0279258 0.0284704 -0.00927728 0.0111915 -0.0821278 0.097217 -0.0970413 -0.0769639 0.052555 -0.0186407 -0.0551021 -0.0620794 -0.0460813 0.0732335 0.0487241 0 0.00168313 0.0347699 -0.0789473 0.0175925 -0.0865514 -0.0820403 -0.0170775 -0.0383162 0.0591862 -0.0912985 -0.0645799 -0.091248 -0.078019 -0.0463661 0.0400003 
-0.0418659 0.0719862 -0.0944299 -0.0525405 0.0328535 -0.0191264 -0.0368297 -0.019776 -0.0468273 0.0395205 0.0572901 0.0250143 0.0172241 0.0709103 0.00578708 0.0889524 -0.078348 0.0917972 -0.00619338 -0.0935332 -0.0245229 0.0421547 -0.0642415 0.0807253 -0.0664299 0.0474888 0.0495973 -0.0461004 0.071511 0.081512 0.0250164 -0.0390798 0.0909547 -0.0896309 0.0792704 0.0493832 -0.000739789 0.0963435 0.0104114 -0.0599941 0.0965922 -0.0930105 -0.00534011 0.0217202 0.0363946 -0.0489709 0.0914729 -0.0223276 -0.0471236 -0.0667019 -0.0307839 -0.0673849 -0.00369321 0.0507025 0.0434883 0.00910081 -0.0175792 -0.015662 0.0495515 0.00618209 -0.00168313 0 -0.0205997 0.0396795 -0.0306326 0.00316365 0.0266687 -0.0954328 0.0854012 0.0590123 -0.0539502 0.0826419 0.0755526 -0.088204 0.00823949 0.0499618 
-0.0301816 0.00662321 0.0511072 -0.0191361 0.0905705 0.074283 0.0675648 -0.0400946 -0.061486 -0.0319573 -0.0470933 -0.0291541 -0.0403153 -0.0901108 0.0191564 0.0575184 0.077048 -0.0723078 0.0988151 -0.0560383 0.0506605 0.0470664 -0.0534754 -0.0171751 0.0361344 -0.0220233 -0.0750614 -0.0255601 0.00179158 0.00364081 -0.0509986 0.0536516 -0.0805826 0.0346243 0.0221419 0.0854121 -0.0417564 -0.0512003 -0.0758828 -0.0056968 0.0905673 0.00913098 -0.0192692 -0.0399144 0.0227596 0.00255189 0.0303362 0.0353226 -0.070836 -0.0751431 0.0209855 0.0679116 0.0357154 -0.00213589 -0.0372257 0.0861553 -0.0463623 -0.0218235 -0.0476726 0.0984009 -0.0347699 0.0205997 0 0.00141938 0.0162223 0.0643103 0.0210078 0.0647281 -0.0456344 -0.0165407 -0.0367315 -0.00550003 0.0675089 0.0620559 0.0930572 0.0199835 
0.00596314 0.0252973 -0.0633858 0.0664919 -0.0895221 0.0363211 0.0394235 0.056339 0.0116592 0.0115669 0.0263373 0.0138564 0.00285314 0.0295754 -0.0715937 0.0799666 -0.0212516 -0.0576357 0.0890695 -0.0987353 -0.0882691 0.0921458 0.0684014 -0.0787936 -0.00401003 0.0871945 -0.0369998 -0.0399313 0.0339936 0.0610552 -0.0387268 0.0366729 -0.0971708 -0.0180061 0.0685512 -0.0962643 0.0912032 0.0455112 -0.0714183 0.0211673 -0.0785995 0.0850241 -0.0756336 0.0961328 -0.0707732 0.0644817 0.00761628 0.0707004 -0.0997569 -0.0831784 -0.0952231 -0.016995 0.0246688 3.82042e-05 0.0205738 -0.00513918 -0.0810716 0.0213728 -0.0912568 -0.05331 0.0789473 -0.0396795 -0.00141938 0 0.0435608 -0.0197244 -0.042966 0.0848228 -0.0756285 -0.0607006 0.0538531 0.0896532 -0.0612339 0.0645587 -0.0893679 0.077892 
-0.0451052 -0.074691 -0.0121068 0.0944335 0.0996767 0.0286322 0.00159787 0.0883616 -0.0839071 -0.0655342 -0.0375278 -0.0971797 -0.0646552 -0.0833264 0.0130883 -0.080266 -0.0668798 -0.0848471 -0.0473245 -0.0714871 0.032833 0.0177367 -0.0242531 0.0699892 -0.0445838 0.0054516 -0.0682202 0.0125683 0.0182174 -0.0301671 0.0753786 0.058184 -0.0249068 0.0936929 -0.0777258 -0.0715303 -0.0718095 0.0948873 0.0704432 -0.0336487 -0.0165167 0.0679567 0.0630018 0.0610636 0.0184406 -0.0705248 0.0678335 -0.0282788 -0.00460041 -0.0642801 -0.0233157 0.0975386 -0.0889957 -0.00428686 -0.092159 0.010189 0.0705804 -0.0967852 0.00312595 -0.0846038 -0.0175925 0.0306326 -0.0162223 -0.0435608 0 0.0634163 -0.0198031 0.0391851 0.0789899 -0.0387414 0.00926405 -0.094898 -0.00372194 -0.0509687 -0.0471515 0.0552551 
-0.0843059 -0.038696 0.0244609 -0.0370043 0.0869506 0.065077 -0.0636749 -0.0850797 -0.00774936 -0.0404259 -0.0313289 -0.034339 -0.0839483 -0.076856 -0.0933125 -0.0379871 0.0314569 -0.0337296 -0.0437281 -0.0813751 0.0917202 0.0950301 0.0164726 -0.0807598 -0.0302846 0.0632007 -0.0667171 -0.0168828 0.0903521 -0.0481045 -0.0592601 -0.0173806 0.0306834 0.0161489 0.0188134 0.0521184 0.0147689 -0.0360749 0.0144391 0.0972676 -0.0502897 0.0297942 0.0923945 -0.0258074 0.0311083 -0.00409698 -0.095268 0.097015 0.0468873 0.0310991 0.0397071 -0.0849545 -0.00541608 -0.0599766 -0.0628029 -0.0390323 -0.030551 0.0216553 0.0616056 0.0666398 0.0865514 -0.00316365 -0.0643103 0.0197244 -0.0634163 0 0.0379121 -0.0810204 -0.0783242 -0.0292381 -0.0624576 0.0120496 -0.0374603 0.0119279 -0.0412349 0.0512141 
-0.0827888 0.0606345 -0.0731655 0.0994201 -0.0498637 -0.0825695 0.0894006 0.0895853 -0.079908 0.0794943 -0.0971639 0.0295449 0.0254035 -0.0276259 0.0909888 -0.0937486 -0.0876906 -0.0554068 -0.0185249 0.0368614 0.0927921 -0.0931814 0.051322 0.0862856 -0.0912124 0.0114401 -0.00797883 0.0840162 -0.0840964 -0.0144939 -0.0520724 0.0896288 -0.00918593 -0.0960794 -0.0976782 0.00315973 0.0177614 0.0539193 0.0775627 -0.0884611 0.0392702 -0.0967522 0.0238652 0.04022 -0.0209256 0.00809517 0.0668973 -0.0125935 0.00483102 -0.0389918 0.0267211 -0.0115337 -0.0641824 0.0261979 0.0938454 -0.0464099 0.0160408 -0.0930211 0.052984 0.0694572 0.0820403 -0.0266687 -0.0210078 0.042966 0.0198031 -0.0379121 0 -0.00784593 0.00999196 -0.00776339 -0.0546549 0.0156027 -0.0446013 -0.05652 0.0796697 0.0391639 
0.0621499 -0.0869767 0.0890177 0.00259669 -0.0452494 0.0950314 0.0785252 0.0918156 0.0102847 -0.00053864 -0.0884146 -0.0350604 -0.0756873 0.0442558 -0.0102478 0.0920738 -0.062858 0.0635341 -0.0564365 -0.00773312 0.00684761 -0.0147535 0.0840362 0.0637189 -0.0567633 -0.0704854 -0.0819119 -0.0410979 -0.0632485 -0.0189 -0.0397745 -0.0835268 0.0169867 -0.0421061 -0.0516042 0.0960491 0.0368929 0.0648565 0.0273779 -0.0295509 0.0712625 0.077957 -0.000563126 0.040192 0.0563711 -0.053678 -0.0101669 -0.0862392 -0.024818 0.00998913 -0.0950706 0.0378134 0.0297517 0.0310704 0.0614412 0.0821121 -0.00973439 0.0415043 0.0403478 -0.00641113 0.0170775 0.0954328 -0.0647281 -0.0848228 -0.0391851 0.0810204 0.00784593 0 -0.0879124 -0.0185779 0.0137134 0.0322186 0.0133386 -0.00934632 -0.0605225 0.0594519 
-0.0967031 -0.0921077 0.077043 -0.043622 0.0408317 -0.0798574 -0.0377907 0.042982 -0.00466685 0.0974566 0.0632755 -0.0998767 0.0487393 0.030681 -0.0766693 -0.0312533 0.0327192 0.0970359 0.0731476 0.033609 -0.0518801 0.0650162 -0.0714177 -0.0945316 0.0892595 -0.0682262 -0.03765 -0.0945596 -0.0892649 -0.0251271 -0.0319384 0.0620003 0.0697712 0.0232642 -0.090948 0.00225813 -0.0276196 0.0705747 -0.0510954 0.0650119 -0.0322257 0.0490753 0.0324988 -0.0903208 0.046133 -0.0889224 -0.074811 0.068642 0.0683636 0.0498756 -0.0104944 0.0613344 0.027299 -0.0916432 0.0267226 -0.0151894 0.00580196 0.0419447 -0.0764189 0.0883298 0.0383162 -0.0854012 0.0456344 0.0756285 -0.0789899 0.0783242 -0.00999196 0.0879124 0 -0.0861172 -0.0142628 -0.0648258 -0.0725256 0.0303355 0.0480928 -0.0757063 
0.046935 0.0732516 0.0738154 0.0647829 -0.0287994 -0.0468119 0.070131 0.0178457 0.0353234 -0.0896719 0.0947101 -0.0636245 0.0799727 0.036593 0.00688141 0.000906889 -0.086524 0.0815065 -0.0929898 -0.00781009 -0.0731937 0.067791 0.0801093 -0.0588487 -0.0401351 0.0599752 -0.0725277 0.0270474 -0.0312162 0.0259287 0.0961917 0.0676214 0.0969693 0.00284997 -0.0814037 -0.0710863 -0.0744641 -0.0493208 -0.00862641 0.0920914 0.0414636 0.0174166 -0.00604275 -0.0532707 -0.0874912 -0.0357185 0.0991521 0.0705354 -0.00690379 -0.0696527 -0.0949722 0.0992254 -0.0678288 -0.0143554 -0.0322644 -0.000515932 -0.0292798 0.0226649 -0.0104112 0.0747196 -0.0591862 -0.0590123 0.0165407 0.0607006 0.0387414 0.0292381 0.00776339 0.0185779 0.0861172 0 -0.0256022 -0.0212954 0.0470144 0.00065523 0.0139463 -0.0785581 
0.0233651 0.0379315 -0.0693815 -0.063863 0.0970988 0.0344372 -0.0404118 0.0139678 0.00811809 -0.0105585 -0.0493269 -0.0601161 -0.0766003 -0.0698904 -0.00595154 0.00341085 0.0958248 0.0598878 -0.0848552 0.0937885 0.0284731 -0.0963133 0.0878078 -0.0455231 0.0610618 -0.0559498 0.0478334 -0.0422741 -0.0826079 0.047999 0.00889208 0.0233188 0.0934765 0.0274487 0.0492389 -0.00305929 -0.078826 0.0277034 -0.0454953 0.0380131 -0.00421062 0.0266184 -0.0279245 0.0685753 -0.0881347 0.0680771 0.0302888 0.0596951 0.0774196 0.0564662 0.093217 0.0363587 0.0661254 0.0903086 -0.0563828 -0.0265315 -0.0357267 0.0212055 -0.0457017 0.0337236 0.0912985 0.0539502 0.0367315 -0.0538531 -0.00926405 0.0624576 0.0546549 -0.0137134 0.0142628 0.0256022 0 0.0510248 -0.073041 -0.0488955 -0.02582 -0.0484252 
0.0862502 -0.0483468 0.0987186 0.0591885 0.0284926 0.0213554 0.0301281 -0.0147789 -0.0257173 -0.0458483 -0.0565432 0.0675764 -0.0814859 0.0151325 -0.0549066 -0.0510549 -0.0272192 0.0717879 -0.0638903 0.0664182 0.0505681 0.00268956 0.0347398 0.0188586 -0.0265747 0.0457504 0.0695185 0.0535927 0.0981771 0.0336779 -0.0559643 0.0702445 0.0364577 0.049474 0.0706445 0.0555374 -0.0998346 0.0388785 -0.00937895 -0.00572619 -0.0887846 0.0684447 0.089332 -0.0990643 0.0679319 -0.0579819 -0.0237799 -0.0499087 -0.0342109 -0.0293626 0.0172193 -0.0178853 0.0192222 0.0287904 -0.0655038 -0.00294973 0.0423238 -0.00782234 -0.0157541 0.0620194 0.0645799 -0.0826419 0.00550003 -0.0896532 0.094898 -0.0120496 -0.0156027 -0.0322186 0.0648258 0.0212954 -0.0510248 0 -0.0769495 -0.0831855 0.0219001 0.0359651 
-0.0633293 0.064582 0.0746597 -0.0658659 -0.00405891 -0.0466754 -0.0852935 0.0955136 -0.0884558 -0.0872138 -0.0831882 -0.00236186 0.0958798 -0.0817581 0.0901003 0.0662371 -0.016515 -0.0437488 -0.0645792 -0.0860871 0.0510606 -0.0987323 -0.0625086 -0.0203464 0.0825896 0.0269663 -0.0835418 0.00806782 -0.00199853 0.0754562 -0.0946676 0.0719058 0.0874107 -0.050707 -0.0417317 -0.0104899 0.0320319 0.0919761 -0.0457009 -0.0806438 -0.0285397 -0.0962192 -0.010124 -0.0227478 0.0852692 -0.0165319 0.0609014 -0.0177122 -0.0631455 -0.00594207 0.0309133 0.00721386 0.0400462 -0.00495832 -0.00219859 0.0869376 -0.0167904 -0.0108153 -0.0822971 -0.0590245 0.091248 -0.0755526 -0.0675089 0.0612339 0.00372194 0.0374603 0.0446013 -0.0133386 0.0725256 -0.0470144 0.073041 0.0769495 0 -0.0751737 0.0942505 -0.0528261 
-0.00252929 0.0243926 0.00621761 -0.0481027 -0.0759119 0.0244582 0.081497 0.0725397 0.0454397 0.0265406 0.0851153 0.0104902 0.0568033 0.00635965 0.0920564 -0.0771131 -0.07506 -0.0423649 0.039766 -0.00170198 0.0965306 0.0991095 -0.00361814 0.0942652 0.0774933 -0.0774622 -0.0477897 -0.0221868 -0.0119896 0.00256641 -0.0557694 -0.0265317 0.0806578 0.0456199 -0.0340353 -0.0564554 -0.0652069 0.0163266 -0.0852025 0.0900499 0.0932586 0.0728 -0.0780712 0.0508181 -0.0560015 -0.0966632 -0.0260843 -0.0347959 0.00349471 -0.0850535 -0.053356 -0.026575 -0.0432023 0.00481834 0.0331211 0.0555632 -0.063057 0.060512 -0.030851 -0.0700001 0.078019 0.088204 -0.0620559 -0.0645587 0.0509687 -0.0119279 0.05652 0.00934632 -0.0303355 -0.00065523 0.0488955 0.0831855 0.0751737 0 -0.0835988 0.0924952 
-0.0218745 0.0796157 -0.0470151 -0.0108169 -0.0485277 0.0663374 -0.0957856 0.0643046 -0.0367367 -0.0292889 -0.057705 0.0734136 -0.0908429 -0.0486831 -0.0537899 -0.0720693 0.0502012 0.0789612 -0.0845839 -0.0808135 -0.00651247 0.0704797 0.0799636 -0.0620649 0.0308797 -0.0607703 0.0118407 -0.0582618 0.0163243 0.0843385 0.0600372 -0.00920593 0.0331573 0.0454226 0.0919207 0.026881 -0.0523212 0.0452192 0.0490443 -0.0876857 -0.0248895 -0.0803003 -0.019913 -0.0215463 0.08781 0.06152 -0.0910322 -0.093873 -0.000804904 -0.0419917 -0.0650629 0.000810778 0.0758677 -0.0122358 0.0205073 -0.0632005 -0.0171758 0.035498 -0.0311361 -0.0827866 0.0463661 -0.00823949 -0.0930572 0.0893679 0.0471515 0.0412349 -0.0796697 0.0605225 -0.0480928 -0.0139463 0.02582 -0.0219001 -0.0942505 0.0835988 0 0.00467876 
-0.0772144 -0.0412084 0.0442906 -0.00107887 -0.0681627 0.00908793 0.025859 0.0320059 0.0432334 0.0350653 0.016627 0.0093808 0.0132581 0.045276 -0.0632829 0.0183747 0.0509586 -0.0582827 -0.0952817 -0.0404485 0.0976218 -0.0308087 -0.0731228 -0.0737145 -0.0256366 0.0580718 0.0899416 -0.0910209 -0.00543899 0.0860673 0.0995177 0.000993703 0.0193212 -0.0412205 -0.0826558 0.0936016 -0.0721947 0.081351 -0.00202424 0.040297 0.087301 -0.0758471 0.00409426 0.00753089 0.0426428 -0.0601759 0.00403493 -0.0813669 -0.0267498 -0.0996802 0.0228178 0.0823517 0.0882013 0.0735593 -0.0827488 -0.0278483 0.0755941 0.0602046 0.0413735 -0.0286606 -0.0400003 -0.0499618 -0.0199835 -0.077892 -0.0552551 -0.0512141 -0.0391639 -0.0594519 0.0757063 0.0785581 0.0484252 -0.0359651 0.0528261 -0.0924952 -0.00467876 0 
