75

16000 4500

30 55 80

8

0 95780 71040 89220 97880 96350 75470 78110 98980 55790 94990 18060 60000 98690 48370 92390 30710 85060 67920 81370 70840 92570 69550 67010 87200 84670 16190 81880 88290 13110 99980 97050 76820 50190 53460 75690 69230 56190 62570 6210 79050 82320 87410 87460 89930 89140 93850 93970 95810 73660 93200 96570 35080 64860 56010 92612 80240 70920 99801 55000 48380 68770 77250 99670 62600 26820 51750 74240 59580 78110 61650 76200 96620 81312 5510 14140 
96650 0 85171 107240 45300 47460 92261 80231 105261 75920 163241 78810 114440 82860 116500 130560 92980 11880 74560 95990 166790 30990 100300 30110 155401 128050 85580 85510 74520 108860 160770 106661 33160 102280 135500 38870 151300 146900 88300 99250 44410 71670 127460 80790 46210 26190 37920 85610 39880 46820 74530 19800 123950 84700 92770 147630 124310 81550 152640 111310 95261 136121 40820 39090 129891 100770 46600 102600 85020 80231 73730 64681 13120 140990 91580 104030 
70740 85430 0 153720 120100 53700 9140 8170 31680 114760 87650 69350 127840 29610 115330 48330 96780 85150 13660 143550 123660 109131 18310 78210 80420 46080 58030 144070 139530 73410 169670 30100 97980 118030 82130 47191 91950 102490 8700 74690 108380 133330 155250 143980 117670 104331 112820 24890 114780 106460 143330 100841 83100 127050 122250 65660 42340 130530 167641 122840 32570 65380 103330 118330 61470 59260 78700 140550 121760 8170 118510 21080 82130 58770 66340 82690 
90340 106740 153570 0 67751 146810 161070 153080 185720 43480 175470 88000 42320 169540 54520 180211 59970 100680 141070 12280 125031 81670 156510 95420 169610 172491 97770 22880 33770 99160 81700 184140 78250 42550 133070 126220 147560 120191 146880 87730 65910 35720 23790 28520 63170 81810 74011 165970 74901 65200 36730 91380 108650 28640 36250 179750 168061 29510 50180 39190 132660 152840 70280 80791 146880 115981 86710 16310 32960 153080 38770 144240 117910 168450 90300 84550 
97920 45460 119951 68060 0 89650 127041 115011 140041 53950 186320 80080 88040 121120 95200 164570 79920 39400 108740 56890 161050 17490 134310 44220 178370 157920 95310 46410 35200 109950 135180 141441 24190 77580 149290 73650 167140 150420 121860 98500 19500 33821 89750 40700 10460 20530 9620 121021 9000 25890 31800 29550 129310 55440 66370 176710 153490 48631 115510 84910 121320 157980 21650 16400 151790 117730 52230 65850 59010 115011 49380 99461 56630 169050 92850 98670 
96230 47290 53480 147190 89430 0 60270 47510 62490 105920 140860 82020 133840 37180 129610 99100 105600 53090 46770 135510 162331 75120 71390 53820 133630 99160 80980 125380 116520 104460 180530 65810 71750 120450 123151 22460 138921 140381 60470 99900 82150 111540 160090 122150 90340 70320 82050 40900 84010 82800 117370 66480 117431 120340 119650 118750 95420 118040 175900 128840 76140 118470 77100 85010 114560 91370 62310 137840 118530 47510 109350 32990 37070 111860 91340 108030 
75470 92730 9200 161010 127400 60360 0 14890 25350 121600 86950 75240 132570 27880 120060 40210 101510 92450 22190 149800 124660 116431 17610 85510 79720 40470 62760 150320 146830 78140 174400 22670 105280 122760 83130 54491 91350 103490 13990 79420 115680 140630 159980 151280 124970 111631 120120 23460 122080 113760 150630 108141 85040 133300 127110 59870 41640 136790 172541 127570 37300 64780 110630 125630 60870 63480 86000 145340 128010 14890 125800 28380 89430 58070 71070 87420 
77700 80240 8100 153270 114910 47460 14950 0 30750 114310 95350 70640 133350 22340 122290 54480 99760 79960 12240 143100 130620 103941 26010 73020 88120 53780 64990 141000 134340 80370 176690 30850 92790 121380 89090 42001 99650 109450 15660 81650 103190 128140 160870 138790 112480 99141 107630 17610 109590 101270 138140 95651 90060 126600 121800 73360 50040 130080 174181 128350 39530 73080 98140 113140 69170 66220 73510 140100 121310 0 118060 15890 76940 66470 73300 89650 
98460 105031 31440 184950 139701 62350 25060 30880 0 143240 100021 98230 155560 25240 143050 48510 124500 104751 41550 172410 146790 128732 39740 99140 94060 51740 85750 167140 160480 101130 197450 7600 118910 145750 104830 66651 113250 125620 36420 102410 129310 154280 182970 164930 137701 123932 132421 22900 134381 127390 164280 120442 107170 155910 150100 68170 55120 158690 195531 150560 60290 83660 124260 137931 80360 85610 99630 168480 150620 30880 146670 41780 98620 72860 94060 110410 
55490 75740 114960 43920 53760 105950 121620 114470 143390 0 146270 49870 40320 127400 43050 139270 27610 67160 102460 33170 107290 53690 115700 59170 139080 131550 59640 32780 33290 64590 86650 143200 43540 27180 104280 84080 119280 100320 108720 53120 36100 27200 58550 34050 44840 53230 54390 124370 56400 30380 37870 62620 80370 16170 17930 145392 127120 18500 80070 36720 94530 120650 35970 60670 114480 79100 44570 33990 14890 114470 6480 102100 86910 132842 52170 50350 
94990 163211 87390 174710 185770 141160 86720 94970 100293 146980 0 105850 143320 113830 125910 54072 122250 160830 95860 172880 82380 178120 69880 144770 9560 52330 93270 173620 180030 83010 157640 93653 162370 140270 43710 127141 32900 64540 82460 95330 166850 174060 172350 179200 178330 173840 179400 109110 181360 161460 185450 176750 67530 156540 147200 36541 48510 162170 180230 139510 68750 28690 163970 185220 33570 71680 132790 162150 151260 94970 152900 107970 161361 29240 95530 99080 
18090 77980 69290 87980 80080 80990 75390 70630 98900 49610 105900 0 63830 88000 54210 95380 30240 67260 58620 77810 86650 74770 70680 49210 98060 87660 16630 78330 82170 30120 107360 96970 59020 51860 68640 59120 84410 73480 62490 20690 61250 76200 91240 82930 72130 71340 76050 83520 78010 55860 86890 78770 52370 61310 55620 102020 83230 64800 103631 58830 49510 79630 59450 81870 73460 37900 33950 73870 56020 70630 55530 62260 78820 91642 13020 27220 
60300 114420 128390 42900 88090 133900 132820 132970 156330 40330 143530 63460 0 150340 19790 150171 34170 105840 120960 42280 90881 92370 126900 90800 137670 142451 71300 46990 58150 67710 47330 154400 82220 17260 101130 111530 115620 86041 119920 57870 74780 56130 34350 53630 79320 91910 90440 145860 91850 69060 62960 101300 76710 35320 23010 147810 138021 42130 42450 6090 105730 120900 74650 97900 114940 85020 74770 29830 30090 132970 41290 124600 123100 136510 62550 52030 
98270 82880 29440 169630 120880 37320 27160 22310 25510 127370 113221 88000 150710 0 141090 62750 117120 85930 32280 159210 150600 109911 44090 81540 106380 64940 85560 151250 144590 100940 197010 28830 100210 138740 109070 47830 120780 129430 36230 102220 110610 138390 178090 149040 118880 105111 113600 5190 115560 111260 145830 101621 110630 142210 138160 82410 67810 142820 193391 145710 60100 91220 105560 119110 87310 86790 83760 156460 137670 22310 130800 26930 73590 84550 93870 110220 
47720 116670 115730 54290 95330 129330 120160 122800 143670 42710 126220 53800 19880 140680 0 134010 26210 105590 111300 54180 74331 95660 114240 88400 120360 126290 60190 58890 67460 51600 54470 141740 85510 19720 83820 107210 98310 69491 107260 42830 78070 63370 49630 64680 86430 95200 96360 136200 98370 72350 72940 104590 59400 42560 31130 130500 121860 49370 56500 16830 93070 103590 77940 102640 97630 67710 71860 41730 37330 122800 46160 114940 121630 119200 50360 35920 
92900 130780 48640 180121 164820 99490 40520 54700 48770 140030 54031 96070 150850 63500 134160 0 119940 130500 57260 168270 110641 154180 31630 121650 47420 9830 81830 168790 172590 85060 174511 42130 141420 141040 64621 92660 69730 89471 44210 95380 148150 166620 178260 173390 159030 149380 157700 60150 159660 142760 177540 146191 78061 151730 145540 21080 14180 155220 188690 145850 47040 39870 145270 163210 39711 66900 114990 163770 146440 54700 145950 68080 128120 25770 89350 101750 
31350 93290 96880 59640 79900 105480 101310 99580 124820 28000 122050 30070 34580 116950 26260 118960 0 82500 87570 52050 81650 78660 95390 65900 114860 111240 39330 52950 59960 40370 79981 122890 67080 22450 80060 83610 95060 74680 88410 28900 61070 54160 61990 58530 71950 78200 79360 112470 81370 55610 65040 86830 56150 35930 26430 121313 106810 42170 74381 29580 74220 96430 60940 85640 90260 56991 49050 44660 30650 99580 33490 91210 98250 110013 31860 26130 
85990 11820 84821 101000 39060 52990 91911 79881 104911 67200 161230 68150 105720 85990 105550 130210 82320 0 74210 89750 154740 24750 99950 19450 153280 127700 78240 79270 68280 98020 152050 106311 24390 93560 130580 38520 146380 141980 87950 88590 37150 65430 118740 74550 39970 19950 31680 85891 33640 38100 68290 16820 117620 75980 84050 147280 123960 73680 143920 102060 94370 132930 32100 34640 126700 95850 35940 94180 76300 79881 65010 64331 22130 140640 80920 92130 
67500 74420 13640 141320 108620 46730 22160 12300 41750 102360 95910 58690 121400 32500 111780 56850 87810 74140 0 131150 123020 97820 26590 65520 88680 54340 54120 131670 126420 70170 165730 41440 85290 109430 81490 36300 95190 101850 14590 71450 95690 120220 148810 130870 104980 93020 101340 27770 103300 93350 130220 89831 79860 114650 109850 73920 50600 118130 162111 116400 30720 69180 90640 106850 64320 56020 65580 128150 109360 12300 106110 14110 71760 67030 63100 79450 
82170 95510 143710 12310 56521 135430 149890 143220 172670 32830 173040 78140 42120 158890 54850 167580 52520 89450 131210 0 125641 70440 143970 84630 165850 159860 87910 11650 22800 91270 83770 171620 67020 39020 130960 115570 145960 120801 136990 79800 54680 24490 33920 17570 51940 70580 62781 155860 63671 54410 27010 80150 107050 18780 28020 172133 155390 18860 59840 38990 122800 147420 59050 69561 141160 107370 76060 14730 23100 143220 28120 133590 106680 160833 80440 77030 
70170 166150 125840 124341 160210 162421 127270 132910 149360 107620 82980 85740 90810 153170 74121 111430 80970 153930 125580 124231 0 155150 109940 135100 82930 106040 84480 128941 138280 64550 82830 144250 139150 91191 47570 140200 52000 22310 116000 66270 141110 133190 115360 135581 152260 151720 156180 148450 158390 135450 143760 159150 44530 113620 102601 105710 101371 120430 109670 88790 93680 77560 139310 162250 72840 69070 118310 111781 108390 132910 112520 135760 171110 94410 74630 63460 
92960 31230 108782 81960 17420 75420 115872 103842 128872 53910 179030 75120 92430 109951 96140 154090 78840 25170 98090 70710 156320 0 123830 35330 171080 149300 89090 60230 49240 104990 138760 130272 16900 80270 144480 62481 162330 145690 111830 93540 19520 46390 103540 55051 19540 5460 8830 109852 10790 24810 48300 12590 124580 61820 70760 168160 144870 56660 128030 89300 112700 150690 18120 10150 144500 112770 44940 77650 63010 103842 51720 88292 42400 160920 87890 93710 
70000 100380 18390 156490 134420 71590 17720 25970 39810 116130 70180 70600 127100 44260 114590 31480 96040 100100 26860 144330 109540 123780 0 91250 62950 28610 57290 144850 148340 66520 164110 34700 111020 117290 67850 62260 74580 88370 13460 73950 120660 142140 154520 149450 130710 118980 127300 39540 129260 115270 152140 115791 69920 127830 121640 48190 24870 131320 167071 122100 23760 48010 116370 132810 44100 48360 87500 139870 122540 25970 122050 38970 97720 41300 65600 81950 
67810 30120 77960 95520 44130 53680 85050 73020 99240 59010 145150 49970 90560 81730 88210 121310 65820 19330 65480 84490 136020 34830 91050 0 137240 114930 60060 74360 65500 79840 137380 100640 20730 77670 114540 34560 130340 124470 78600 70410 31130 60520 112080 71130 40420 30030 37760 80220 39720 31780 66350 33090 99440 69320 74030 133790 110500 67020 132750 85560 78330 116890 26080 43390 110660 79810 17760 87520 69640 73020 58350 57950 35080 126500 62740 74150 
87480 155231 80160 168750 177790 133910 79490 87740 94202 139000 9570 97870 137360 106580 119950 47260 115180 152850 88630 165810 81750 170140 62650 136790 0 45100 85290 166550 172960 75940 155040 87562 154390 134090 38020 119161 32550 62260 75230 88260 158870 166990 166390 172130 170350 165860 171420 101860 173380 152580 178380 168770 61570 149470 140130 30450 41280 154190 174270 133550 60770 20710 155990 177240 25590 63700 124810 156190 144190 87740 144920 100740 153381 22010 87550 92010 
84700 127550 45560 171921 157820 98760 40651 53140 51711 131830 52350 87870 142650 65291 125960 9300 111740 127270 54030 160070 105640 148520 28050 114650 45120 0 73630 160590 164390 76860 169510 45071 134420 132840 59620 89430 64340 84470 40630 87180 139950 158420 170060 165190 150830 143720 151450 61941 153410 134560 169340 142961 73060 143530 137340 25690 5930 147020 180280 137650 38840 34480 137070 157080 34710 58700 106790 155570 138240 53140 137750 66140 124890 23470 81150 93550 
16010 85690 58310 97970 95270 81010 62740 65380 86250 59600 93020 16670 71190 85960 60220 81090 39510 78110 54130 87800 85100 88680 56820 60060 85180 73370 0 88320 92160 24940 112720 84320 72930 61130 57210 60350 72980 65610 49840 19690 76440 86190 98600 92920 87320 85250 89960 81240 91920 71050 97070 90910 42660 71300 65110 87730 68940 74790 110991 66190 35650 66750 74640 95780 60580 25390 44850 83340 66010 65380 65520 60770 86530 78762 11230 27620 
82790 85030 144540 22980 46041 125290 150720 140930 167170 33050 173660 78970 46820 151160 58730 168410 53200 78970 132040 11730 130341 59960 144800 74490 166470 160690 88740 0 12320 91890 91020 168570 56540 41110 131580 106330 146580 123450 137820 80420 44200 14010 44590 7210 41460 60100 52301 148130 53191 44920 16540 69670 107670 18900 29900 172753 156220 16250 70510 43690 123630 148040 48570 59081 141780 108200 68330 20990 24650 140930 26630 125860 96200 161453 81270 77650 
87960 74400 139420 33830 34871 116430 146520 134490 160730 33200 178830 82340 58120 144720 67170 171780 60080 68340 126440 22800 139250 49251 148030 65630 171640 164060 92110 12320 0 97060 102320 162130 47680 49550 136750 97470 151750 131890 137150 85590 35340 6340 55480 6410 30290 49470 41131 141690 42021 38480 6040 59040 112840 26580 38340 177923 159590 19920 81150 54990 127000 153210 39710 47911 146950 111570 61890 32290 32180 134490 26780 119420 85570 165352 84640 82820 
13440 108900 73210 98540 110230 104200 77640 80280 101150 65600 82800 30410 67330 100860 51440 84640 40380 97410 70130 90950 65090 104920 66340 79360 75610 76920 24960 91690 98100 0 101130 99070 89170 59290 40810 83540 56580 46700 64740 12450 91400 92130 95170 97270 102280 101490 106200 96140 108160 86010 103010 108920 24580 74670 65330 83890 72490 80730 105760 62330 46570 57180 89600 112020 51010 18970 64100 83560 69390 80280 71460 80090 109740 72590 17860 17210 
99250 161950 169770 81730 135611 181800 174200 176840 197710 86590 157750 107360 47450 196030 54550 174740 80151 153370 165410 83480 82700 139900 163820 139280 155160 169350 112730 91310 102470 101650 0 195780 129750 63400 118420 159500 126100 93800 161250 94360 122310 102170 61520 97950 126850 139440 137970 191550 139380 116590 107280 148830 97920 81580 69270 169020 164681 88390 36590 52350 143970 142110 122180 145430 136150 115600 120990 71720 76350 176840 87550 169160 172510 157720 102800 86780 
97440 107021 30420 183930 141691 66340 23010 31690 7700 143460 94151 97210 154540 29230 142030 42640 123480 106741 41760 171960 142450 130722 35400 101130 88190 45870 84730 169130 162470 99430 196430 0 120900 144730 99840 68641 106850 121280 35400 101390 131300 156270 181950 166920 139691 125922 134411 26120 136371 129380 166270 122432 102830 155270 149080 62300 49250 158760 194511 149540 56670 77790 126250 139921 75370 81270 101620 167460 149980 31690 147210 43770 102610 66990 93040 109390 
76900 33420 97870 78060 24250 71670 104960 92930 119101 43370 162970 59060 81890 100180 85600 141220 66770 24610 85390 66810 140030 16600 110960 20870 155020 134570 73030 56330 47470 88930 128220 120501 0 69730 128270 52710 146120 129400 98510 77480 13320 42490 94910 53100 20600 13570 17880 100081 19840 14270 48320 21250 108290 52150 60220 153360 130140 49850 119050 78760 97970 134630 8270 23700 128440 96710 28880 70350 52470 92930 41180 77860 44590 145700 71830 77650 
50180 102090 118270 42390 77440 120330 122700 121030 146210 27090 139870 51520 16980 138400 19750 140051 22230 93510 109020 38920 91491 80040 116780 77730 133620 132331 60780 41210 49570 59310 63150 144280 69890 0 97470 98460 111960 86651 109800 47880 62450 45480 41530 46790 68670 79580 79790 133920 81170 56730 55050 88970 73050 24670 13240 140143 127901 31480 58520 11980 95610 115190 62320 87020 109020 75821 61700 28000 19440 121030 30400 112660 109740 128843 52430 44890 
53430 135170 81670 131960 148480 122592 83100 88740 104040 105310 43080 68600 100570 109000 83160 64280 80090 130070 81410 130660 46680 143440 67000 114010 37400 58890 57190 131400 137810 40850 118290 98270 127420 97520 0 103262 16450 25510 73200 53170 129590 131840 129600 136980 140530 140010 144450 104280 146680 124200 142720 145990 24780 114380 105040 58560 54221 120440 137480 96760 51090 30410 127790 150540 25690 38230 99750 119400 109100 88740 111170 94190 136010 47260 56710 56600 
75810 38730 46671 126590 73400 22350 53761 41731 66761 84000 127401 60100 111420 47840 107440 92310 83680 38450 36310 115840 139900 62431 62050 34390 119561 89800 60560 106360 97500 83840 157740 68161 52730 98530 103601 0 119371 117950 50050 79480 63130 92520 137660 103130 71400 57631 66120 47741 68080 63780 98350 54141 95000 98840 97730 109380 86060 99020 153110 106420 60581 100281 58080 71630 94051 71820 40390 115920 96610 41731 87430 26181 35950 102490 70920 87070 
69240 151620 92150 146660 165500 138382 91480 99940 112930 120270 32880 84410 115270 119870 97860 69360 95050 146520 95090 145620 50900 160460 74640 130460 32540 63970 73000 146360 152770 56660 125970 105710 144440 112220 17050 119052 0 32830 85790 68980 146610 146800 144300 151940 157550 157030 161470 115150 163700 140760 157680 162440 39480 129340 120000 57880 59660 135400 152180 111460 64400 31650 144810 167560 30890 54040 115560 134100 124060 99940 126130 107870 152302 46690 72520 71300 
55900 146970 103380 120171 150110 140241 104080 110770 127220 101180 64460 73150 86681 131030 69951 89290 74530 141190 103440 120061 21230 145050 87800 123140 62170 83900 65610 123720 131840 46560 94470 122110 129050 86810 25430 118020 32770 0 93650 53380 131010 126750 116431 129300 142160 141620 146080 126310 148290 125350 137320 149050 23070 107180 96200 83570 79231 113990 121310 84661 71540 55420 129210 152150 50700 47610 106520 107611 101950 110770 106080 113580 147810 72270 60800 53360 
62350 88150 8790 146880 121760 60400 14000 15860 36730 108480 82570 62120 119450 36440 106940 44070 88390 87870 14630 136680 115270 111550 13430 78590 75340 41000 49640 137200 137050 65020 161250 35150 98360 109640 73740 50030 85840 94100 0 66300 108760 130850 146860 141500 118050 106750 115070 31720 117030 103980 140850 103561 74710 120180 113990 60580 37260 123670 159251 114450 24180 59270 103710 120580 55360 50870 76210 132220 114890 15860 114180 27780 85490 53690 57950 74300 
5580 98480 74970 87260 98360 99720 79400 82040 102910 54040 94870 20760 57750 102620 42850 94960 28880 87760 71850 79670 67110 93050 73480 69710 87680 87240 19470 80190 86600 12170 94460 100980 77300 48010 52880 79060 68650 53720 66500 0 79530 80630 85160 85770 90410 89620 94330 97900 96290 74140 91510 97050 32610 63170 54050 95182 82810 69230 97170 52750 52310 69250 77730 100150 63080 29390 54320 72280 57890 82040 59960 79480 99320 83882 9130 8620 
79110 44040 108290 66120 19540 82090 115380 103350 129521 36180 167150 61270 74700 110600 78410 147290 61110 37260 95810 54870 141910 19290 120240 31290 159200 139570 76500 44390 35530 91140 121030 130921 13640 62540 129660 63130 146640 131280 108930 79690 0 30550 86260 41160 11860 19110 18960 110501 20970 7080 36380 28680 109880 44630 53030 158360 135140 39470 111000 71570 102970 139630 5370 25960 133440 98920 34100 60520 45280 103350 33990 88280 55210 150700 74040 79860 
82040 71720 133400 35910 33171 111980 140500 128470 154710 27280 172910 76420 55860 138700 63020 165860 54160 65660 120420 24660 133730 46650 142010 61180 165720 158140 86190 14180 6270 91140 102000 156110 43230 45400 130830 93020 145830 126680 131130 79670 30890 0 57520 10950 28440 46790 39431 135670 40321 32460 11820 56360 106920 22430 34190 172003 153670 14810 82160 52730 121080 147290 35260 46211 141030 105650 55870 32310 27670 128470 20860 113400 82890 159432 78720 76900 
87630 127310 155720 23910 89361 160000 160150 160300 183660 58570 171960 90790 34380 178090 49480 177501 61500 118730 148290 33890 115500 103510 154230 112170 166100 169781 98630 44490 55380 95300 61560 181730 95110 41490 129560 137450 144050 115731 147250 85200 86140 57330 0 50130 84780 103510 95791 173630 96681 81950 59090 113080 105140 43140 42930 176240 165351 47960 26470 33620 133060 149330 87540 102661 143370 113271 100570 26470 44680 160300 54180 151930 138480 164940 89880 79620 
88730 80670 143560 28590 40640 122280 150650 138620 164860 34050 179600 83190 53570 148850 64670 172630 59140 74610 130570 17620 136440 55371 149020 71480 172410 164910 92960 7200 6410 97830 97770 166260 53530 47050 137520 103320 152520 129390 141280 86360 41190 10780 50200 0 36560 55740 47251 145820 48141 42610 10620 65310 113610 24840 35840 178693 160440 19460 75870 50440 127850 153980 45560 54031 147720 112420 66020 27740 30590 138620 27630 123550 91840 166242 85490 83590 
89990 46060 117240 63000 10280 90250 124330 112300 138011 44870 178850 72150 79230 119090 86390 158170 71990 40000 104760 51750 153120 19610 130330 40240 170900 150450 87380 41270 30070 102020 126370 139411 21000 68770 141360 71620 159210 142490 117880 90570 11860 28000 84610 36340 0 21130 13410 118991 14790 17960 30080 30700 121380 46630 57560 169240 146020 41420 109490 76100 113850 150510 14100 20840 144320 109800 44980 59260 50200 112300 40300 97230 57230 161580 84920 90740 
89160 26240 103792 82160 20220 70430 110882 98852 123882 53090 174570 71320 91610 104961 95320 149100 78020 20180 93100 70910 152520 5340 118840 30340 166620 144310 85290 60430 49440 101190 137940 125282 13100 79450 140680 57491 158530 141890 106840 89740 19330 46590 103600 55710 21130 0 12840 104862 14800 23990 49450 10110 120780 61630 69940 163170 139880 56470 128230 88480 107710 146270 17290 15230 140040 108970 41140 77520 62190 98852 50900 83302 37410 155930 84090 89910 
93980 37960 112681 74501 9630 82150 119771 107741 132771 54400 180050 76140 90580 113850 96630 157670 79330 31900 101470 63251 157110 8910 127210 37950 172100 151650 90110 52771 41701 106010 137540 134171 17920 80120 145350 66380 163200 146480 115210 94560 18900 39921 96281 47201 13500 13030 0 113751 2540 25300 40510 20970 125370 57980 68910 170440 147220 52820 122201 87450 115050 151710 19090 8480 145520 113790 45960 72211 61550 107741 51370 92191 49130 162780 88910 94730 
93590 85740 24760 166040 120791 41080 23430 17590 23090 124330 108810 83530 146240 5200 136620 59410 112650 85841 27760 155870 145920 109822 39470 80230 101580 61600 80880 148210 141550 96260 192540 25690 100000 134270 104390 47741 115980 124750 31550 97540 110400 135350 173640 146000 118791 105022 113511 0 115471 108480 145350 101532 105950 139170 134570 79070 63500 139780 188921 141240 55420 86540 105350 119021 82630 82110 80720 152870 134080 17590 127760 22870 77350 79930 89190 105540 
95960 39940 114661 74971 8790 84130 121751 109721 134751 56350 182030 78120 91960 115830 98580 159650 81280 33880 103450 63721 159320 10890 129190 39930 174080 153630 92090 53241 42171 107990 139100 136151 19900 81470 147480 68360 165330 148690 117190 96540 20850 40391 96751 47671 14850 15010 2540 115731 0 27250 40370 22250 127580 59330 70260 172760 149200 54170 122671 88830 117030 153690 21050 7400 147500 115770 47940 72681 62900 109721 52720 94171 51110 164760 90890 96710 
73830 46710 106360 65430 25900 82390 113450 101420 127640 30450 161680 55990 68970 110900 72680 142010 55760 38130 93370 54400 136460 24660 114960 31590 152780 134290 71220 45020 38360 85860 115300 129040 14510 56810 124380 63430 141360 125830 104080 74410 7070 32160 81990 42810 17950 24200 25360 108620 27370 0 41100 33590 104600 39230 47300 153080 129860 36930 106130 65840 97690 134350 6940 31640 128160 93640 28820 57430 39550 101420 28260 86350 57880 145420 68760 74580 
92710 74260 142910 36830 31860 117360 150010 137980 164220 37620 184090 86610 62930 145870 72590 176530 64830 68200 129930 27040 144400 48430 151520 66560 176560 168810 96860 16560 6090 101810 107130 165620 48610 54970 141500 98400 156500 137350 140640 90340 36270 11190 59110 10650 30150 49330 40560 145180 40450 41120 0 58900 117590 32000 43760 182673 164340 25340 85330 59800 131750 158050 40640 47280 151880 116320 65380 37100 37600 137980 31530 122910 85430 170142 89390 87570 
96570 19810 100312 91770 29200 66720 107402 95372 120402 62490 177060 78730 101010 101481 104720 145701 86440 17060 89701 80520 159930 12040 115441 33010 169110 143191 90770 70040 59050 108600 147340 121802 20890 88850 146160 54011 162210 149300 103441 97150 28940 56200 113210 65320 30740 10140 20610 101382 22010 33390 59060 0 128190 71240 79340 162771 139451 66080 137840 97880 110200 148760 26690 20900 142530 111680 46620 87130 71590 95372 60300 79822 32490 156131 91500 97320 
34940 124220 82870 107760 129150 117491 85141 89940 107231 81370 67400 52190 76370 110520 58960 78170 56150 117230 79790 106720 43410 124090 69391 99180 61540 72780 42860 107460 113870 24640 97690 102121 108090 73320 25000 95270 39490 23210 74400 32420 109780 107900 105400 113040 121200 120660 125120 105800 127330 104390 118780 128090 0 90440 81100 72450 68111 96500 113280 72560 51570 45540 107980 131190 39580 24860 83770 95200 85160 89940 87230 90830 125060 61150 39840 32400 
65580 84590 127330 28910 55011 120250 133510 126840 156290 16170 156360 61760 35080 142230 42240 151160 35990 76010 114830 18740 113930 61730 127590 69450 149170 143440 71530 18940 26220 74680 81410 155090 52390 24620 114370 98910 129370 106960 120610 63210 44490 22130 43180 24520 46610 61550 57730 139200 59110 39230 31700 71120 90460 0 13410 155543 139010 7760 67290 31950 106420 130740 44820 65160 124570 90990 59400 18620 6700 126840 11460 116930 95760 144243 64060 60440 
57030 92700 122280 36160 66370 119730 127190 121790 150700 17930 147350 55950 22970 138500 30890 144840 26660 84120 109780 27920 102631 70650 121270 74330 140160 137120 65210 30140 38500 65850 69300 148770 60500 13270 105360 97860 120360 96040 114290 54420 53060 34410 43030 35720 57600 70190 68720 134680 70100 47340 43980 79580 81450 13600 0 146993 132690 20410 62720 19840 100100 121730 52930 76150 115560 82671 59730 21180 8370 121790 19570 112960 103870 135693 57740 51430 
92392 147140 65150 178670 176650 118350 60290 72730 68540 145012 36381 102290 147280 83270 129870 21240 121003 146860 73620 171663 105170 167350 47640 133480 30420 25630 88050 172173 178583 83960 169040 61900 153250 140483 59150 109020 57910 84000 60220 94872 158780 172613 176310 177753 169660 162550 170280 79920 172240 153390 183493 162551 72590 155153 146303 0 24060 160702 184190 143470 57130 31030 155900 175910 33710 69442 125620 164533 149873 72730 151432 85730 144480 11700 92312 100030 
80160 123770 41780 167381 153280 94980 41110 49360 54850 127290 48590 83330 138110 67650 121420 13630 107200 123490 50250 155530 101021 143980 24270 110110 41360 5910 69090 156050 159850 72320 164891 48210 129880 128300 55001 85650 59980 79851 36850 82640 135410 153880 165520 160650 146290 139180 146910 62930 148870 130020 164800 139181 68441 138990 132800 24140 0 142480 175740 133110 34300 30150 132530 152540 30091 54160 102250 151030 133700 49360 133210 62360 121110 19710 76610 89010 
70670 81320 130460 29780 47761 117960 136800 129970 158840 18500 161450 65050 41970 142850 49130 154450 42230 73720 117960 19030 120820 56570 130880 67160 154260 146730 74820 16290 19870 79770 88300 158380 50100 31510 119460 99000 134460 113850 123900 68300 39330 14880 47970 19440 41400 56390 52570 139820 53950 36940 25350 65960 95550 7760 20300 160633 142300 0 72080 38840 109710 135830 42530 60000 129660 94280 60020 22230 12940 129970 12080 117550 92490 148022 67350 65530 
100121 152641 168211 50310 115002 176801 172641 173631 196151 79950 180510 103651 42400 192131 56260 188580 74501 144061 161511 59691 110100 128321 166721 134630 174650 180580 111121 70131 81011 105890 36770 194221 119361 58750 138110 154601 152301 121200 159741 97120 110531 82381 26470 75761 109191 128141 121432 187651 122322 106201 85201 137711 113690 67361 62630 184790 176150 72181 0 47580 145551 157880 111791 128302 151920 122000 116340 50691 68131 173631 78401 165261 163811 173490 102371 90210 
56370 110740 124460 39220 84410 129970 128890 129040 152400 36650 140440 59530 5330 146410 17180 146241 30240 102160 117030 38600 88271 88690 122970 86870 134580 138521 67370 43310 54470 63780 51500 150470 78540 13330 98040 107600 112530 83431 115990 53940 71100 52450 33480 49950 75640 88230 86760 141930 88170 65380 59280 97620 73620 31640 19330 144720 134091 38450 46870 0 101800 117810 70970 94220 111850 81840 70840 26150 26410 129040 37610 120670 119170 133420 58620 48100 
48590 95491 32160 133090 121370 76130 36590 39230 60100 94720 68840 49680 105690 59810 93180 46650 74630 94260 30730 122920 92630 112070 23270 78200 61000 38930 35880 123440 127280 46650 144080 56000 97970 95880 51100 60391 64380 71460 23690 52540 103500 121310 133100 128040 114380 107270 115000 55090 116960 98110 132190 110180 51180 106420 100230 57090 34500 109910 145491 100690 0 41720 100620 120630 35490 28540 70340 118460 101130 39230 100640 43510 93641 49720 44190 60540 
68980 136201 64930 151920 157750 116610 64260 72510 83271 120500 28690 79370 120530 91350 103120 39730 96680 132810 68740 147310 76820 150100 47420 116750 20850 34340 66790 148050 153060 57440 141850 76631 134350 115590 31060 100131 31740 55650 58890 69760 139430 147090 149560 153630 150310 145820 151380 86080 153340 134040 157970 148730 45840 130970 121630 30930 30030 135690 157440 116720 41740 0 136550 157200 6920 45200 106270 139360 125690 72510 126420 81520 134351 19630 69050 73510 
77820 41260 103710 70080 21920 77510 110800 98770 124941 36090 164890 59980 74610 106020 78320 145030 61020 32680 91230 58830 140620 18430 116800 26710 156940 137310 75210 48350 39490 89850 120940 126341 9060 62450 128370 58550 145350 129990 104350 78400 5120 34510 87630 45120 14550 17970 19350 105921 21310 6990 40340 27360 108590 44870 52940 156100 132880 42570 111770 71480 100710 137370 0 25410 131180 97630 31620 63070 45190 98770 33900 83700 52430 148440 72750 78570 
99490 39600 117931 81041 16190 85210 125021 112991 138021 60550 185560 81650 98050 119100 102780 162920 85480 34960 106720 69791 162850 10240 132460 43460 177610 157160 95620 59311 48241 111520 145190 139421 23430 86910 151010 71630 168860 152220 120460 100070 25950 46461 102821 53741 20940 15250 8630 119001 7390 31450 47140 21070 131110 65420 76350 176290 152730 60260 128741 94920 120560 157220 24760 0 151030 119300 51470 78751 68990 112991 58360 97441 52190 168290 94420 100240 
63170 130391 61830 146340 151940 112640 61160 69410 80480 114690 33630 73560 114950 88250 97540 39970 90870 127000 64770 141440 72840 144290 44320 110940 25790 34580 60980 142180 147250 51630 136270 74710 128540 109780 26820 94321 31180 51670 55790 63950 133620 141280 143980 147760 144500 140010 145570 82980 147530 128230 152160 142920 40260 125160 115820 33420 29911 129880 151860 111140 35930 6510 130740 151390 0 39390 100460 133780 119880 69410 120610 77550 128541 22120 63240 67700 
26900 100850 59120 115171 117760 91250 63550 66190 85920 79070 71630 37940 84760 86770 67350 66380 56661 95770 56040 107270 68100 112450 48080 79710 63790 58660 25730 107790 111630 18950 115630 80810 96700 76141 38610 71920 54380 47900 50650 29380 98930 105660 113361 112390 109810 108780 113730 82050 115690 93540 116540 111690 24950 90770 81961 69042 54230 94260 121670 80600 28450 45360 97130 119550 39190 0 68630 100191 85480 66190 84990 67480 101690 57742 27620 35480 
51820 46590 78440 87140 52250 62280 85530 73500 99720 44550 132730 33980 74670 83730 71720 114120 49100 35800 65480 76390 119650 44600 87070 17750 124890 106400 44860 68430 61770 63850 120840 101120 28850 61780 100070 40410 115840 107010 76190 54350 34090 55570 100460 66220 44970 41170 45880 80700 47840 28700 65570 46830 84060 59390 59570 125190 101970 60000 116210 69670 69800 106460 31050 51700 100270 68590 0 76470 57160 73500 47980 58430 51550 117530 46750 57890 
75320 102370 140620 16190 65331 138060 145480 140130 169140 34130 163530 74240 29690 156840 42420 163170 44950 94290 128120 14150 113091 77300 139560 87730 157670 155450 83500 21030 32190 84140 71590 167210 70670 28100 121130 116190 135620 108251 132580 72710 60430 32450 26520 27670 59090 77440 71591 153020 72481 57510 37000 87010 96710 18700 21230 165283 150980 22250 50630 26560 118390 140020 63100 78371 133850 100961 76680 0 20240 140130 29740 131300 113540 153983 76030 69720 
60380 84920 121920 33210 58850 118590 128100 121430 150880 14910 151160 56350 29950 138140 37110 145750 30790 76340 109420 23040 108800 62870 122180 69780 143970 138030 66120 24670 31770 69480 76280 149680 52720 19490 109170 96720 124170 101830 115200 58010 45280 27680 44770 30250 50080 62410 61200 134320 62580 39560 37250 71800 85260 6650 8280 150343 133600 12890 68310 26820 101010 125540 45150 68630 119370 85580 57210 20210 0 121430 11790 112600 96090 139043 58650 55240 
77700 80240 8100 153270 114910 47460 14950 0 30750 114310 95350 70640 133350 22340 122290 54480 99760 79960 12240 143100 130620 103941 26010 73020 88120 53780 64990 141000 134340 80370 176690 30850 92790 121380 89090 42001 99650 109450 15660 81650 103190 128140 160870 138790 112480 99141 107630 17610 109590 101270 138140 95651 90060 126600 121800 73360 50040 130080 174181 128350 39530 73080 98140 113140 69170 66220 73510 140100 121310 0 118060 15890 76940 66470 73300 89650 
61400 73630 118440 39220 49190 109290 125940 117950 146820 6480 152180 55780 41210 130830 46360 145180 33520 65050 105940 28470 113010 51580 121610 58490 144990 137460 65550 26680 26870 70500 87540 147090 41430 30470 110190 87510 125190 106040 114100 59030 33990 20900 54230 27630 40270 51120 51120 127800 52500 28270 31780 60510 86280 11470 19540 151363 133030 12080 78340 38080 100440 126560 33860 58550 120390 85010 48000 29670 11790 117950 0 105530 84800 138752 58080 56260 
75950 64690 20800 144210 99360 32960 27890 15860 41950 102080 108050 62280 124990 26610 115370 67340 91400 64410 14090 133920 135760 88391 38710 58170 100820 66480 60700 126150 119490 80000 169440 43350 77940 113020 94230 26451 108030 113800 27790 79630 88340 113290 152390 123940 97360 83591 92080 22930 94040 86420 123290 80101 90850 116920 112740 86060 62740 117530 165821 119990 43460 81920 83290 97590 77060 67430 58660 131040 112250 15860 105510 0 61390 79170 71170 87560 
97620 12980 81780 119260 57320 37090 88870 76840 98780 87410 161521 79780 123190 73470 121680 127730 98160 23170 71730 108010 171970 43010 97470 35290 153681 125220 86550 97530 86540 109830 170950 102100 44600 110010 136470 35790 152270 147870 85470 100220 56430 83690 138950 92810 58230 38210 49940 77190 51900 58310 86550 32350 124920 96190 104260 144800 121480 93570 164130 118190 93541 134401 52310 51640 128171 101740 51780 114390 96510 76840 85220 61290 0 138160 92550 107580 
84241 140500 58220 169620 169380 111420 57550 65800 72620 135611 32740 94481 138230 84090 120820 25320 112852 140220 66690 163512 96120 160080 40710 126210 25510 23160 80530 164022 170432 74910 159990 65980 145980 132332 50100 102090 49510 74950 53290 86721 151400 164462 167260 169602 162280 155280 163010 79370 164970 146010 175342 155911 63540 147002 138152 15120 19340 150801 175140 134420 49800 22170 148520 168640 24660 61291 118240 156382 141722 65800 141531 78800 137840 0 84161 90980 
5500 90710 66790 90490 92810 91280 71220 73860 94730 52120 95640 12990 62240 94440 50430 88760 32030 79990 63670 80320 75330 87500 65300 61940 87800 81040 11250 80840 84680 17680 102760 92800 71750 52430 56740 70620 72510 61080 58320 8990 73980 78710 89650 85440 84860 84070 88780 89720 90740 68590 89590 91500 39970 63820 57630 92682 76610 67310 102041 57240 44130 69370 72180 94600 63200 27640 46680 75860 58530 73860 58040 71260 91550 81382 0 16920 
13450 104060 82840 84300 98710 107590 87270 89910 110780 51470 98660 27190 51840 110490 35950 101080 26250 92060 79720 76820 64060 93400 81350 74010 91470 93360 27340 77560 83970 17310 86910 108850 77650 45160 56670 86050 71230 53430 74370 8560 79880 78000 79680 83140 90760 89970 94680 105770 96640 74490 88880 97400 32320 60540 51200 99750 88930 66600 90270 46840 60180 73040 78080 100500 66870 35370 57770 69430 55260 89910 57330 87350 107500 88450 17000 0 

0 Ciudad_0 0 0 32400 0
1 Ciudad_1 383 12692 16097 766
2 Ciudad_2 533 22044 25956 1066
3 Ciudad_3 825 14748 18881 1650
4 Ciudad_4 389 19242 21769 778
5 Ciudad_5 145 5709 8147 290
6 Ciudad_6 326 11386 14386 652
7 Ciudad_7 639 12954 15979 1278
8 Ciudad_8 792 6717 9062 1584
9 Ciudad_9 552 12053 16156 1104
10 Ciudad_10 456 18862 21379 912
11 Ciudad_11 146 19344 22443 292
12 Ciudad_12 444 21069 25755 888
13 Ciudad_13 785 13133 17063 1570
14 Ciudad_14 290 23156 27829 580
15 Ciudad_15 204 13416 16254 408
16 Ciudad_16 466 7014 10499 932
17 Ciudad_17 754 9800 12841 1508
18 Ciudad_18 346 5444 10080 692
19 Ciudad_19 232 5840 8851 464
20 Ciudad_20 440 7314 9617 880
21 Ciudad_21 136 24903 27428 272
22 Ciudad_22 384 9580 13677 768
23 Ciudad_23 440 15160 19470 880
24 Ciudad_24 805 13995 17494 1610
25 Ciudad_25 643 5363 8565 1286
26 Ciudad_26 306 5339 7858 612
27 Ciudad_27 617 23789 27546 1234
28 Ciudad_28 289 22270 26394 578
29 Ciudad_29 199 596 4310 398
30 Ciudad_30 504 16403 20232 1008
31 Ciudad_31 713 23407 26347 1426
32 Ciudad_32 266 16426 19161 532
33 Ciudad_33 748 24298 27008 1496
34 Ciudad_34 809 25056 27092 1618
35 Ciudad_35 315 23371 26786 630
36 Ciudad_36 771 18815 21868 1542
37 Ciudad_37 637 14356 17823 1274
38 Ciudad_38 565 2709 6081 1130
39 Ciudad_39 826 1969 4443 1652
40 Ciudad_40 104 24927 28057 208
41 Ciudad_41 639 17731 22500 1278
42 Ciudad_42 399 3700 7560 798
43 Ciudad_43 768 13138 17876 1536
44 Ciudad_44 662 4185 6280 1324
45 Ciudad_45 272 7688 11409 544
46 Ciudad_46 432 13209 18153 864
47 Ciudad_47 164 10014 13193 328
48 Ciudad_48 736 17638 20220 1472
49 Ciudad_49 742 22462 27453 1484
50 Ciudad_50 312 15347 19898 624
51 Ciudad_51 404 5798 9638 808
52 Ciudad_52 129 12869 16097 258
53 Ciudad_53 502 15350 18986 1004
54 Ciudad_54 711 2381 4405 1422
55 Ciudad_55 230 12242 15654 460
56 Ciudad_56 218 22012 26739 436
57 Ciudad_57 264 9551 12237 528
58 Ciudad_58 577 13739 16327 1154
59 Ciudad_59 618 6155 10725 1236
60 Ciudad_60 484 20105 24862 968
61 Ciudad_61 387 12549 16098 774
62 Ciudad_62 517 4846 9738 1034
63 Ciudad_63 311 18514 22834 622
64 Ciudad_64 531 9685 12242 1062
65 Ciudad_65 735 20926 24900 1470
66 Ciudad_66 408 8050 11647 816
67 Ciudad_67 334 6551 10145 668
68 Ciudad_68 630 22874 25994 1260
69 Ciudad_69 413 21593 23900 826
70 Ciudad_70 297 6359 9639 594
71 Ciudad_71 399 8435 10616 798
72 Ciudad_72 220 4567 7348 440
73 Ciudad_73 369 5653 9187 738
74 Ciudad_74 474 2597 6771 948
75 Ciudad_75 791 8807 11801 1582

0 -0.0605957 0.0492936 -0.0671204 0.0366373 -0.023759 -0.0103258 -0.0611452 -0.0825545 0.0143734 -0.0858797 -0.0139144 0.0975698 -0.0611877 0.0903944 -0.0969533 0.0321689 -0.0334289 -0.0592785 -0.0244615 0.0385719 -0.0252805 0.0177331 0.0809508 -0.0239873 -0.0248758 0.0971262 0.0870504 0.0482386 0.000764605 0.0313947 0.0974222 0.00453918 0.00991377 -0.0103222 0.0920966 0.095735 -0.0461291 -0.0491535 0.0978584 -0.0908361 -0.0572449 -0.0766643 0.0667296 0.0299209 -0.0955461 0.0317863 0.0832859 0.069029 0.0691506 0.061055 -0.0288739 -0.07552 0.0359172 -0.0355974 0.0566357 -0.0240169 -0.0818802 -0.0962515 0.0907168 0.0457841 0.0569685 0.0336597 0.0238897 0.0734682 -0.0543267 0.0406534 0.0888772 0.0965598 0.0826403 -0.0625221 -0.0489804 0.0113552 0.0715317 -0.0477718 0.0807727 
0.0605957 0 0.0990844 -0.0329344 0.0848925 -0.0413297 -0.0799218 0.0934686 0.048224 -0.0561571 -0.0539244 0.0452131 0.00778212 -0.0529143 -0.060373 -0.0957932 -0.0300185 -0.0388968 -0.00764408 0.0952851 -0.0728996 0.0606045 -0.0242963 -0.0500366 0.0776972 0.055824 0.0600247 0.0149332 0.0339337 -0.0560139 -0.094294 -0.0262007 0.0835643 0.0640691 -0.0444581 0.0636925 -0.0873161 0.0316443 -0.0106315 -0.070273 0.0117711 0.0221255 -0.0999868 0.00336984 -0.0906509 -0.075012 0.0844325 -0.0879051 -0.0215809 0.0592505 0.0628319 -0.0807374 0.0971491 0.0261247 0.0784728 0.0579643 -0.0124417 0.0847995 0.0873109 0.020586 -0.00844861 0.041124 -0.0606514 -0.0382923 -0.0159355 -0.0765105 -0.0106151 -0.0150222 0.00930758 0.0437006 0.0693091 0.0643047 0.0220183 -0.0446091 0.0725619 0.0254596 
-0.0492936 -0.0990844 0 0.0614582 -0.0473913 -0.0658105 -0.00110758 -0.0752233 0.0389907 -0.0798303 -0.0705356 0.0422958 -0.0412092 -0.0442069 0.054701 0.0446349 0.0753444 0.0620072 0.0827043 -0.0744765 0.0569925 0.0504388 0.0945726 0.050784 0.00957277 -0.0415517 -0.0519875 0.041053 0.033418 0.0365259 -0.097977 -0.0153911 0.0249241 0.0613678 -0.0564423 -0.0672933 -0.064966 0.0195916 0.0313262 -0.0202627 0.0889435 -0.0132618 0.000552279 0.0254194 0.0627814 0.0964961 0.0346521 0.0504172 -0.0174717 0.0436579 0.0553928 0.0968356 0.0984277 -0.0511369 0.0137527 0.0626421 -0.0426263 0.0589918 0.096542 0.00710345 -0.0362979 0.0805012 -0.0681921 -0.0452093 -0.00504614 0.0971114 -0.0537755 0.035957 -0.0189115 0.0402719 -0.0183076 0.0887015 0.0704605 0.058139 -0.0476201 0.0838424 
0.0671204 0.0329344 -0.0614582 0 -0.0354439 -0.0160946 0.011656 0.0951311 0.0853561 -0.0641236 -0.060739 0.0579059 -0.0521499 -0.051375 -0.0393538 0.0631281 0.00991772 0.0393876 -0.0231294 0.0523952 0.0446505 0.090976 -0.00989556 -0.0481311 0.000226642 -0.0867618 0.0768085 0.0608964 0.0575085 0.0455179 0.0338004 0.0731521 -0.0119001 -0.0610307 0.032581 -0.0289561 0.0282665 -0.083219 0.0396127 -0.0413206 -0.0418246 0.0901051 -0.070105 -0.0124776 0.0472666 0.0775589 -0.0255828 -0.0864235 0.0317776 0.0324885 -0.0528127 0.0465957 -0.0329978 -0.00326114 -0.0108352 0.0651046 -0.0606604 -0.0775177 -0.0818098 -0.0040799 0.0271824 -0.0895478 0.096025 -0.0521164 -0.00419772 0.079943 -0.07667 -0.0892467 0.0198266 0.046725 0.0179942 -0.0479929 -0.0458303 0.0396934 0.0326885 -0.0359186 
-0.0366373 -0.0848925 0.0473913 0.0354439 0 -0.04806 -0.0536073 0.00530156 0.0913174 0.00254127 -0.0103741 -0.0677015 -0.032015 -0.0270217 -0.0383446 -0.0317427 0.0638503 0.0578514 -0.0630842 -0.0686265 0.0909965 0.00772098 0.0600368 0.00459739 -0.0308366 -0.00387929 0.0846226 -0.029037 0.0125354 0.0337172 -0.0201469 0.0189491 0.0984327 -0.0684395 0.0509645 0.02375 -0.00276259 -0.0462329 0.000978616 -0.0293 -0.0331135 -0.0117185 0.0888158 -0.0710764 0.0675195 -0.0815418 -0.0730778 0.0605426 -0.0362306 0.0214103 -0.0735706 -0.0807286 -0.0682261 -0.0674927 -0.0182501 0.0429043 0.00032525 0.0054144 -0.0837487 0.016225 0.0320277 -0.00688893 -0.0605623 0.0206715 0.099018 0.0997297 -0.0766152 -0.0229281 0.0443621 -0.0916165 -0.0402744 -0.0892063 0.0554684 -0.0470213 0.0265844 0.071016 
0.023759 0.0413297 0.0658105 0.0160946 0.04806 0 -0.0467252 0.0502414 0.0665763 -0.0893464 0.0258822 0.029796 0.00787819 -0.0759476 -0.033649 -0.0040957 0.0525137 0.0348666 0.0568232 -0.0503132 0.0538229 0.0893017 -0.0878439 0.0800926 0.0150529 -0.0539673 -0.0661363 -0.0222467 -0.0971034 -0.084369 0.049272 -0.0570065 -0.0656576 0.0727482 0.0379565 -0.00977784 -0.0363603 0.0407217 -0.0701585 -0.0300656 -0.0283056 -0.0380891 0.0900009 0.0016605 -0.0960039 -0.0205836 -0.0999614 -0.0918392 0.0594118 -0.00496875 -0.0967622 -0.0258608 0.0285379 -0.0102351 0.0952737 -0.0301007 0.0621708 0.0188629 0.0177577 0.0902224 0.077428 -0.0376167 0.0721395 -0.0950558 0.0957921 0.0662433 -0.0419594 0.00881598 0.0285109 -0.0258935 -0.0315877 -0.0442748 0.0203856 0.0614991 0.0623265 -0.0119107 
0.0103258 0.0799218 0.00110758 -0.011656 0.0536073 0.0467252 0 0.0984099 -0.0191619 -0.0684843 -0.0631641 -0.0826149 -0.0880667 -0.0293684 0.0758889 -0.00963889 0.0417913 -0.0179386 0.0279289 0.0434834 -0.0286775 -0.00159411 0.0916274 0.0924626 -0.0696388 -0.0484547 0.0533737 -0.0958173 0.05129 -0.0603389 -0.0936859 -0.066037 0.0183475 -0.0832045 0.00226279 0.0671671 -0.0779488 -0.0964577 0.0575139 0.0431552 0.0801607 0.0815161 -0.0424679 0.0429987 0.0232838 0.0208978 -0.0682975 -0.0956842 0.00557804 -0.00400953 0.0428932 -0.0940803 -0.00758212 -0.0756575 0.0859103 -0.0321617 -0.0951274 0.0221089 0.0413466 0.0931124 0.0770594 -0.0573521 -0.0382398 -0.0891533 -0.0115354 0.0064472 0.0295028 -0.0623006 0.0818057 0.077324 -0.0815981 -0.040341 0.0753112 0.0849793 0.0536498 -0.0888977 
0.0611452 -0.0934686 0.0752233 -0.0951311 -0.00530156 -0.0502414 -0.0984099 0 -0.0234737 0.0511281 -0.0127132 0.0607001 0.0857454 0.00499336 0.0171653 -0.0720649 -0.0741048 -0.0215277 -0.0518201 0.0202923 0.0490478 0.0125938 -0.0961592 -0.0058127 -0.0278591 -0.017467 0.0352997 -0.0479722 0.0434178 0.0738703 0.0184343 0.0066434 0.0752055 0.0480883 -0.0928478 -0.05499 -0.00339425 -0.018724 -0.0553437 -0.0247194 -0.0850443 -0.0720429 0.0710384 0.0445317 0.0440784 0.0368462 -0.091629 -0.0125383 0.0772041 0.037409 0.0347832 0.0292871 0.0594171 -0.0231251 0.0139767 0.026822 0.0823873 -0.0431726 0.00141538 0.0431446 -0.0197929 0.0358724 0.0292385 0.0576437 0.0481558 0.027517 -0.0105482 0.0457954 -0.0120131 -0.0102166 -0.0874514 0.0555834 -0.0474628 0.00849438 0.0315448 -0.0627399 
0.0825545 -0.048224 -0.0389907 -0.0853561 -0.0913174 -0.0665763 0.0191619 0.0234737 0 -0.0530614 0.0284052 -0.0593858 -0.0471429 -0.0377648 0.0397264 0.00443408 -0.0624993 -0.0584166 -0.0935924 -0.0884446 -0.0558745 0.00224019 -0.0144522 0.0895836 0.0788485 -0.0846241 0.0550513 -0.0860144 -0.0738518 -0.0986919 0.0996873 0.0314622 -0.0301185 -0.036137 -0.0495914 0.0347979 -0.0887823 -0.0640328 0.0199862 -0.062055 -0.0463527 0.0115644 0.0526788 0.00903753 0.0562428 -0.0617935 -0.0929055 -0.0327283 0.0321525 -0.0785731 0.0101246 0.0865894 0.0617099 -0.0964068 0.00165165 -0.0405176 0.0241954 -0.0512826 0.0773922 -0.0449624 -0.0834728 0.0767927 0.00509025 0.00925738 -0.0140334 -0.0915459 0.0485816 -0.0748511 -0.0169028 0.0105406 0.0571503 -0.0109181 -0.0355048 0.00448489 -0.02763 0.0582299 
-0.0143734 0.0561571 0.0798303 0.0641236 -0.00254127 0.0893464 0.0684843 -0.0511281 0.0530614 0 -0.0490083 0.0189566 0.00590951 0.0969083 -0.0110556 0.0788733 0.0670012 0.0775839 0.0613649 -0.0262227 -0.0993897 -0.0686264 -0.0190938 0.0380014 -0.0347622 -0.0636511 0.0710579 -0.0748993 -0.083448 0.0937376 0.0984179 0.017358 0.0171735 -0.0738169 0.0966347 0.0137911 -0.0178556 -0.00319342 0.000480397 -0.0792147 -0.0132424 -0.0894848 -0.0177405 0.0969086 0.0628558 -0.0242104 -0.0763049 0.0715622 0.0663152 -0.0129155 -0.0717229 0.0126796 -0.0439322 -0.0958682 -0.0394629 -0.0827537 0.0866167 0.092809 -0.0670991 -0.00855929 -0.0246114 0.013506 -0.0559439 0.0643233 0.0347296 0.0357451 0.0759483 0.00393203 0.00109588 0.0672383 0.0911902 -0.0208373 -0.097324 0.0671974 0.0531889 -0.0839212 
0.0858797 0.0539244 0.0705356 0.060739 0.0103741 -0.0258822 0.0631641 0.0127132 -0.0284052 0.0490083 0 -0.0398191 -0.0909408 -0.0464891 -0.0284026 0.0108477 0.0542267 0.000381703 0.0188859 0.018682 0.0329311 -0.0216806 -0.0117131 -0.0498108 0.0373562 0.0623992 0.0151382 -0.0125218 0.0971438 -0.0315075 0.061284 0.0252566 -0.0644008 0.0847553 0.0892688 0.0847271 0.0833944 -0.0126794 -0.00212981 0.0643505 0.0227576 0.0834744 0.0916479 0.00122527 -0.0174873 0.0149609 0.0133478 0.0252493 -0.089513 -0.0854507 0.0598564 -0.0703031 0.0423449 -0.0382962 0.0146925 -0.0808692 -0.0100142 0.0132607 -0.0284603 0.0439386 0.0973441 0.0940954 -0.0354111 -0.0682622 -0.0990557 -0.061759 -0.0669158 0.0117409 -0.0263959 -0.0223731 -0.0850241 0.0272496 -0.0454147 -0.034129 0.0275158 -0.0655652 
0.0139144 -0.0452131 -0.0422958 -0.0579059 0.0677015 -0.029796 0.0826149 -0.0607001 0.0593858 -0.0189566 0.0398191 0 0.0364746 0.0545144 0.0706375 -0.0468939 0.0790292 0.00701681 -0.0946962 0.0646314 -0.0691592 0.0474634 0.0366517 -0.0430098 -0.021891 -0.0259915 0.0507187 -0.0311202 -0.0460148 -0.0311913 0.00914285 0.0744232 -0.0547053 -0.0331757 -0.0328734 -0.0706991 0.0125217 -0.0361034 -0.0668576 -0.0794353 0.026647 -0.0745723 -0.0578064 -0.00155363 0.00276061 0.0885768 0.0893809 0.0915697 -0.00205664 0.0574931 0.0370369 -0.0269564 -0.0131674 0.0265203 0.021633 0.0897817 -0.0161115 -0.076422 -0.0220918 -0.0510446 0.0843544 0.0335679 0.0888232 -0.0397741 0.0196708 0.010975 0.0342315 -9.3924e-05 0.0784645 0.0160544 0.0755055 -0.0196673 0.0342275 -0.0180917 -0.0342596 -0.0613639 
-0.0975698 -0.00778212 0.0412092 0.0521499 0.032015 -0.00787819 0.0880667 -0.0857454 0.0471429 -0.00590951 0.0909408 -0.0364746 0 -0.0696888 0.0874443 0.0310229 0.019908 -0.0740185 0.072028 -0.0678476 0.00294472 -0.0680754 -0.0824499 0.0549018 -0.0924673 -0.059212 -0.0305697 -0.0841281 -0.0124884 0.0545812 -0.0138356 -0.0670292 0.06382 -0.0604138 -0.032005 -0.0400294 -0.00200735 -0.049714 0.0169871 0.0460212 0.0900959 -0.0834173 0.0760133 0.0759644 0.0694666 0.0382962 0.0112816 -0.0187494 0.00694191 0.0532697 0.0572786 0.0734181 0.0389407 0.081174 0.0291478 -0.0544018 0.013894 0.0959862 -0.0144053 0.0683955 0.0124245 0.0847689 -0.0773982 0.0640515 0.0183735 -0.0224875 0.00311114 -0.0176669 0.0752593 0.0114433 0.0516123 -0.0188042 -0.039431 -0.0618744 0.0447446 -0.0785137 
0.0611877 0.0529143 0.0442069 0.051375 0.0270217 0.0759476 0.0293684 -0.00499336 0.0377648 -0.0969083 0.0464891 -0.0545144 0.0696888 0 -0.0969187 0.0276969 0.0233558 -0.0593477 -0.0950257 0.0435834 0.0353648 -0.0215205 -0.0580221 0.0322772 0.00611413 0.0489947 -0.0116117 -0.0148332 -0.0728521 0.0329642 0.0273785 -0.00823723 0.0483555 0.0287786 0.0475504 0.0752046 -0.0513426 -0.0406929 0.0151971 -0.0729403 -0.0829279 0.0320267 -0.000351796 -0.0207335 0.0566826 -0.018916 0.0569275 -0.04462 -0.0875391 -0.000110687 0.00875239 0.0320669 0.054383 0.0188564 -0.0747395 0.0253185 -0.0219059 0.0622935 0.0406259 -0.0150537 -0.0544333 -0.0940135 0.0520131 0.00405169 -0.0167984 -0.0364275 0.0697809 0.0671096 -0.0827689 0.074914 -0.0838045 0.0331467 0.00833629 -0.00501106 0.0862915 -0.0728092 
-0.0903944 0.060373 -0.054701 0.0393538 0.0383446 0.033649 -0.0758889 -0.0171653 -0.0397264 0.0110556 0.0284026 -0.0706375 -0.0874443 0.0969187 0 0.0846705 -0.0922408 0.0754487 -0.0617271 0.0299082 -0.0531503 -0.0362749 0.0250893 -0.0502318 0.0785952 -0.00142774 0.00665712 0.0548038 -0.0310448 -0.00518692 -0.0760392 0.0706821 0.0054539 0.0435447 -0.0658958 -0.0276168 -0.0363561 0.00618888 -0.0471429 0.0500474 -0.0876175 -0.0976984 -0.025534 -0.0514065 -0.038076 0.080412 -0.0604973 -0.0961809 0.00191647 0.0145983 -0.0708174 0.0993558 0.0363985 0.0646055 0.0896635 -0.0651667 0.0937525 -0.0433412 0.0816914 0.0799492 0.0922676 -0.0740851 -0.0606726 0.00985063 0.0104595 0.099312 0.0753036 0.0756223 -0.0907246 -0.0349481 0.096798 0.0968657 0.0755291 0.0768158 -0.0710604 0.0125673 
0.0969533 0.0957932 -0.0446349 -0.0631281 0.0317427 0.0040957 0.00963889 0.0720649 -0.00443408 -0.0788733 -0.0108477 0.0468939 -0.0310229 -0.0276969 -0.0846705 0 0.0384305 0.0277735 -0.0608256 -0.0391168 -0.0974972 0.0971062 0.0819179 -0.054366 -0.0099867 -0.0866907 -0.0273616 -0.094943 -0.0291922 -0.0607143 -0.0876582 0.0743708 0.0374293 -0.0297792 0.0818511 0.0165332 0.091447 -0.0856307 0.0692165 0.00785062 0.069348 -0.0586901 -0.00764347 0.047003 -0.00199389 -0.0854824 -0.0702798 0.0608067 -0.031145 0.0302999 0.0544146 0.0723593 -0.0217271 -0.036401 0.0881454 -0.0163086 0.0766026 -0.0603529 0.00999252 -0.075441 -0.0648501 -0.0274993 0.0270052 0.0905323 0.062128 -0.00991016 0.0885819 -0.0813226 -0.0742914 0.0546235 -0.0490273 -0.0874762 -0.0911451 0.068727 0.053709 0.0995748 
-0.0321689 0.0300185 -0.0753444 -0.00991772 -0.0638503 -0.0525137 -0.0417913 0.0741048 0.0624993 -0.0670012 -0.0542267 -0.0790292 -0.019908 -0.0233558 0.0922408 -0.0384305 0 -0.0373813 -0.0427911 -0.0677611 -0.0550425 -0.0292807 -0.0979679 -0.0945581 -0.0465249 -0.0270167 0.0599006 0.0242595 0.0197167 -0.0971467 0.0444867 -0.0613631 -0.0325592 -0.0834335 -0.0683591 -0.0318888 -0.090137 -0.0166436 -0.0389621 0.011902 -0.0526862 -0.0757116 0.0727793 0.0670762 -0.0577931 0.0646377 -0.0100374 -0.0634949 0.0587495 0.0693546 -0.0558353 -0.0355529 0.0149493 0.0711399 -0.0165174 0.0222634 -0.0574307 -0.0234002 0.0518647 0.0884472 0.000781961 -0.0807827 0.0525361 -0.0635308 0.018773 -0.0568595 -0.0649258 0.0549441 -0.0517833 -0.00493694 0.0862136 0.0308716 -0.0242303 0.0520274 0.0585736 0.00634989 
0.0334289 0.0388968 -0.0620072 -0.0393876 -0.0578514 -0.0348666 0.0179386 0.0215277 0.0584166 -0.0775839 -0.000381703 -0.00701681 0.0740185 0.0593477 -0.0754487 -0.0277735 0.0373813 0 0.0496521 -0.0472201 0.0206394 0.0699958 0.0689892 -0.0687106 0.00377208 0.0982456 -0.0701144 -0.068534 -0.0790211 -0.0812519 -0.0875969 -0.0333683 -0.0175752 -0.0650633 0.0500599 0.0410035 0.0518371 -0.0237685 -0.084053 0.0780269 -0.0477983 -0.0210622 -0.0338469 -0.0291367 0.00548126 -0.0238931 0.0369333 -0.016988 0.00113674 -0.0399905 0.0709647 -0.0362266 0.0316095 0.0347968 0.0139706 0.0367815 -0.0834557 -0.042358 -0.0709871 0.0457931 -0.0412267 0.0286806 -0.0494236 0.0767184 0.0976655 -0.0339562 0.0355173 0.0301072 -0.0195382 -0.0109974 -0.0631273 0.0252526 -0.0914161 -0.0292579 0.0766775 -0.0853505 
0.0592785 0.00764408 -0.0827043 0.0231294 0.0630842 -0.0568232 -0.0279289 0.0518201 0.0935924 -0.0613649 -0.0188859 0.0946962 -0.072028 0.0950257 0.0617271 0.0608256 0.0427911 -0.0496521 0 0.0688148 0.0844576 0.0163798 -0.0924579 -0.0293487 0.0245209 -0.0625328 0.0288598 -0.031365 0.0172156 -0.0934376 0.0136243 -0.0840933 0.0255692 -0.0521701 -0.0450229 -0.0438456 -0.0422624 0.0239356 0.0428666 0.0879193 -0.000984059 -0.0019419 0.022321 -0.0366038 -0.0513329 -0.0290769 -0.0128598 -0.0621286 0.0435923 -0.0311115 -0.0855552 0.0229368 0.0495289 -0.095008 0.0387825 0.0993639 0.0146377 0.0720922 0.0140989 0.0778939 0.0837462 0.00790774 0.0277688 -0.0647112 0.0462562 -0.0124166 0.0463535 0.0802205 -0.0734427 0.0760971 -0.0381118 0.0903445 0.00430126 0.0866392 0.0767822 0.0756721 
0.0244615 -0.0952851 0.0744765 -0.0523952 0.0686265 0.0503132 -0.0434834 -0.0202923 0.0884446 0.0262227 -0.018682 -0.0646314 0.0678476 -0.0435834 -0.0299082 0.0391168 0.0677611 0.0472201 -0.0688148 0 0.062074 0.0773301 -0.00225691 0.00576118 -0.0491692 -0.0614712 -0.0424173 -0.0195325 -0.0330886 -0.0174346 0.00850619 -0.0287136 -0.0702594 0.0871102 0.0685763 0.00782773 -0.0844968 -0.0794683 -0.0299178 -0.0181759 -0.0356162 0.0234614 0.0194659 0.000244791 -0.0381856 0.0420339 0.00608239 0.0843161 0.0144105 -0.0402893 0.0211899 0.0244995 0.011589 0.0974227 -0.0978171 0.035423 -0.028293 0.0514853 0.0142971 0.076638 -0.0718817 0.0585671 -0.0500509 0.0375882 0.0581765 0.052268 -0.00187697 -0.043492 0.0503655 0.0485308 0.0631757 -0.059603 -0.0620621 0.0654734 -0.0869535 -0.0902789 
-0.0385719 0.0728996 -0.0569925 -0.0446505 -0.0909965 -0.0538229 0.0286775 -0.0490478 0.0558745 0.0993897 -0.0329311 0.0691592 -0.00294472 -0.0353648 0.0531503 0.0974972 0.0550425 -0.0206394 -0.0844576 -0.062074 0 0.0765966 -0.0695294 -0.0261187 0.0523129 0.069096 -0.0193606 0.0189375 -0.0898466 0.0937986 -0.00630221 0.0999615 0.0313646 -0.0748577 -0.077073 0.0888481 -0.000199209 -0.0454053 0.0730316 -0.0948426 0.090541 -0.0463307 0.0164107 -0.0360486 0.0435212 0.0955611 0.00193571 -0.0572959 -0.0953145 -0.0795414 0.0503348 0.00595077 -0.00777147 -0.0872669 -0.0647049 0.0571575 -0.0385705 0.033932 -0.0477124 -0.0985369 0.0738158 -0.0587998 -0.0131577 -0.0651613 -0.0654302 -0.0356051 0.0773656 -0.0209988 0.0235798 -0.0648229 -0.0989044 -0.0422225 0.0540874 -0.0272416 0.0867445 0.0420475 
0.0252805 -0.0606045 -0.0504388 -0.090976 -0.00772098 -0.0893017 0.00159411 -0.0125938 -0.00224019 0.0686264 0.0216806 -0.0474634 0.0680754 0.0215205 0.0362749 -0.0971062 0.0292807 -0.0699958 -0.0163798 -0.0773301 -0.0765966 0 -0.0808211 0.042854 -0.0960539 0.0452714 0.0845857 0.0295689 -0.0768135 -0.0927452 0.0807893 -0.00312669 0.0915829 -0.0167819 -0.0710475 0.0850458 -0.0862108 0.0729315 -0.0427845 -0.0485844 -0.00589483 -0.0874395 0.0353984 -0.084408 0.0764392 0.0551928 -0.0558665 -0.087501 -0.0206401 0.0675504 0.0736766 0.0614512 0.0429496 -0.0122401 -0.00529892 -0.0307683 0.0911318 -0.0184708 -0.0529681 -0.0694415 -0.0161019 0.022324 -0.0176207 -0.00354326 0.019504 0.00460831 -0.0898344 0.00920395 -0.0638571 0.0606574 -0.0838204 -0.00758875 0.0697159 0.020379 0.000140189 0.0157264 
-0.0177331 0.0242963 -0.0945726 0.00989556 -0.0600368 0.0878439 -0.0916274 0.0961592 0.0144522 0.0190938 0.0117131 -0.0366517 0.0824499 0.0580221 -0.0250893 -0.0819179 0.0979679 -0.0689892 0.0924579 0.00225691 0.0695294 0.0808211 0 0.0575731 -0.0317292 -0.0472459 0.0191481 -0.0921584 -0.00703441 0.0904502 -0.00634729 0.042506 -0.00618775 0.0824198 0.0789214 -0.0135111 0.0931313 0.0271122 -0.0773588 -0.0254786 -0.0375339 0.0637114 -0.0725434 0.0348561 -0.04428 0.0632006 -0.0217378 0.0742004 0.095292 -0.0564357 -0.0742312 -0.0140308 -0.021296 -0.0282314 0.0773952 -0.0814402 -0.0368801 -0.0584074 -0.0987233 0.0952258 0.0560392 -0.0382223 0.0903261 0.0316815 -0.0516476 -0.0197071 -0.0604851 0.0881799 0.0834211 0.0389517 -0.0839748 0.0136772 -0.0879869 -0.0338348 0.0534783 0.0281575 
-0.0809508 0.0500366 -0.050784 0.0481311 -0.00459739 -0.0800926 -0.0924626 0.0058127 -0.0895836 -0.0380014 0.0498108 0.0430098 -0.0549018 -0.0322772 0.0502318 0.054366 0.0945581 0.0687106 0.0293487 -0.00576118 0.0261187 -0.042854 -0.0575731 0 0.0853808 0.0823309 0.0115607 0.0853935 0.0278419 0.0939806 -0.0552285 0.0578642 0.0931967 -0.0528346 -0.0985703 0.0257753 -0.00586841 0.0372457 -0.0930798 0.0670596 -0.0632548 0.0906106 -0.0745296 -0.0620706 -0.000426945 0.0771061 0.0627888 0.0822019 -0.0607016 -0.0166197 0.0793011 -0.0634369 -0.0407666 -0.0492618 0.00356286 -0.0443448 0.0472837 -0.0551399 -0.0131284 -0.00102253 0.0753899 -0.00108036 -0.0642265 -0.0715136 0.0450214 -0.0765732 -0.0746731 0.0042708 -0.0429175 -0.0786438 -0.0812493 -0.0146856 -0.0482669 0.0383043 0.0416283 0.0681025 
0.0239873 -0.0776972 -0.00957277 -0.000226642 0.0308366 -0.0150529 0.0696388 0.0278591 -0.0788485 0.0347622 -0.0373562 0.021891 0.0924673 -0.00611413 -0.0785952 0.0099867 0.0465249 -0.00377208 -0.0245209 0.0491692 -0.0523129 0.0960539 0.0317292 -0.0853808 0 -0.0160066 -0.0833032 0.0868613 -0.0547435 0.0402913 -0.0405615 -0.016421 0.00567588 0.0742971 0.0597841 -0.0999365 -0.0859195 -0.0565523 -0.0263378 0.0924686 0.0726725 0.0461494 0.0447725 0.0837678 -0.0405418 -0.0802181 -0.0305751 0.0734926 0.0842082 0.0214468 -0.0627685 -0.0555052 -0.0630096 0.0325934 0.00618695 -0.0321235 -0.0272903 0.0342738 0.0641953 0.0529706 0.0981531 0.0825016 0.0729674 -0.0826672 -0.0956908 0.0295204 0.09725 -0.0910758 -0.0635394 -0.0257125 -0.0773624 -0.0735967 -0.0586101 0.0430379 -0.0988709 0.0219328 
0.0248758 -0.055824 0.0415517 0.0867618 0.00387929 0.0539673 0.0484547 0.017467 0.0846241 0.0636511 -0.0623992 0.0259915 0.059212 -0.0489947 0.00142774 0.0866907 0.0270167 -0.0982456 0.0625328 0.0614712 -0.069096 -0.0452714 0.0472459 -0.0823309 0.0160066 0 0.0647971 0.0841332 -0.0891935 -0.0398195 -0.0155179 -0.0215319 0.00251525 -0.0995441 0.0474003 0.0757083 0.0978398 -0.0269445 0.0173616 0.0286656 0.0459491 0.0994069 0.056834 -0.0825825 -0.00516958 0.0713638 -0.0535563 0.0545404 0.0926321 0.00191276 0.0836944 0.0961303 0.0338287 -0.0494194 0.0766502 0.0718464 -0.0530466 -0.036685 0.0368003 -0.047318 -0.0164161 -0.0865336 -0.0161747 0.0120875 -0.0598145 0.022694 0.0751959 0.0411389 -0.0329254 -0.0293194 -0.0473526 -0.0683545 -0.0208585 0.0928922 -0.0541387 -0.00691903 
-0.0971262 -0.0600247 0.0519875 -0.0768085 -0.0846226 0.0661363 -0.0533737 -0.0352997 -0.0550513 -0.0710579 -0.0151382 -0.0507187 0.0305697 0.0116117 -0.00665712 0.0273616 -0.0599006 0.0701144 -0.0288598 0.0424173 0.0193606 -0.0845857 -0.0191481 -0.0115607 0.0833032 -0.0647971 0 -0.0376681 -0.0347076 0.0301569 -0.0185324 0.0842483 0.0562645 0.0278493 -7.49791e-05 -0.079564 0.0941521 0.0430988 0.0752784 0.0838458 0.00344858 -0.0124746 -0.0683843 0.0816612 0.0304895 -0.0715985 0.0951228 0.0334351 -0.0884814 -0.0701052 -0.0440536 0.0344394 -0.0621734 0.0626095 0.069709 0.0932897 -0.0342599 -0.0051929 0.00612957 0.0303036 0.0151395 0.0602254 0.000290111 0.0556506 0.0042676 -0.0132641 -0.0966602 0.0861143 -0.0540336 -0.0562869 0.00161311 -0.0812984 0.0191559 0.0205426 0.0893635 -0.07126 
-0.0870504 -0.0149332 -0.041053 -0.0608964 0.029037 0.0222467 0.0958173 0.0479722 0.0860144 0.0748993 0.0125218 0.0311202 0.0841281 0.0148332 -0.0548038 0.094943 -0.0242595 0.068534 0.031365 0.0195325 -0.0189375 -0.0295689 0.0921584 -0.0853935 -0.0868613 -0.0841332 0.0376681 0 -0.0163951 -0.0168503 -0.0172833 0.0659896 0.0851082 0.0323359 0.0597052 -0.018253 -0.0964379 0.0790235 0.081763 -0.0749375 0.0899962 0.0378188 -0.0670154 0.078439 -0.0619041 -0.0377667 -0.0119029 0.0324432 0.0114101 0.000216099 -0.0748084 0.0545859 -0.0917253 -0.0937476 0.0130705 0.0724919 -0.0273497 -0.0773606 -0.0954575 -0.0567217 -0.0212977 0.0606085 0.0228468 -0.00143528 0.0743374 -0.0595648 0.0686307 -0.0933093 0.0142424 -0.0805319 -0.0861216 -0.0449196 0.0936985 -0.069625 0.0239763 0.0427437 
-0.0482386 -0.0339337 -0.033418 -0.0575085 -0.0125354 0.0971034 -0.05129 -0.0434178 0.0738518 0.083448 -0.0971438 0.0460148 0.0124884 0.0728521 0.0310448 0.0291922 -0.0197167 0.0790211 -0.0172156 0.0330886 0.0898466 0.0768135 0.00703441 -0.0278419 0.0547435 0.0891935 0.0347076 0.0163951 0 -0.00556889 -0.0306402 0.00913855 -0.00316009 -0.00334603 0.0631946 -0.0852625 -0.0649668 -0.0681083 0.0980727 -0.0951088 -0.0677631 -0.00589852 0.0669877 0.0647335 0.0733488 -0.00347972 -0.0258375 -0.0343853 0.013877 -0.0507156 0.0652008 0.0373978 -0.00586857 0.0372 -0.0802372 0.0915055 -0.0228776 -0.081818 0.0508829 -0.0726167 -0.0747214 -0.089962 -0.0155303 -0.0662993 0.0145997 0.0242511 0.0769697 -0.0272141 -0.0132701 0.0390247 -0.012593 -0.0848047 0.075073 -0.0119152 -0.0908107 -0.0227952 
-0.000764605 0.0560139 -0.0365259 -0.0455179 -0.0337172 0.084369 0.0603389 -0.0738703 0.0986919 -0.0937376 0.0315075 0.0311913 -0.0545812 -0.0329642 0.00518692 0.0607143 0.0971467 0.0812519 0.0934376 0.0174346 -0.0937986 0.0927452 -0.0904502 -0.0939806 -0.0402913 0.0398195 -0.0301569 0.0168503 0.00556889 0 -0.0149074 0.0131766 0.0426754 -0.0740168 0.0790209 0.0809497 0.0538384 0.0558069 -0.0565663 0.0929002 0.0498405 -0.00588961 0.00171618 0.0164302 0.0265333 0.0644007 -0.043253 0.0853731 -0.0526392 0.0226828 -0.0698327 -0.0433342 0.00184986 -0.0267782 -0.0648944 -0.0975769 0.00278074 0.00762939 0.00763999 -0.0650082 -0.00423454 0.0734782 -0.0804899 0.0763965 0.058539 0.0909572 -0.0366014 -0.0448289 -0.034936 -0.0732338 -0.056142 0.0111056 0.0371322 -0.00173607 -0.072157 -0.0735018 
-0.0313947 0.094294 0.097977 -0.0338004 0.0201469 -0.049272 0.0936859 -0.0184343 -0.0996873 -0.0984179 -0.061284 -0.00914285 0.0138356 -0.0273785 0.0760392 0.0876582 -0.0444867 0.0875969 -0.0136243 -0.00850619 0.00630221 -0.0807893 0.00634729 0.0552285 0.0405615 0.0155179 0.0185324 0.0172833 0.0306402 0.0149074 0 -0.0227326 -0.069522 -0.0424052 0.0748266 -0.0974264 0.0733433 -0.0923497 -0.0595688 -0.0192101 -0.0843244 0.0906915 -0.0810803 -0.042287 -0.0357613 0.0336321 -0.0251714 0.037908 0.0900857 0.0947452 0.0697306 -0.0981951 0.0486911 0.034611 -0.0347028 -0.0147114 0.0536858 -0.0937008 -0.0856731 -0.034564 -0.0162096 -0.0650365 0.00550841 -0.000407116 -0.0572697 0.0939542 0.0174315 -0.0622581 0.047798 -0.0669009 -0.0215885 -0.012078 -0.081956 0.0760557 0.0729011 -0.0386274 
-0.0974222 0.0262007 0.0153911 -0.0731521 -0.0189491 0.0570065 0.066037 -0.0066434 -0.0314622 -0.017358 -0.0252566 -0.0744232 0.0670292 0.00823723 -0.0706821 -0.0743708 0.0613631 0.0333683 0.0840933 0.0287136 -0.0999615 0.00312669 -0.042506 -0.0578642 0.016421 0.0215319 -0.0842483 -0.0659896 -0.00913855 -0.0131766 0.0227326 0 -0.0609272 -0.0924029 0.0477183 -0.0685811 -0.0492633 -0.0692859 -0.0334419 0.0781089 0.0185012 -0.0708019 -0.0672973 0.0637509 -0.0496636 -0.0567064 0.0251502 0.0182038 -0.015877 0.0347464 0.0809474 -0.00233599 0.0689434 -0.05748 -0.0948541 -0.0807371 0.0211052 -0.0306811 -0.0498059 0.0207361 -0.092654 0.00294036 -0.0165248 -0.0718563 0.040281 -0.0654564 0.0683233 -0.0485495 0.00888391 0.0634472 0.0105554 -0.0626028 0.00207357 -0.0953415 -0.0847618 0.0115658 
-0.00453918 -0.0835643 -0.0249241 0.0119001 -0.0984327 0.0656576 -0.0183475 -0.0752055 0.0301185 -0.0171735 0.0644008 0.0547053 -0.06382 -0.0483555 -0.0054539 -0.0374293 0.0325592 0.0175752 -0.0255692 0.0702594 -0.0313646 -0.0915829 0.00618775 -0.0931967 -0.00567588 -0.00251525 -0.0562645 -0.0851082 0.00316009 -0.0426754 0.069522 0.0609272 0 0.00836592 0.0931952 -0.089805 0.00803062 -0.00727377 -0.0134273 0.0282842 0.0671402 0.0534548 0.0802417 0.00800019 -0.0667042 -0.0100788 -0.0807567 -0.0777211 -0.0749079 -0.00381547 -0.0935632 0.0512157 -0.0186669 0.0990365 -0.0192165 0.053258 -0.0939671 0.0913222 -0.0738761 0.0275729 0.0553233 0.070489 0.0420368 0.0227565 -0.0358038 0.0672764 0.0772047 -0.071 0.0746564 -0.0169361 0.0563158 0.0918284 -0.0697717 0.0347682 -0.0731473 -0.0498996 
-0.00991377 -0.0640691 -0.0613678 0.0610307 0.0684395 -0.0727482 0.0832045 -0.0480883 0.036137 0.0738169 -0.0847553 0.0331757 0.0604138 -0.0287786 -0.0435447 0.0297792 0.0834335 0.0650633 0.0521701 -0.0871102 0.0748577 0.0167819 -0.0824198 0.0528346 -0.0742971 0.0995441 -0.0278493 -0.0323359 0.00334603 0.0740168 0.0424052 0.0924029 -0.00836592 0 -0.0821625 0.00273698 0.0894894 -0.0945651 -0.098999 0.0927541 -0.0324902 -0.0708849 0.0579557 -0.073453 -0.00685034 -0.0617301 -0.0220789 0.0905205 -0.0108189 0.0350814 0.0998522 0.0301137 -0.0629577 -0.0767677 -0.0493194 -0.032395 -0.0584344 0.0317468 0.083165 0.028633 -0.0216152 -0.0916489 -0.0794653 0.0886838 0.0193171 0.0179438 -0.076527 0.0562814 0.0949639 -0.0186749 -0.0926555 -0.017177 -0.00590851 0.0453468 -0.0313196 0.00448287 
0.0103222 0.0444581 0.0564423 -0.032581 -0.0509645 -0.0379565 -0.00226279 0.0928478 0.0495914 -0.0966347 -0.0892688 0.0328734 0.032005 -0.0475504 0.0658958 -0.0818511 0.0683591 -0.0500599 0.0450229 -0.0685763 0.077073 0.0710475 -0.0789214 0.0985703 -0.0597841 -0.0474003 7.49791e-05 -0.0597052 -0.0631946 -0.0790209 -0.0748266 -0.0477183 -0.0931952 0.0821625 0 0.0229281 0.0664924 -0.070017 -0.0841536 -0.0928163 0.00997824 -0.0882754 -0.0124896 0.0233228 0.0223458 -0.0238722 0.00213802 -0.0230207 0.0112179 -0.0431909 -0.0534826 0.0124913 0.00788705 -0.0166078 -0.0923981 -0.0807658 -0.00633639 0.00818691 -0.0554765 -0.093965 -0.0560529 0.00628994 0.0608669 -0.0840024 -0.00470216 -0.036334 -0.021272 -0.0960246 -0.0349097 0.060218 -0.039108 0.0868819 0.0367378 0.042338 0.0458403 0.0110456 
-0.0920966 -0.0636925 0.0672933 0.0289561 -0.02375 0.00977784 -0.0671671 0.05499 -0.0347979 -0.0137911 -0.0847271 0.0706991 0.0400294 -0.0752046 0.0276168 -0.0165332 0.0318888 -0.0410035 0.0438456 -0.00782773 -0.0888481 -0.0850458 0.0135111 -0.0257753 0.0999365 -0.0757083 0.079564 0.018253 0.0852625 -0.0809497 0.0974264 0.0685811 0.089805 -0.00273698 -0.0229281 0 0.0221698 -0.0403428 0.0521646 -0.0841992 -0.00065467 -0.00266164 -0.0945592 0.065197 -0.0147363 -0.0717054 0.0834749 0.0171044 0.0124861 0.0100123 0.0887889 0.00573421 -0.012079 -0.0779621 0.0671173 -0.00571402 0.0946475 0.0161253 0.0347276 0.0339304 -0.0781173 -0.0430911 0.0274883 0.0413952 0.00728804 0.0428947 0.0312962 -0.00598795 0.0322355 0.0840441 -0.087425 0.0831552 -0.0782833 -0.0391727 -0.0126805 -0.0716475 
-0.095735 0.0873161 0.064966 -0.0282665 0.00276259 0.0363603 0.0779488 0.00339425 0.0887823 0.0178556 -0.0833944 -0.0125217 0.00200735 0.0513426 0.0363561 -0.091447 0.090137 -0.0518371 0.0422624 0.0844968 0.000199209 0.0862108 -0.0931313 0.00586841 0.0859195 -0.0978398 -0.0941521 0.0964379 0.0649668 -0.0538384 -0.0733433 0.0492633 -0.00803062 -0.0894894 -0.0664924 -0.0221698 0 0.0974614 0.0102475 -0.0588238 -0.0182239 0.0374797 0.0315517 -0.0784583 0.0681647 -0.00194804 0.00861995 -0.0390018 -0.0932858 0.0521437 -0.0784435 -0.044238 -0.0197426 0.0926759 0.0852967 -0.00301735 -0.0380114 -0.00672631 -0.0630372 0.0185395 0.0634431 0.0355418 0.0853526 0.0935649 -0.0295974 -0.0479397 0.0213352 -0.0803625 0.0419071 0.0655433 0.0862188 -0.095062 -0.0740381 0.0205848 -0.0110476 -0.00960974 
0.0461291 -0.0316443 -0.0195916 0.083219 0.0462329 -0.0407217 0.0964577 0.018724 0.0640328 0.00319342 0.0126794 0.0361034 0.049714 0.0406929 -0.00618888 0.0856307 0.0166436 0.0237685 -0.0239356 0.0794683 0.0454053 -0.0729315 -0.0271122 -0.0372457 0.0565523 0.0269445 -0.0430988 -0.0790235 0.0681083 -0.0558069 0.0923497 0.0692859 0.00727377 0.0945651 0.070017 0.0403428 -0.0974614 0 -0.0113372 0.00409676 0.0607038 -0.0209406 -0.0858196 0.0185615 -0.0373979 0.0354965 -0.0642057 0.0182371 0.087588 -0.0568831 -0.0353073 0.086317 0.0488027 0.0773069 -0.0511406 -0.0476363 0.0157939 0.0438192 0.0152325 0.0346538 0.0517544 -0.0985421 -0.0817941 -0.0563308 -0.0301004 0.0933907 0.0920346 -0.0516366 -0.0268707 -0.0934469 0.0786364 -0.0383447 -0.0517346 -0.00205227 -0.0176987 0.0360519 
0.0491535 0.0106315 -0.0313262 -0.0396127 -0.000978616 0.0701585 -0.0575139 0.0553437 -0.0199862 -0.000480397 0.00212981 0.0668576 -0.0169871 -0.0151971 0.0471429 -0.0692165 0.0389621 0.084053 -0.0428666 0.0299178 -0.0730316 0.0427845 0.0773588 0.0930798 0.0263378 -0.0173616 -0.0752784 -0.081763 -0.0980727 0.0565663 0.0595688 0.0334419 0.0134273 0.098999 0.0841536 -0.0521646 -0.0102475 0.0113372 0 0.0109556 0.0674814 0.0997557 0.0976788 -0.0403334 -0.066122 -0.081032 -0.031376 0.0972581 -0.0371374 0.041818 0.0411933 -0.094943 0.0420998 -0.0894967 0.0647689 -0.0621061 0.0102463 0.0840692 0.0558278 0.0227074 -0.0940333 0.0506091 -0.0138095 -0.058431 -0.0415153 -0.0360653 -0.0827019 0.0434121 -0.0793045 0.0733808 -0.0510132 -0.0568118 0.0648867 -0.0199815 -0.0190318 -0.0934961 
-0.0978584 0.070273 0.0202627 0.0413206 0.0293 0.0300656 -0.0431552 0.0247194 0.062055 0.0792147 -0.0643505 0.0794353 -0.0460212 0.0729403 -0.0500474 -0.00785062 -0.011902 -0.0780269 -0.0879193 0.0181759 0.0948426 0.0485844 0.0254786 -0.0670596 -0.0924686 -0.0286656 -0.0838458 0.0749375 0.0951088 -0.0929002 0.0192101 -0.0781089 -0.0282842 -0.0927541 0.0928163 0.0841992 0.0588238 -0.00409676 -0.0109556 0 0.0867318 0.0868538 -0.0600658 0.0987923 0.0287745 -0.0429366 -0.0165096 0.0957956 0.09313 -0.0979592 0.0152576 -0.0732738 0.0708343 0.0920546 -0.0171086 -0.0618313 -0.00271877 -0.0983309 -0.0656401 0.0661842 0.0246827 -0.0519275 0.0791994 -0.011783 0.0903368 -0.0642855 -0.0402942 0.0759127 0.0337614 0.0536448 -0.0988001 -0.0488424 -0.0630372 0.0525899 0.0315782 0.0744028 
0.0908361 -0.0117711 -0.0889435 0.0418246 0.0331135 0.0283056 -0.0801607 0.0850443 0.0463527 0.0132424 -0.0227576 -0.026647 -0.0900959 0.0829279 0.0876175 -0.069348 0.0526862 0.0477983 0.000984059 0.0356162 -0.090541 0.00589483 0.0375339 0.0632548 -0.0726725 -0.0459491 -0.00344858 -0.0899962 0.0677631 -0.0498405 0.0843244 -0.0185012 -0.0671402 0.0324902 -0.00997824 0.00065467 0.0182239 -0.0607038 -0.0674814 -0.0867318 0 0.0962301 0.0529053 0.0535565 -0.0969818 -0.0986585 -0.00985121 -0.0994667 -0.0344825 0.0817514 -0.0190255 -0.00939752 -0.0864276 -0.0979587 0.0641968 -0.0219053 -0.0946012 -0.0661826 -0.058294 -0.0543526 0.073582 0.0875929 -0.0136598 -0.0951596 -0.0752104 0.0824902 0.090968 -0.0819881 0.00658269 -0.0726874 -0.088819 -0.0307262 -0.0142316 0.0343092 0.0787645 -0.00326151 
0.0572449 -0.0221255 0.0132618 -0.0901051 0.0117185 0.0380891 -0.0815161 0.0720429 -0.0115644 0.0894848 -0.0834744 0.0745723 0.0834173 -0.0320267 0.0976984 0.0586901 0.0757116 0.0210622 0.0019419 -0.0234614 0.0463307 0.0874395 -0.0637114 -0.0906106 -0.0461494 -0.0994069 0.0124746 -0.0378188 0.00589852 0.00588961 -0.0906915 0.0708019 -0.0534548 0.0708849 0.0882754 0.00266164 -0.0374797 0.0209406 -0.0997557 -0.0868538 -0.0962301 0 -0.029221 -0.0716938 -0.0734952 0.0902021 0.0786922 0.0652461 0.0513505 0.0472959 0.0242029 0.0966453 -0.0895558 -0.0346322 -0.0842245 0.0327616 -0.0329991 0.0235555 -0.0463859 -0.0487828 0.0375781 -0.00405192 0.0563022 -0.0466555 -0.0790854 -0.00113975 -0.0451666 0.0209875 -0.0694558 -0.0109128 0.0564151 -0.0854824 0.00915659 -0.0217774 0.055036 -0.0600962 
0.0766643 0.0999868 -0.000552279 0.070105 -0.0888158 -0.0900009 0.0424679 -0.0710384 -0.0526788 0.0177405 -0.0916479 0.0578064 -0.0760133 0.000351796 0.025534 0.00764347 -0.0727793 0.0338469 -0.022321 -0.0194659 -0.0164107 -0.0353984 0.0725434 0.0745296 -0.0447725 -0.056834 0.0683843 0.0670154 -0.0669877 -0.00171618 0.0810803 0.0672973 -0.0802417 -0.0579557 0.0124896 0.0945592 -0.0315517 0.0858196 -0.0976788 0.0600658 -0.0529053 0.029221 0 -0.0663335 -0.00844412 -0.0432297 0.046457 0.0294483 0.0646899 0.0515628 -0.0840821 -0.00461592 0.0506805 0.0137047 -0.00686597 0.0391381 -0.0680768 0.0679997 0.0289818 -0.0628868 -0.0929857 -0.0186169 0.0741637 -0.0394801 0.0876895 -0.0583104 0.0779543 -0.0901187 0.0663075 0.089007 -0.0381658 -0.0298093 0.0390327 0.016429 0.0215965 -0.0136944 
-0.0667296 -0.00336984 -0.0254194 0.0124776 0.0710764 -0.0016605 -0.0429987 -0.0445317 -0.00903753 -0.0969086 -0.00122527 0.00155363 -0.0759644 0.0207335 0.0514065 -0.047003 -0.0670762 0.0291367 0.0366038 -0.000244791 0.0360486 0.084408 -0.0348561 0.0620706 -0.0837678 0.0825825 -0.0816612 -0.078439 -0.0647335 -0.0164302 0.042287 -0.0637509 -0.00800019 0.073453 -0.0233228 -0.065197 0.0784583 -0.0185615 0.0403334 -0.0987923 -0.0535565 0.0716938 0.0663335 0 0.0281203 0.0868971 -0.0356093 -0.0711688 0.00406583 0.0271245 -0.0804514 -0.0224821 -0.0111012 -0.04767 0.0904317 -0.0834916 0.0719717 0.095328 0.00951222 0.0288758 -0.0949035 0.0954146 0.0458641 0.0418608 -0.0171692 0.00126906 0.0497191 -0.00982711 0.0320633 0.0101917 -0.0367616 -0.0100921 0.0771653 0.0756466 -0.0478223 0.00647478 
-0.0299209 0.0906509 -0.0627814 -0.0472666 -0.0675195 0.0960039 -0.0232838 -0.0440784 -0.0562428 -0.0628558 0.0174873 -0.00276061 -0.0694666 -0.0566826 0.038076 0.00199389 0.0577931 -0.00548126 0.0513329 0.0381856 -0.0435212 -0.0764392 0.04428 0.000426945 0.0405418 0.00516958 -0.0304895 0.0619041 -0.0733488 -0.0265333 0.0357613 0.0496636 0.0667042 0.00685034 -0.0223458 0.0147363 -0.0681647 0.0373979 0.066122 -0.0287745 0.0969818 0.0734952 0.00844412 -0.0281203 0 0.0406282 0.0992122 0.0806776 0.00162755 0.0502459 0.0283797 -0.01274 0.0948307 -0.0551075 0.0694868 -0.0266874 0.066455 0.0882226 -0.0525713 -0.0462928 -0.0154668 -0.0856494 -0.0937622 0.0695446 0.0434495 -0.0178601 -0.00703808 0.055573 -0.0322301 0.0849881 0.0251656 -0.0819591 0.0369505 0.097509 0.0257476 -0.080144 
0.0955461 0.075012 -0.0964961 -0.0775589 0.0815418 0.0205836 -0.0208978 -0.0368462 0.0617935 0.0242104 -0.0149609 -0.0885768 -0.0382962 0.018916 -0.080412 0.0854824 -0.0646377 0.0238931 0.0290769 -0.0420339 -0.0955611 -0.0551928 -0.0632006 -0.0771061 0.0802181 -0.0713638 0.0715985 0.0377667 0.00347972 -0.0644007 -0.0336321 0.0567064 0.0100788 0.0617301 0.0238722 0.0717054 0.00194804 -0.0354965 0.081032 0.0429366 0.0986585 -0.0902021 0.0432297 -0.0868971 -0.0406282 0 0.000500599 0.0854112 -0.0695036 -0.0586021 0.0270122 0.0329953 -0.0382773 0.0935433 -0.00766378 0.0708989 -0.0719044 0.0248097 -0.0580124 0.0146143 0.00344955 -0.0423122 -0.033636 -0.070677 -0.00802749 0.0130834 -0.0411198 0.0949265 0.0870938 0.0587507 -0.0744439 -0.0580171 -0.0553512 -0.0984927 0.0287783 0.0754234 
-0.0317863 -0.0844325 -0.0346521 0.0255828 0.0730778 0.0999614 0.0682975 0.091629 0.0929055 0.0763049 -0.0133478 -0.0893809 -0.0112816 -0.0569275 0.0604973 0.0702798 0.0100374 -0.0369333 0.0128598 -0.00608239 -0.00193571 0.0558665 0.0217378 -0.0627888 0.0305751 0.0535563 -0.0951228 0.0119029 0.0258375 0.043253 0.0251714 -0.0251502 0.0807567 0.0220789 -0.00213802 -0.0834749 -0.00861995 0.0642057 0.031376 0.0165096 0.00985121 -0.0786922 -0.046457 0.0356093 -0.0992122 -0.000500599 0 -0.0338174 0.0295257 -0.0443042 0.0436534 0.0485771 -0.0681191 0.0789935 -0.038184 -0.0781134 0.0329329 -0.0847901 -0.0920472 -0.086993 -0.0701991 0.0988782 -0.0731732 -0.0499161 -0.0606056 -0.0700687 0.0778155 0.0498078 0.00340492 -0.0900533 -0.0402213 -0.0601842 -0.0678207 -0.0268853 0.0585967 0.0347016 
-0.0832859 0.0879051 -0.0504172 0.0864235 -0.0605426 0.0918392 0.0956842 0.0125383 0.0327283 -0.0715622 -0.0252493 -0.0915697 0.0187494 0.04462 0.0961809 -0.0608067 0.0634949 0.016988 0.0621286 -0.0843161 0.0572959 0.087501 -0.0742004 -0.0822019 -0.0734926 -0.0545404 -0.0334351 -0.0324432 0.0343853 -0.0853731 -0.037908 -0.0182038 0.0777211 -0.0905205 0.0230207 -0.0171044 0.0390018 -0.0182371 -0.0972581 -0.0957956 0.0994667 -0.0652461 -0.0294483 0.0711688 -0.0806776 -0.0854112 0.0338174 0 -0.0765429 -0.0859361 -0.0767559 -0.0363701 0.0305013 -0.0510997 -0.0992331 0.00960874 -0.0625533 -0.0138876 -0.0815119 -0.0339394 0.0463899 -0.0263196 0.0618358 -0.0703617 0.0739366 -0.0646462 0.0883735 0.0437823 -0.013881 0.0073533 -0.0180574 0.0165084 0.00334289 0.0222039 0.0633639 -0.0149104 
-0.069029 0.0215809 0.0174717 -0.0317776 0.0362306 -0.0594118 -0.00557804 -0.0772041 -0.0321525 -0.0663152 0.089513 0.00205664 -0.00694191 0.0875391 -0.00191647 0.031145 -0.0587495 -0.00113674 -0.0435923 -0.0144105 0.0953145 0.0206401 -0.095292 0.0607016 -0.0842082 -0.0926321 0.0884814 -0.0114101 -0.013877 0.0526392 -0.0900857 0.015877 0.0749079 0.0108189 -0.0112179 -0.0124861 0.0932858 -0.087588 0.0371374 -0.09313 0.0344825 -0.0513505 -0.0646899 -0.00406583 -0.00162755 0.0695036 -0.0295257 0.0765429 0 0.0413103 0.0547073 -0.0400552 0.0094602 0.00947147 -0.0531301 -0.0778631 -0.0808313 -0.0605116 0.0124538 -0.00905937 0.0762892 0.0118039 0.0814328 -0.0965632 -0.0036318 -0.0739884 0.0662813 -0.0038929 -0.0475552 -0.0983566 -0.0873324 0.0239643 0.0515423 -0.0604733 -0.0294974 0.0176031 
-0.0691506 -0.0592505 -0.0436579 -0.0324885 -0.0214103 0.00496875 0.00400953 -0.037409 0.0785731 0.0129155 0.0854507 -0.0574931 -0.0532697 0.000110687 -0.0145983 -0.0302999 -0.0693546 0.0399905 0.0311115 0.0402893 0.0795414 -0.0675504 0.0564357 0.0166197 -0.0214468 -0.00191276 0.0701052 -0.000216099 0.0507156 -0.0226828 -0.0947452 -0.0347464 0.00381547 -0.0350814 0.0431909 -0.0100123 -0.0521437 0.0568831 -0.041818 0.0979592 -0.0817514 -0.0472959 -0.0515628 -0.0271245 -0.0502459 0.0586021 0.0443042 0.0859361 -0.0413103 0 0.0570492 0.0402685 0.0221851 0.0451254 0.0043396 0.0253038 0.0434332 -0.0723187 -0.0220688 0.0359432 -0.0367053 -0.0718732 -0.000667588 0.0106337 0.0156329 0.0764027 -0.0120797 -0.000382805 0.0346029 -0.0821549 -0.0810015 -0.0792871 0.0186552 0.0651948 -0.0663821 0.0393968 
-0.061055 -0.0628319 -0.0553928 0.0528127 0.0735706 0.0967622 -0.0428932 -0.0347832 -0.0101246 0.0717229 -0.0598564 -0.0370369 -0.0572786 -0.00875239 0.0708174 -0.0544146 0.0558353 -0.0709647 0.0855552 -0.0211899 -0.0503348 -0.0736766 0.0742312 -0.0793011 0.0627685 -0.0836944 0.0440536 0.0748084 -0.0652008 0.0698327 -0.0697306 -0.0809474 0.0935632 -0.0998522 0.0534826 -0.0887889 0.0784435 0.0353073 -0.0411933 -0.0152576 0.0190255 -0.0242029 0.0840821 0.0804514 -0.0283797 -0.0270122 -0.0436534 0.0767559 -0.0547073 -0.0570492 0 -0.0393263 -0.0857985 0.0529117 0.0574159 0.0730059 -0.00510979 0.0963445 0.0544175 0.0513643 0.0680516 -0.0804336 0.0250648 0.093063 0.0577689 -0.0285067 -0.0697364 -0.0427734 -0.0255381 0.046077 -0.0607282 0.0337928 -0.0285786 0.0442992 -0.0489716 -0.0754654 
0.0288739 0.0807374 -0.0968356 -0.0465957 0.0807286 0.0258608 0.0940803 -0.0292871 -0.0865894 -0.0126796 0.0703031 0.0269564 -0.0734181 -0.0320669 -0.0993558 -0.0723593 0.0355529 0.0362266 -0.0229368 -0.0244995 -0.00595077 -0.0614512 0.0140308 0.0634369 0.0555052 -0.0961303 -0.0344394 -0.0545859 -0.0373978 0.0433342 0.0981951 0.00233599 -0.0512157 -0.0301137 -0.0124913 -0.00573421 0.044238 -0.086317 0.094943 0.0732738 0.00939752 -0.0966453 0.00461592 0.0224821 0.01274 -0.0329953 -0.0485771 0.0363701 0.0400552 -0.0402685 0.0393263 0 0.0992174 0.0745175 -0.0167742 -0.00207175 -0.055161 0.0621382 0.0254983 0.0675073 -0.0429482 -0.0320852 0.0888322 -0.0652909 -0.0536045 -0.0954069 0.0264234 -0.0344809 0.0375188 0.096598 0.0404706 -0.0529068 -0.0186213 0.0791513 0.0603671 0.0435092 
0.07552 -0.0971491 -0.0984277 0.0329978 0.0682261 -0.0285379 0.00758212 -0.0594171 -0.0617099 0.0439322 -0.0423449 0.0131674 -0.0389407 -0.054383 -0.0363985 0.0217271 -0.0149493 -0.0316095 -0.0495289 -0.011589 0.00777147 -0.0429496 0.021296 0.0407666 0.0630096 -0.0338287 0.0621734 0.0917253 0.00586857 -0.00184986 -0.0486911 -0.0689434 0.0186669 0.0629577 -0.00788705 0.012079 0.0197426 -0.0488027 -0.0420998 -0.0708343 0.0864276 0.0895558 -0.0506805 0.0111012 -0.0948307 0.0382773 0.0681191 -0.0305013 -0.0094602 -0.0221851 0.0857985 -0.0992174 0 0.00390252 -0.0484213 0.00162081 -0.0367471 0.0421853 -0.0979754 0.0114804 -0.066753 0.0637291 0.066962 -0.0291501 -0.0156443 0.0817127 -0.0334999 -0.0251413 0.0219513 0.0104055 0.0831811 0.0634488 -0.0985768 -0.052927 0.0864057 -0.0154843 
-0.0359172 -0.0261247 0.0511369 0.00326114 0.0674927 0.0102351 0.0756575 0.0231251 0.0964068 0.0958682 0.0382962 -0.0265203 -0.081174 -0.0188564 -0.0646055 0.036401 -0.0711399 -0.0347968 0.095008 -0.0974227 0.0872669 0.0122401 0.0282314 0.0492618 -0.0325934 0.0494194 -0.0626095 0.0937476 -0.0372 0.0267782 -0.034611 0.05748 -0.0990365 0.0767677 0.0166078 0.0779621 -0.0926759 -0.0773069 0.0894967 -0.0920546 0.0979587 0.0346322 -0.0137047 0.04767 0.0551075 -0.0935433 -0.0789935 0.0510997 -0.00947147 -0.0451254 -0.0529117 -0.0745175 -0.00390252 0 0.0865485 -0.0476018 -0.0450821 -0.0307515 0.0155223 0.0218029 0.0851522 -0.0487109 -0.0622988 -0.00733101 -0.0470399 -0.0674914 -0.0685916 -0.0748204 0.0380644 0.0368747 0.0947124 -0.0690914 0.0252842 -0.0574394 0.0211457 0.0902217 
0.0355974 -0.0784728 -0.0137527 0.0108352 0.0182501 -0.0952737 -0.0859103 -0.0139767 -0.00165165 0.0394629 -0.0146925 -0.021633 -0.0291478 0.0747395 -0.0896635 -0.0881454 0.0165174 -0.0139706 -0.0387825 0.0978171 0.0647049 0.00529892 -0.0773952 -0.00356286 -0.00618695 -0.0766502 -0.069709 -0.0130705 0.0802372 0.0648944 0.0347028 0.0948541 0.0192165 0.0493194 0.0923981 -0.0671173 -0.0852967 0.0511406 -0.0647689 0.0171086 -0.0641968 0.0842245 0.00686597 -0.0904317 -0.0694868 0.00766378 0.038184 0.0992331 0.0531301 -0.0043396 -0.0574159 0.0167742 0.0484213 -0.0865485 0 0.0417153 0.0124475 -0.0273404 -0.0935697 0.062574 0.0699913 0.0696333 0.0239899 -0.0151923 -0.0301637 0.0887847 0.097632 0.0141216 0.0956894 0.0990231 -0.0233147 -0.0661628 -0.08607 0.0960853 -0.0531789 0.0433684 
-0.0566357 -0.0579643 -0.0626421 -0.0651046 -0.0429043 0.0301007 0.0321617 -0.026822 0.0405176 0.0827537 0.0808692 -0.0897817 0.0544018 -0.0253185 0.0651667 0.0163086 -0.0222634 -0.0367815 -0.0993639 -0.035423 -0.0571575 0.0307683 0.0814402 0.0443448 0.0321235 -0.0718464 -0.0932897 -0.0724919 -0.0915055 0.0975769 0.0147114 0.0807371 -0.053258 0.032395 0.0807658 0.00571402 0.00301735 0.0476363 0.0621061 0.0618313 0.0219053 -0.0327616 -0.0391381 0.0834916 0.0266874 -0.0708989 0.0781134 -0.00960874 0.0778631 -0.0253038 -0.0730059 0.00207175 -0.00162081 0.0476018 -0.0417153 0 -0.093152 0.0228967 0.0988383 0.00912737 -0.0639717 0.0347655 -0.022016 0.042843 -0.0522845 -0.00996737 0.0645688 0.0612833 0.0759738 -0.00309887 -0.0120715 -0.00859106 -0.0956018 -0.000987708 0.0449915 0.0232253 
0.0240169 0.0124417 0.0426263 0.0606604 -0.00032525 -0.0621708 0.0951274 -0.0823873 -0.0241954 -0.0866167 0.0100142 0.0161115 -0.013894 0.0219059 -0.0937525 -0.0766026 0.0574307 0.0834557 -0.0146377 0.028293 0.0385705 -0.0911318 0.0368801 -0.0472837 0.0272903 0.0530466 0.0342599 0.0273497 0.0228776 -0.00278074 -0.0536858 -0.0211052 0.0939671 0.0584344 0.00633639 -0.0946475 0.0380114 -0.0157939 -0.0102463 0.00271877 0.0946012 0.0329991 0.0680768 -0.0719717 -0.066455 0.0719044 -0.0329329 0.0625533 0.0808313 -0.0434332 0.00510979 0.055161 0.0367471 0.0450821 -0.0124475 0.093152 0 0.0933074 0.0686922 -0.0966398 0.000319449 -0.0073909 0.0895491 0.0689609 -0.0259397 0.0150823 0.0832538 -0.0590142 0.0523173 0.0299758 0.0513002 -0.0134619 0.0295496 0.00776012 -0.051639 0.0833099 
0.0818802 -0.0847995 -0.0589918 0.0775177 -0.0054144 -0.0188629 -0.0221089 0.0431726 0.0512826 -0.092809 -0.0132607 0.076422 -0.0959862 -0.0622935 0.0433412 0.0603529 0.0234002 0.042358 -0.0720922 -0.0514853 -0.033932 0.0184708 0.0584074 0.0551399 -0.0342738 0.036685 0.0051929 0.0773606 0.081818 -0.00762939 0.0937008 0.0306811 -0.0913222 -0.0317468 -0.00818691 -0.0161253 0.00672631 -0.0438192 -0.0840692 0.0983309 0.0661826 -0.0235555 -0.0679997 -0.095328 -0.0882226 -0.0248097 0.0847901 0.0138876 0.0605116 0.0723187 -0.0963445 -0.0621382 -0.0421853 0.0307515 0.0273404 -0.0228967 -0.0933074 0 -0.0833748 -0.0610763 -0.0841591 0.0148284 -0.0535157 0.0457803 -0.0789441 0.0669669 0.0161124 0.0869973 -0.0607465 -0.0603591 0.0821531 0.0659422 0.0983186 -0.0194027 -0.0471682 -0.0918214 
0.0962515 -0.0873109 -0.096542 0.0818098 0.0837487 -0.0177577 -0.0413466 -0.00141538 -0.0773922 0.0670991 0.0284603 0.0220918 0.0144053 -0.0406259 -0.0816914 -0.00999252 -0.0518647 0.0709871 -0.0140989 -0.0142971 0.0477124 0.0529681 0.0987233 0.0131284 -0.0641953 -0.0368003 -0.00612957 0.0954575 -0.0508829 -0.00763999 0.0856731 0.0498059 0.0738761 -0.083165 0.0554765 -0.0347276 0.0630372 -0.0152325 -0.0558278 0.0656401 0.058294 0.0463859 -0.0289818 -0.00951222 0.0525713 0.0580124 0.0920472 0.0815119 -0.0124538 0.0220688 -0.0544175 -0.0254983 0.0979754 -0.0155223 0.0935697 -0.0988383 -0.0686922 0.0833748 0 0.0601237 0.0215422 0.0985058 0.00120389 -0.0307354 0.0175995 0.0510206 -0.0731985 0.0388112 0.0821744 -0.0358182 0.00627154 -0.0163805 -0.036145 -0.00445299 -0.00284568 -0.0718809 
-0.0907168 -0.020586 -0.00710345 0.0040799 -0.016225 -0.0902224 -0.0931124 -0.0431446 0.0449624 0.00855929 -0.0439386 0.0510446 -0.0683955 0.0150537 -0.0799492 0.075441 -0.0884472 -0.0457931 -0.0778939 -0.076638 0.0985369 0.0694415 -0.0952258 0.00102253 -0.0529706 0.047318 -0.0303036 0.0567217 0.0726167 0.0650082 0.034564 -0.0207361 -0.0275729 -0.028633 0.093965 -0.0339304 -0.0185395 -0.0346538 -0.0227074 -0.0661842 0.0543526 0.0487828 0.0628868 -0.0288758 0.0462928 -0.0146143 0.086993 0.0339394 0.00905937 -0.0359432 -0.0513643 -0.0675073 -0.0114804 -0.0218029 -0.062574 -0.00912737 0.0966398 0.0610763 -0.0601237 0 0.00969292 -0.0485065 0.0187767 0.0330793 0.00849803 0.0297931 -0.0835432 -0.0965183 0.0497194 -0.0218056 -0.0290945 -0.0956807 -0.0993926 0.0443334 0.0660524 -0.0586408 
-0.0457841 0.00844861 0.0362979 -0.0271824 -0.0320277 -0.077428 -0.0770594 0.0197929 0.0834728 0.0246114 -0.0973441 -0.0843544 -0.0124245 0.0544333 -0.0922676 0.0648501 -0.000781961 0.0412267 -0.0837462 0.0718817 -0.0738158 0.0161019 -0.0560392 -0.0753899 -0.0981531 0.0164161 -0.0151395 0.0212977 0.0747214 0.00423454 0.0162096 0.092654 -0.0553233 0.0216152 0.0560529 0.0781173 -0.0634431 -0.0517544 0.0940333 -0.0246827 -0.073582 -0.0375781 0.0929857 0.0949035 0.0154668 -0.00344955 0.0701991 -0.0463899 -0.0762892 0.0367053 -0.0680516 0.0429482 0.066753 -0.0851522 -0.0699913 0.0639717 -0.000319449 0.0841591 -0.0215422 -0.00969292 0 -0.081371 -0.0609596 0.0954848 -0.0721275 0.086291 -0.0539478 -0.0473164 0.0393019 0.078972 -0.0106564 -0.021904 0.0657236 -0.0413617 0.0466486 0.0846878 
-0.0569685 -0.041124 -0.0805012 0.0895478 0.00688893 0.0376167 0.0573521 -0.0358724 -0.0767927 -0.013506 -0.0940954 -0.0335679 -0.0847689 0.0940135 0.0740851 0.0274993 0.0807827 -0.0286806 -0.00790774 -0.0585671 0.0587998 -0.022324 0.0382223 0.00108036 -0.0825016 0.0865336 -0.0602254 -0.0606085 0.089962 -0.0734782 0.0650365 -0.00294036 -0.070489 0.0916489 -0.00628994 0.0430911 -0.0355418 0.0985421 -0.0506091 0.0519275 -0.0875929 0.00405192 0.0186169 -0.0954146 0.0856494 0.0423122 -0.0988782 0.0263196 -0.0118039 0.0718732 0.0804336 0.0320852 -0.0637291 0.0487109 -0.0696333 -0.0347655 0.0073909 -0.0148284 -0.0985058 0.0485065 0.081371 0 -0.0849175 0.00674335 -0.0755033 0.0255773 0.0583083 0.0592006 -0.00980601 -0.00693877 0.0276901 -0.0806561 -0.0971517 -0.0238852 -0.0796617 -0.0551075 
-0.0336597 0.0606514 0.0681921 -0.096025 0.0605623 -0.0721395 0.0382398 -0.0292385 -0.00509025 0.0559439 0.0354111 -0.0888232 0.0773982 -0.0520131 0.0606726 -0.0270052 -0.0525361 0.0494236 -0.0277688 0.0500509 0.0131577 0.0176207 -0.0903261 0.0642265 -0.0729674 0.0161747 -0.000290111 -0.0228468 0.0155303 0.0804899 -0.00550841 0.0165248 -0.0420368 0.0794653 -0.0608669 -0.0274883 -0.0853526 0.0817941 0.0138095 -0.0791994 0.0136598 -0.0563022 -0.0741637 -0.0458641 0.0937622 0.033636 0.0731732 -0.0618358 -0.0814328 0.000667588 -0.0250648 -0.0888322 -0.066962 0.0622988 -0.0239899 0.022016 -0.0895491 0.0535157 -0.00120389 -0.0187767 0.0609596 0.0849175 0 -0.098936 0.0644935 -0.0997669 0.0780157 -0.0787686 -0.0815989 0.038117 0.058667 0.0492716 0.00759632 -0.0655605 -0.0956937 0.0231444 
-0.0238897 0.0382923 0.0452093 0.0521164 -0.0206715 0.0950558 0.0891533 -0.0576437 -0.00925738 -0.0643233 0.0682622 0.0397741 -0.0640515 -0.00405169 -0.00985063 -0.0905323 0.0635308 -0.0767184 0.0647112 -0.0375882 0.0651613 0.00354326 -0.0316815 0.0715136 0.0826672 -0.0120875 -0.0556506 0.00143528 0.0662993 -0.0763965 0.000407116 0.0718563 -0.0227565 -0.0886838 0.0840024 -0.0413952 -0.0935649 0.0563308 0.058431 0.011783 0.0951596 0.0466555 0.0394801 -0.0418608 -0.0695446 0.070677 0.0499161 0.0703617 0.0965632 -0.0106337 -0.093063 0.0652909 0.0291501 0.00733101 0.0151923 -0.042843 -0.0689609 -0.0457803 0.0307354 -0.0330793 -0.0954848 -0.00674335 0.098936 0 0.0367876 0.0823852 -0.0199052 -0.0500214 0.090191 0.0739903 -0.0283472 0.0851902 -0.0893392 -0.0102492 -0.0155235 0.0479798 
-0.0734682 0.0159355 0.00504614 0.00419772 -0.099018 -0.0957921 0.0115354 -0.0481558 0.0140334 -0.0347296 0.0990557 -0.0196708 -0.0183735 0.0167984 -0.0104595 -0.062128 -0.018773 -0.0976655 -0.0462562 -0.0581765 0.0654302 -0.019504 0.0516476 -0.0450214 0.0956908 0.0598145 -0.0042676 -0.0743374 -0.0145997 -0.058539 0.0572697 -0.040281 0.0358038 -0.0193171 0.00470216 -0.00728804 0.0295974 0.0301004 0.0415153 -0.0903368 0.0752104 0.0790854 -0.0876895 0.0171692 -0.0434495 0.00802749 0.0606056 -0.0739366 0.0036318 -0.0156329 -0.0577689 0.0536045 0.0156443 0.0470399 0.0301637 0.0522845 0.0259397 0.0789441 -0.0175995 -0.00849803 0.0721275 0.0755033 -0.0644935 -0.0367876 0 0.0305023 -0.0965898 0.0514332 0.0798518 -0.04849 0.0844809 -0.00247822 -0.0886479 -0.00466325 -0.0727809 -0.059522 
0.0543267 0.0765105 -0.0971114 -0.079943 -0.0997297 -0.0662433 -0.0064472 -0.027517 0.0915459 -0.0357451 0.061759 -0.010975 0.0224875 0.0364275 -0.099312 0.00991016 0.0568595 0.0339562 0.0124166 -0.052268 0.0356051 -0.00460831 0.0197071 0.0765732 -0.0295204 -0.022694 0.0132641 0.0595648 -0.0242511 -0.0909572 -0.0939542 0.0654564 -0.0672764 -0.0179438 0.036334 -0.0428947 0.0479397 -0.0933907 0.0360653 0.0642855 -0.0824902 0.00113975 0.0583104 -0.00126906 0.0178601 -0.0130834 0.0700687 0.0646462 0.0739884 -0.0764027 0.0285067 0.0954069 -0.0817127 0.0674914 -0.0887847 0.00996737 -0.0150823 -0.0669669 -0.0510206 -0.0297931 -0.086291 -0.0255773 0.0997669 -0.0823852 -0.0305023 0 -0.0720234 -0.0083106 -0.0264377 -0.00255465 0.0362609 -0.0644358 0.0627286 -0.0880428 -0.0436182 -0.036327 
-0.0406534 0.0106151 0.0537755 0.07667 0.0766152 0.0419594 -0.0295028 0.0105482 -0.0485816 -0.0759483 0.0669158 -0.0342315 -0.00311114 -0.0697809 -0.0753036 -0.0885819 0.0649258 -0.0355173 -0.0463535 0.00187697 -0.0773656 0.0898344 0.0604851 0.0746731 -0.09725 -0.0751959 0.0966602 -0.0686307 -0.0769697 0.0366014 -0.0174315 -0.0683233 -0.0772047 0.076527 0.021272 -0.0312962 -0.0213352 -0.0920346 0.0827019 0.0402942 -0.090968 0.0451666 -0.0779543 -0.0497191 0.00703808 0.0411198 -0.0778155 -0.0883735 -0.0662813 0.0120797 0.0697364 -0.0264234 0.0334999 0.0685916 -0.097632 -0.0645688 -0.0832538 -0.0161124 0.0731985 0.0835432 0.0539478 -0.0583083 -0.0780157 0.0199052 0.0965898 0.0720234 0 0.0793348 0.0256419 -0.0507797 -0.0297074 -0.0976493 0.0514756 0.0835031 0.00111528 -0.0260432 
-0.0888772 0.0150222 -0.035957 0.0892467 0.0229281 -0.00881598 0.0623006 -0.0457954 0.0748511 -0.00393203 -0.0117409 9.3924e-05 0.0176669 -0.0671096 -0.0756223 0.0813226 -0.0549441 -0.0301072 -0.0802205 0.043492 0.0209988 -0.00920395 -0.0881799 -0.0042708 0.0910758 -0.0411389 -0.0861143 0.0933093 0.0272141 0.0448289 0.0622581 0.0485495 0.071 -0.0562814 0.0960246 0.00598795 0.0803625 0.0516366 -0.0434121 -0.0759127 0.0819881 -0.0209875 0.0901187 0.00982711 -0.055573 -0.0949265 -0.0498078 -0.0437823 0.0038929 0.000382805 0.0427734 0.0344809 0.0251413 0.0748204 -0.0141216 -0.0612833 0.0590142 -0.0869973 -0.0388112 0.0965183 0.0473164 -0.0592006 0.0787686 0.0500214 -0.0514332 0.0083106 -0.0793348 0 0.0671885 -0.0575447 0.0951756 -0.0480301 0.0447624 -0.0389376 -0.0311895 -0.0227434 
-0.0965598 -0.00930758 0.0189115 -0.0198266 -0.0443621 -0.0285109 -0.0818057 0.0120131 0.0169028 -0.00109588 0.0263959 -0.0784645 -0.0752593 0.0827689 0.0907246 0.0742914 0.0517833 0.0195382 0.0734427 -0.0503655 -0.0235798 0.0638571 -0.0834211 0.0429175 0.0635394 0.0329254 0.0540336 -0.0142424 0.0132701 0.034936 -0.047798 -0.00888391 -0.0746564 -0.0949639 0.0349097 -0.0322355 -0.0419071 0.0268707 0.0793045 -0.0337614 -0.00658269 0.0694558 -0.0663075 -0.0320633 0.0322301 -0.0870938 -0.00340492 0.013881 0.0475552 -0.0346029 0.0255381 -0.0375188 -0.0219513 -0.0380644 -0.0956894 -0.0759738 -0.0523173 0.0607465 -0.0821744 -0.0497194 -0.0393019 0.00980601 0.0815989 -0.090191 -0.0798518 0.0264377 -0.0256419 -0.0671885 0 -0.00947858 -0.0439315 -0.0209253 0.0105444 0.0573783 0.07684 0.0676258 
-0.0826403 -0.0437006 -0.0402719 -0.046725 0.0916165 0.0258935 -0.077324 0.0102166 -0.0105406 -0.0672383 0.0223731 -0.0160544 -0.0114433 -0.074914 0.0349481 -0.0546235 0.00493694 0.0109974 -0.0760971 -0.0485308 0.0648229 -0.0606574 -0.0389517 0.0786438 0.0257125 0.0293194 0.0562869 0.0805319 -0.0390247 0.0732338 0.0669009 -0.0634472 0.0169361 0.0186749 -0.060218 -0.0840441 -0.0655433 0.0934469 -0.0733808 -0.0536448 0.0726874 0.0109128 -0.089007 -0.0101917 -0.0849881 -0.0587507 0.0900533 -0.0073533 0.0983566 0.0821549 -0.046077 -0.096598 -0.0104055 -0.0368747 -0.0990231 0.00309887 -0.0299758 0.0603591 0.0358182 0.0218056 -0.078972 0.00693877 -0.038117 -0.0739903 0.04849 0.00255465 0.0507797 0.0575447 0.00947858 0 -0.0548303 -0.0701395 -0.0314597 -0.0772076 0.068237 0.0639329 
0.0625221 -0.0693091 0.0183076 -0.0179942 0.0402744 0.0315877 0.0815981 0.0874514 -0.0571503 -0.0911902 0.0850241 -0.0755055 -0.0516123 0.0838045 -0.096798 0.0490273 -0.0862136 0.0631273 0.0381118 -0.0631757 0.0989044 0.0838204 0.0839748 0.0812493 0.0773624 0.0473526 -0.00161311 0.0861216 0.012593 0.056142 0.0215885 -0.0105554 -0.0563158 0.0926555 0.039108 0.087425 -0.0862188 -0.0786364 0.0510132 0.0988001 0.088819 -0.0564151 0.0381658 0.0367616 -0.0251656 0.0744439 0.0402213 0.0180574 0.0873324 0.0810015 0.0607282 -0.0404706 -0.0831811 -0.0947124 0.0233147 0.0120715 -0.0513002 -0.0821531 -0.00627154 0.0290945 0.0106564 -0.0276901 -0.058667 0.0283472 -0.0844809 -0.0362609 0.0297074 -0.0951756 0.0439315 0.0548303 0 0.0663856 -0.0948055 0.0270324 0.080364 0.0688656 
0.0489804 -0.0643047 -0.0887015 0.0479929 0.0892063 0.0442748 0.040341 -0.0555834 0.0109181 0.0208373 -0.0272496 0.0196673 0.0188042 -0.0331467 -0.0968657 0.0874762 -0.0308716 -0.0252526 -0.0903445 0.059603 0.0422225 0.00758875 -0.0136772 0.0146856 0.0735967 0.0683545 0.0812984 0.0449196 0.0848047 -0.0111056 0.012078 0.0626028 -0.0918284 0.017177 -0.0868819 -0.0831552 0.095062 0.0383447 0.0568118 0.0488424 0.0307262 0.0854824 0.0298093 0.0100921 0.0819591 0.0580171 0.0601842 -0.0165084 -0.0239643 0.0792871 -0.0337928 0.0529068 -0.0634488 0.0690914 0.0661628 0.00859106 0.0134619 -0.0659422 0.0163805 0.0956807 0.021904 0.0806561 -0.0492716 -0.0851902 0.00247822 0.0644358 0.0976493 0.0480301 0.0209253 0.0701395 -0.0663856 0 -0.097514 -0.0883909 -0.0405941 0.056496 
-0.0113552 -0.0220183 -0.0704605 0.0458303 -0.0554684 -0.0203856 -0.0753112 0.0474628 0.0355048 0.097324 0.0454147 -0.0342275 0.039431 -0.00833629 -0.0755291 0.0911451 0.0242303 0.0914161 -0.00430126 0.0620621 -0.0540874 -0.0697159 0.0879869 0.0482669 0.0586101 0.0208585 -0.0191559 -0.0936985 -0.075073 -0.0371322 0.081956 -0.00207357 0.0697717 0.00590851 -0.0367378 0.0782833 0.0740381 0.0517346 -0.0648867 0.0630372 0.0142316 -0.00915659 -0.0390327 -0.0771653 -0.0369505 0.0553512 0.0678207 -0.00334289 -0.0515423 -0.0186552 0.0285786 0.0186213 0.0985768 -0.0252842 0.08607 0.0956018 -0.0295496 -0.0983186 0.036145 0.0993926 -0.0657236 0.0971517 -0.00759632 0.0893392 0.0886479 -0.0627286 -0.0514756 -0.0447624 -0.0105444 0.0314597 0.0948055 0.097514 0 -0.0550171 -0.0615662 0.0301881 
-0.0715317 0.0446091 -0.058139 -0.0396934 0.0470213 -0.0614991 -0.0849793 -0.00849438 -0.00448489 -0.0671974 0.034129 0.0180917 0.0618744 0.00501106 -0.0768158 -0.068727 -0.0520274 0.0292579 -0.0866392 -0.0654734 0.0272416 -0.020379 0.0338348 -0.0383043 -0.0430379 -0.0928922 -0.0205426 0.069625 0.0119152 0.00173607 -0.0760557 0.0953415 -0.0347682 -0.0453468 -0.042338 0.0391727 -0.0205848 0.00205227 0.0199815 -0.0525899 -0.0343092 0.0217774 -0.016429 -0.0756466 -0.097509 0.0984927 0.0268853 -0.0222039 0.0604733 -0.0651948 -0.0442992 -0.0791513 0.052927 0.0574394 -0.0960853 0.000987708 -0.00776012 0.0194027 0.00445299 -0.0443334 0.0413617 0.0238852 0.0655605 0.0102492 0.00466325 0.0880428 -0.0835031 0.0389376 -0.0573783 0.0772076 -0.0270324 0.0883909 0.0550171 0 0.0419609 0.0912487 
0.0477718 -0.0725619 0.0476201 -0.0326885 -0.0265844 -0.0623265 -0.0536498 -0.0315448 0.02763 -0.0531889 -0.0275158 0.0342596 -0.0447446 -0.0862915 0.0710604 -0.053709 -0.0585736 -0.0766775 -0.0767822 0.0869535 -0.0867445 -0.000140189 -0.0534783 -0.0416283 0.0988709 0.0541387 -0.0893635 -0.0239763 0.0908107 0.072157 -0.0729011 0.0847618 0.0731473 0.0313196 -0.0458403 0.0126805 0.0110476 0.0176987 0.0190318 -0.0315782 -0.0787645 -0.055036 -0.0215965 0.0478223 -0.0257476 -0.0287783 -0.0585967 -0.0633639 0.0294974 0.0663821 0.0489716 -0.0603671 -0.0864057 -0.0211457 0.0531789 -0.0449915 0.051639 0.0471682 0.00284568 -0.0660524 -0.0466486 0.0796617 0.0956937 0.0155235 0.0727809 0.0436182 -0.00111528 0.0311895 -0.07684 -0.068237 -0.080364 0.0405941 0.0615662 -0.0419609 0 0.0620952 
-0.0807727 -0.0254596 -0.0838424 0.0359186 -0.071016 0.0119107 0.0888977 0.0627399 -0.0582299 0.0839212 0.0655652 0.0613639 0.0785137 0.0728092 -0.0125673 -0.0995748 -0.00634989 0.0853505 -0.0756721 0.0902789 -0.0420475 -0.0157264 -0.0281575 -0.0681025 -0.0219328 0.00691903 0.07126 -0.0427437 0.0227952 0.0735018 0.0386274 -0.0115658 0.0498996 -0.00448287 -0.0110456 0.0716475 0.00960974 -0.0360519 0.0934961 -0.0744028 0.00326151 0.0600962 0.0136944 -0.00647478 0.080144 -0.0754234 -0.0347016 0.0149104 -0.0176031 -0.0393968 0.0754654 -0.0435092 0.0154843 -0.0902217 -0.0433684 -0.0232253 -0.0833099 0.0918214 0.0718809 0.0586408 -0.0846878 0.0551075 -0.0231444 -0.0479798 0.059522 0.036327 0.0260432 0.0227434 -0.0676258 -0.0639329 -0.0688656 -0.056496 -0.0301881 -0.0912487 -0.0620952 0 
