75

16000 4500

30 55 80

9

0 38380 18410 49220 89191 75801 66650 33860 79540 30310 60980 48050 29260 55000 75420 93500 77950 89420 96930 98480 75550 30890 93090 69940 98120 61210 77170 37830 77210 98630 21620 87340 94050 32430 79261 98430 61050 65241 49150 58320 80920 49490 42960 75701 67640 81540 55500 29640 90180 53730 51540 56500 93120 68860 56030 61890 19970 84030 81070 61461 59220 98230 34440 86840 48910 90980 47310 32170 32310 95460 65860 76100 90700 40130 85610 85530 
38530 0 26700 23570 114500 94700 105601 55560 73000 68840 29530 77240 44600 88080 55120 80280 95120 57970 106530 96280 38700 38690 56240 52760 81740 69010 75380 58060 68480 105910 32440 85330 129440 20740 106110 105710 100951 91200 49200 33770 116640 80520 26360 102390 82590 84690 22620 21710 81450 33070 57050 20220 85600 46910 39330 44710 43290 91310 121651 88150 27770 66780 5450 101150 34470 59530 85840 6790 13150 95690 63210 81670 93750 10780 78880 92090 
17690 26660 0 46730 90840 72230 84340 29830 63910 48000 55320 50720 18870 61560 57440 76770 72650 84060 86820 84890 63360 42740 80900 51970 80140 74000 63580 53960 81440 86200 6220 73750 113370 14450 80910 86000 78740 66890 55960 57450 100240 54000 24980 77350 83830 69110 47950 29700 94410 35750 38110 45550 77500 50880 38050 43920 36100 71600 100390 63110 53860 92870 27320 80560 30930 85620 65000 20280 19280 102450 51210 63670 78270 36870 70110 73100 
49140 23460 46490 0 135300 115470 116211 75720 94910 79450 16200 96850 64780 104140 75320 101190 115890 43980 127300 118101 40420 39560 57230 73670 101940 61760 96190 59540 49780 126680 52280 107240 131241 41580 126901 126480 111200 111970 36810 11900 120390 98630 48570 123190 78610 105460 23040 25460 62220 53580 77820 24890 107421 67110 61540 66080 47040 112080 131470 108920 13780 52540 22500 121920 56680 45290 96450 28080 35360 84890 83980 102440 114520 13080 101090 112860 
88921 112970 89950 134680 0 24640 115440 62840 81280 93851 138170 43530 72310 65390 98470 98113 29190 167872 51150 87163 133600 118891 148530 93770 103983 149211 77410 119171 165156 61820 84810 80443 151101 92930 17050 62430 115660 24810 137151 146022 137971 60250 90610 14690 141701 67422 127610 117742 178126 98370 58930 124780 86253 102610 86320 92210 107971 54392 138181 28860 139500 179712 114400 41570 84630 172670 99081 107740 100530 183461 70320 65982 68892 122320 83763 58172 
76031 94450 71700 115520 25720 0 102550 45460 58650 80961 119610 30640 55690 52500 78720 76820 6170 148082 34110 65150 113810 106001 128740 74130 82300 136321 54780 106281 152266 41520 66290 59343 138211 74410 31960 42130 102770 14030 124261 126240 125081 47360 72090 28240 128811 46322 109090 101230 165236 79120 39680 106260 65153 82860 67070 72960 95081 32170 125291 21870 120340 159800 95880 21700 65380 152550 86191 89220 82010 170571 48880 43460 46670 103800 62450 35950 
67001 105171 85411 116011 115850 102460 0 78390 122990 37040 128571 74470 79190 55980 133610 137790 105110 158590 130230 141340 145211 81440 162751 127460 143930 89480 120020 60710 117350 137100 82410 130050 56810 98420 105920 137710 13290 91900 95030 118020 43680 57710 107300 102360 63700 123180 123091 92990 129820 117290 93790 124091 135980 130620 112800 120070 69900 123490 41390 88120 126811 160290 101231 117820 105330 156900 20150 98961 99101 116600 108500 117740 132340 106921 128470 124990 
32890 55430 29700 75730 63820 45410 78370 0 49790 54210 82960 24250 11540 40270 57970 64000 45830 112040 64810 68510 78610 62524 96150 52270 69480 92814 47200 70020 108594 68280 23680 57370 112330 36460 53890 68080 78360 39870 80784 86450 99200 32630 36330 50330 96540 51190 73330 59230 121564 46320 21430 70500 63150 57070 39160 46520 52340 53680 99410 36090 82260 121270 56090 54720 34220 114020 60310 49050 43480 127094 36080 45750 60350 65270 55640 55180 
78250 73160 64450 95040 82450 58750 123350 49280 0 100660 91850 60190 53340 83190 31630 18570 57540 119242 54941 25190 80850 106640 89280 30430 24050 137900 5120 115560 138930 47861 59200 14350 158990 55240 78280 45170 123570 63170 118510 105500 145860 76330 47390 74560 144572 19870 80250 90990 151900 47680 28790 77420 14510 38970 35280 34670 97700 33781 146070 60320 92580 131082 75400 53131 39240 124040 105890 68740 61710 165000 14880 20770 28240 82510 7440 32191 
31360 69530 49770 80120 94441 81051 37050 54360 100080 0 92130 52250 54270 44640 107280 114870 83701 120380 108821 118420 106700 46530 124240 101300 121010 62470 97110 31330 89650 115691 50740 107280 64380 63790 84511 115670 31380 70491 61490 83280 51250 44030 74320 80951 50390 100960 86650 56590 102620 85090 71570 87650 113060 100720 87390 93250 33500 101270 51400 66711 90370 122080 65590 96411 80270 118690 17680 63320 63460 98190 86280 95520 110120 71280 105550 102770 
60920 29420 55350 16200 139390 119530 128711 82750 91710 91230 0 104610 73250 115920 67350 93670 119950 31340 129320 113361 26260 55760 42090 67860 93970 76911 94000 75740 60281 128130 61090 104040 146582 48650 131000 127290 124061 116060 50651 22211 137752 109170 47530 127280 93981 103890 11770 41660 71891 48840 81060 14610 102681 59140 58350 61340 63240 113530 144761 113010 3300 42010 32150 124450 55420 34760 108340 35420 41060 94711 82410 101260 112950 21290 97541 112600 
48020 76810 50470 96880 44280 30890 74250 24310 59930 52230 104890 0 33240 24560 70720 74710 33540 134210 58660 78180 100370 77990 119530 66130 80190 108310 56870 78270 124310 65530 45790 67040 109480 58390 34350 66140 74470 20330 96250 106340 96350 19420 58090 30790 100080 60000 95090 77660 137280 68080 31420 92260 72820 74860 58110 64460 67070 54270 96560 16550 104010 143020 77470 46250 53800 135770 57460 70430 65630 142560 46130 54560 66470 87020 65310 57790 
28940 44450 18720 64750 73310 55720 79120 11580 53440 53770 72860 33510 0 47790 55050 67350 56140 101600 74330 73210 71990 58574 89530 49350 72830 88864 51900 66250 99990 73710 12700 62070 113080 26080 63380 73510 79110 49360 74510 75470 99950 40230 29710 59820 95262 56620 64560 48250 112960 39700 26430 61790 67750 52600 34690 42050 48390 59110 100160 45580 71400 110410 45110 64790 27740 103160 61060 38070 32620 121000 39910 51180 65780 54410 59640 60610 
54650 87970 61630 103870 65690 52300 56320 39730 83040 44290 115630 24980 47851 0 93830 97830 54950 144070 80070 101380 117750 78790 137190 89240 103970 104170 80070 71580 125110 86940 57320 90240 96660 73781 55760 87550 56540 41740 97050 112970 83530 8960 75000 52200 92140 81410 109260 84290 138080 84990 54530 106860 96020 94830 76920 84280 65220 75672 82170 37960 113870 152880 88630 67660 72610 145630 40920 81590 78660 139890 69240 75970 87880 94780 88510 79200 
74880 55570 57620 75500 99540 78650 133650 58130 31840 107430 67220 70920 55510 93920 0 27200 78140 89590 82460 48400 50460 93670 58320 7850 27610 123990 36620 109880 122970 76160 58230 45340 169290 44690 92190 75180 133870 77280 104180 85700 156160 87060 32740 88470 137570 51370 55600 76690 135940 24280 39780 52770 39020 8220 22000 15540 92020 62070 156370 74230 68860 101430 60430 79110 28640 96520 116190 56570 47140 150670 33690 49150 58400 63720 34490 60490 
92430 80310 76660 101150 99792 76980 138470 63760 18870 115610 93360 74730 67210 97980 27020 0 74800 115730 70430 22860 76600 116840 84150 28250 7450 147980 23160 129950 148220 63320 72590 27470 174110 66490 95250 59570 138690 80340 128170 111350 160980 91120 54540 91530 159310 34580 81740 100540 161380 48640 43310 78910 14780 34360 43200 38100 111880 49640 161190 77290 95000 127570 84890 69291 49120 122660 121010 78400 68970 174660 31090 37840 40360 89160 16720 47560 
77500 94860 72110 115930 30290 6120 105220 45870 57470 83631 120020 33310 56100 55170 78120 74433 0 148210 29490 62570 114220 106764 129150 73530 80303 137054 53670 108951 152834 36900 66700 56763 140881 74820 37300 37510 105440 19370 125024 126650 127751 50030 72500 33580 131481 43742 109500 101640 165804 79530 40090 106670 62573 82260 67480 73080 96950 29590 127961 26990 120750 160332 96290 17080 65790 152210 88861 89630 82420 171334 48280 40880 44090 104210 59900 33370 
89490 57990 84170 44070 168891 147831 158250 111451 118981 119800 31320 134291 102070 144490 89300 115620 147711 0 156751 136820 40850 75830 48760 89990 114170 87290 121271 95070 66500 155561 89910 131311 162331 77480 160691 154561 151620 145581 66400 38880 153501 137990 75521 156971 109730 131161 42560 68780 74050 73210 108491 44720 127440 81090 85621 86760 88870 140961 175361 142531 30730 12780 60720 151881 83031 8510 138940 64250 69890 100930 109681 128531 140221 49860 122810 139871 
96450 106760 86150 127650 51630 34210 129790 64820 53991 108201 129590 57880 74180 79740 82540 69671 29650 157062 0 54080 122790 125714 137600 77950 75541 156004 52491 133521 167420 12550 80740 52001 166531 87720 63370 13970 130010 47460 141940 138370 153401 74600 82830 60540 156051 36550 118070 115680 180390 88100 50190 115240 57811 86680 75160 79160 115900 22490 153611 52720 130320 168902 108010 12670 74360 161830 113431 101350 94320 188800 52190 37450 33800 116110 55321 25090 
97310 96300 84800 117471 87891 64300 142770 68270 24770 118920 112651 78290 73030 100880 47960 23060 61810 136670 53330 0 97540 126944 105090 48290 27520 157624 25100 134620 162610 43240 79390 21160 178410 78920 93360 39490 142990 75190 140590 127671 165280 94430 70530 88950 163610 19890 101051 114330 175580 66361 47220 98221 10610 55300 58420 54391 116760 33140 165490 74770 113381 150301 99080 55940 62530 143600 125310 92420 84960 187450 36100 27480 21910 105481 20180 31060 
75570 38910 63600 40400 134500 113480 145391 78630 80850 105880 26000 100490 72121 117980 50510 76830 113790 40920 122260 98030 0 75410 20620 51200 76400 101110 84740 94780 85241 119460 66500 94220 167910 50360 126110 118480 140741 111000 75621 47181 155110 110340 42700 122390 118951 95080 20910 58430 96861 36010 74140 20140 88650 42300 48530 49570 80010 105370 161441 107950 29110 52760 43770 117480 50210 47850 125020 44110 45410 119681 73730 92450 104140 36200 84020 103790 
30950 38780 42840 39630 119063 105673 81480 62842 105990 46410 55840 78140 58982 78990 93360 116950 106882 75960 125862 127462 75470 0 93010 89430 118850 34340 106152 21880 46650 127612 48890 116322 92750 53840 109133 127412 74850 95113 18590 38860 79960 78380 63030 105573 46410 110522 55420 18620 59620 71310 80522 56420 119580 85150 76000 81380 13770 113012 94400 91333 53420 79080 35110 115772 70640 74270 63450 40220 48760 64900 93880 105082 119682 40290 112190 114512 
93180 56520 81210 57270 149310 128250 163001 96240 89170 123490 42000 119020 89731 137380 58030 84210 128560 48730 137030 104870 20670 93020 0 60070 79140 117871 93860 112710 101231 130770 84110 102670 193921 67970 141960 129790 158351 126530 91611 63171 179592 129740 60310 138240 134941 106390 38520 76040 112851 52230 88910 37750 96030 50600 63300 60280 97620 116680 180101 123480 45060 57700 61380 132250 66860 56320 142630 61720 63020 138661 88300 103760 114970 53810 91820 115100 
69260 52890 52000 73730 94710 73820 128350 52510 30300 99570 68010 66090 49890 89090 7770 28170 73310 90380 77630 48330 51250 89420 60480 0 30070 120560 34420 104290 120800 71330 52610 43650 163390 39070 87360 70350 128340 72450 100750 83930 150260 82230 27120 83640 133320 46950 56390 73120 133770 21220 34950 53560 38570 9560 16380 10680 86430 57240 150470 69400 69650 102220 57470 74280 23020 97310 110290 50980 41550 147240 28860 44320 55530 61740 33470 55660 
98070 82980 80810 103000 106492 83310 144800 70090 25200 121940 94720 81060 73540 104310 28550 8330 81130 115330 77130 27160 77180 119510 80150 30920 0 150650 29490 134380 150470 68360 78670 34170 191020 69160 102100 64610 145020 86670 130840 113200 167310 97450 57210 98380 164560 41280 83100 103210 163440 51310 49640 80270 21180 35720 45870 40770 116360 56340 167520 83620 96360 127170 87560 75991 51790 122260 127340 81070 71640 177660 37420 44360 46880 91220 23420 54260 
61170 69430 74230 61920 149203 135813 89800 92982 137380 62330 77180 108360 89122 104780 124010 147900 137022 86930 156002 157942 101260 33950 117720 120380 149800 0 136292 34070 28660 158092 80280 146462 81610 84880 139273 157552 81820 125253 30990 55840 72780 104170 93980 135713 30040 140662 81210 48670 41130 101960 110662 82210 150970 115800 106950 112330 43990 143152 99411 121473 73660 85170 65760 145912 101610 83990 75460 70870 79410 36510 124982 135222 149822 66080 143580 144652 
75280 75050 62770 96000 78520 54820 119580 46240 5060 96890 93620 56260 51000 79260 36380 22420 53710 121012 52710 25210 84620 104914 93850 34200 27900 135204 0 112590 139890 46410 57360 13640 155220 56200 74350 43720 119800 59240 118560 106720 142090 72400 49280 70630 141390 18420 82020 91950 152860 50160 25190 79190 16770 42930 37760 37710 94730 32320 142300 56390 94350 132852 76360 49360 40970 125810 102120 69700 62670 165050 13210 18110 26790 84400 8590 30740 
37650 57890 53760 59410 119461 106071 60520 70060 116271 31300 75620 78320 66050 71830 109440 129770 108721 95280 133460 135211 94580 21730 112600 103960 133290 34200 113901 0 61850 135361 58410 124071 71630 66280 109531 135161 53890 95511 35080 58180 58840 71190 77080 105971 30430 118271 74530 37730 74320 87440 88271 75530 129851 102760 90150 95910 18900 120761 73440 91731 73200 96980 54220 121431 83030 93590 44870 58940 64500 69920 102591 112831 127431 59400 122341 122261 
77200 69540 81510 48780 164574 151184 117840 108353 138590 89500 59730 124390 100210 125240 123040 148600 152393 66130 168360 162410 84540 46530 100270 121080 149660 28750 139870 61990 0 167740 87560 150920 109650 85260 154644 167540 109860 140624 30040 37980 100820 124630 94880 151084 58080 149140 68980 52990 13130 100990 119450 71820 152180 114830 107850 113230 60020 153140 127451 136844 56210 64370 66180 161283 101990 63190 103500 71760 80310 35210 127660 145010 158200 59180 144790 154640 
97770 106080 85470 126970 62000 41420 136740 68040 46871 115151 126640 64830 73500 86690 75420 62551 36860 155312 12490 44040 118360 127404 130480 70830 68421 158084 45371 135080 166740 0 80060 44881 173481 87040 72220 3930 136960 54670 141260 138070 160351 81550 81520 68880 163001 29410 115040 115000 179710 83670 49510 112210 50150 79560 71270 73490 117220 15590 160561 59670 127370 167152 107330 21120 73050 160110 120381 100670 93640 188120 45650 30330 24800 115430 48201 17950 
21250 32140 6200 52360 85950 66670 82330 23760 58530 49990 60800 46150 12800 57560 58230 72400 67090 89540 81260 79330 65750 48770 83290 52530 77880 80030 58020 58540 87470 80640 0 68190 115360 16840 76020 80440 80730 61440 61990 63080 102230 50000 27370 72460 88410 63550 53430 35730 100440 38140 32550 50840 72840 53270 37480 44690 40680 66040 102380 58220 59340 98350 32800 75000 29950 91100 64270 25760 21670 108480 45650 58110 72710 42350 64730 67540 
78130 80010 65830 100900 77530 53830 121420 48400 21240 98730 99070 58100 53860 80870 47700 38660 51500 126462 50500 35740 90790 107764 102760 43110 44140 138054 16840 115440 144790 44200 60420 0 157060 61100 74140 43220 121640 58720 121620 111620 143930 74240 54540 70420 143550 19420 87470 95360 157760 56100 28290 84640 30380 51840 43700 45770 97580 30110 144140 56180 99800 138302 81260 47150 46070 131260 103960 74600 67570 168110 18080 16790 28480 89360 23730 28530 
94610 128930 113991 131320 151091 137701 56220 112560 158540 63890 147060 108900 113360 96150 168270 173340 140351 162820 166591 176890 167460 92100 193531 162120 190380 81950 155570 71130 109820 173461 114961 165600 0 128011 141161 173440 47760 127141 99610 125240 12900 97880 138541 137601 52970 158730 147020 108190 120460 150551 129340 148020 171530 165280 147460 154730 86780 159040 52210 123361 143540 162570 125260 153741 139990 161130 56380 125530 127681 101220 144050 153290 167890 130440 164020 160540 
31430 20610 14170 41880 94180 74380 98080 36280 54980 61740 48410 58140 26180 73810 44430 66470 74800 77150 87370 78800 50120 54020 67660 38950 68370 85160 56260 66410 85770 86750 17070 67310 127110 0 85790 86550 92480 70880 65350 52600 113980 66250 12220 82070 96280 65530 40110 37720 98740 22490 37890 37340 68570 37810 25500 30900 48550 72150 114130 67830 46950 85960 22240 81780 18380 78710 78740 15580 8170 111840 44050 62510 74590 29960 61180 72930 
79761 106870 80790 127200 17790 32360 106280 53680 78490 84691 132070 34370 63150 56230 93500 96350 37750 162902 63550 93810 127500 109731 143560 88800 101830 140051 74620 110011 155996 72590 75700 83730 141941 86830 0 73200 106500 22190 127991 136862 128811 51090 84510 5450 132541 73710 121510 108582 168966 93380 53960 118680 89540 97640 81350 87240 98811 63082 129021 20210 133400 174190 107790 52770 79150 166940 89921 100750 94430 174301 65720 68270 77582 116220 83060 66862 
97590 105900 85290 126790 62500 41920 137240 67860 44970 115651 126460 65330 73320 87190 75240 60050 37360 153852 13870 40230 118180 127224 130300 70650 64830 157514 43470 134900 166560 3780 79880 42380 173981 86860 72720 0 137460 55170 141080 137510 160851 82050 81340 69380 163010 26500 114860 114820 179530 83490 49330 112030 46340 79380 71090 73310 117040 15410 161061 60170 127190 165692 107150 21620 72870 158650 120881 100490 93460 187940 45470 30150 20990 115250 45700 16360 
62140 101041 80550 110900 116080 102690 13300 78190 123220 31420 124441 74700 78990 56210 133410 138020 105340 152170 130460 141570 141081 75020 158621 127260 144160 81620 120250 54290 109490 137330 81520 130280 48360 94570 106150 137940 0 92130 88610 111600 35230 57940 105831 102590 55840 123410 118961 87370 121960 117090 94020 119961 136210 130420 112600 119870 64280 123720 32170 88350 122681 153870 96370 118050 105130 150480 19390 94100 94240 108740 108730 117970 132570 102791 128700 125220 
65481 91160 66510 112230 25840 14020 92000 39400 63050 70411 116320 20090 48870 41950 77680 80560 19410 146390 47350 75990 111080 95451 127310 73090 86040 125771 59180 95731 141716 54760 61420 66880 127661 71120 22030 55370 92220 0 113711 122582 114531 36810 68800 18310 118261 56440 105800 94302 154686 77670 38250 102970 72690 81820 65640 71530 84531 45360 114741 9590 117050 156900 92590 34940 63440 149650 75641 85930 78720 160021 50010 51000 59860 100510 67620 49140 
49170 49410 55960 36870 137024 123634 94490 80803 118190 61250 50970 96360 74660 97210 103990 127880 124843 66730 142610 140680 75780 18500 91510 100360 129780 30760 119370 34730 30050 141990 62010 129540 99180 64860 127094 141790 87860 113074 0 29630 89830 96600 73960 123534 47610 124900 59450 28650 42770 81940 93900 60450 131780 95780 86930 92310 31990 127390 107410 109294 47450 65210 45740 133733 81590 64030 78290 50850 59390 51250 107000 119460 134060 44320 124390 128890 
58370 33530 56990 10800 146061 125970 118010 86220 105280 83400 22360 106080 75280 113370 85390 111260 126390 39290 137800 128171 47170 39010 62900 83740 112010 55840 106690 58250 38830 137180 62780 117610 125321 52080 136131 136980 111380 122111 29580 0 116491 107860 58640 132571 72690 115960 31610 30510 50440 63650 88320 34450 117491 77180 71610 76150 51300 122580 134950 118331 18840 44260 33000 132420 66750 37600 100440 38580 45430 73260 94480 112940 125020 23270 111160 123360 
81970 116840 101351 120210 138451 125061 43580 99400 145380 51250 137870 96260 100200 83510 155110 160180 127711 154080 153431 163730 155370 80020 179940 148960 166320 73210 142410 59050 101080 160301 102321 152440 13370 115371 128521 160280 35120 114501 90390 116500 0 85240 125901 124961 44230 145570 134930 96020 111120 137911 116180 135930 158370 152120 134300 141570 74700 145880 39460 110721 134800 153830 113170 140581 126830 152390 43740 113440 115041 92530 130890 140130 154730 118350 150860 147380 
49600 80590 54250 98820 60700 47310 57730 32350 75660 44190 109250 19530 40471 8910 86450 90450 49960 137990 75080 94000 110370 78690 129810 81860 96590 104070 72690 71460 125010 81950 49940 82860 98070 66401 50770 82560 57950 36750 96950 107920 84940 0 67620 47210 92040 76420 101880 79240 137980 77610 47150 99480 88640 87450 69540 76900 65120 70682 83580 32970 107790 146800 81250 62670 65230 139550 42330 74210 71280 139790 61860 70980 82890 89730 81130 74220 
42370 26370 25110 48510 91840 72010 107191 36170 47230 72680 47590 58030 29661 75380 32470 54510 72430 75950 82600 70510 42520 62900 60060 26990 56410 94040 49610 77660 94280 81410 28010 59560 138471 12220 83450 81210 104791 68540 74230 58710 125341 67740 0 79730 106800 59070 37240 46600 107250 10930 33990 34410 59830 25900 13560 18940 59800 66810 125491 65490 48320 87030 30950 77730 8700 79780 89131 24460 15030 120720 37590 56440 68130 35720 53110 66920 
76251 102450 77280 123690 15480 27900 102770 50170 74070 81181 127650 30860 59640 52720 89080 91930 33290 158482 60130 88840 123080 106221 139140 84380 97410 136541 70200 106501 152486 68570 72190 79310 138431 82410 4370 69180 102990 17770 124481 133352 125301 47580 80090 0 129031 69290 117090 105072 165456 88960 49540 114260 85120 93220 76930 82820 95301 58622 125511 15790 128980 169830 103880 48750 74730 162580 86411 97220 90010 170791 61300 63850 73122 111800 78640 62402 
67570 81940 83680 77810 142771 129381 64230 96630 144781 50510 93550 100580 95241 92970 136520 159451 132031 109310 157151 164061 118360 45210 134090 132590 162870 29530 142411 30480 57400 163500 88330 152581 52790 96200 132841 163300 56250 118821 47190 71730 43960 92360 106190 129281 0 146410 97100 61780 68900 114470 116650 98100 158701 128310 119160 124540 48820 148900 70480 115041 90030 110150 78270 144741 112950 107620 56530 83380 91920 53600 131101 140970 155570 81970 150851 150400 
80940 84230 68640 105120 69121 46970 124230 51210 19600 101540 103290 59590 56670 81450 50920 34680 44480 130682 37110 20680 95010 110574 106670 47020 40550 140864 18100 118250 149010 30000 63230 17010 159870 65320 73980 26560 124450 56500 124430 115840 146740 76310 58760 70260 146360 0 91690 98170 161980 60320 32200 88860 22820 55750 47920 49900 100390 16320 146950 56080 104020 142522 85480 38620 50290 135480 106770 78820 71790 171290 22300 8790 9630 93580 20330 14240 
55520 22780 47910 23050 128300 108470 123311 72630 80160 85830 11620 94490 64800 109290 55580 81900 108890 42480 117930 101811 20950 55360 38490 56090 82200 81060 82450 74730 69731 116720 53650 92490 147630 40300 119910 115740 118661 105000 59430 31671 134830 101730 36700 116190 99260 92340 0 38380 81351 37270 69670 2840 91131 47370 46800 49790 59960 102140 139361 101950 13260 51970 26750 113060 44210 44720 102940 27980 32710 104171 70860 89710 101400 16150 85991 101050 
29500 21740 29650 25110 117481 101710 92840 59310 90520 56430 41320 77500 48350 84500 76320 100210 102130 69100 116300 114340 58430 18550 75970 72690 102110 48710 91800 37920 53060 115680 35700 102850 108870 37190 107551 115480 87170 93531 28900 30320 96000 78990 46290 103991 62450 98590 38380 0 66030 54270 67590 39380 104110 68110 59260 64640 23150 101080 107580 89751 38900 74470 18070 110040 53920 67810 73470 23180 31720 75390 79590 93150 107750 23250 96720 102580 
90150 82490 94460 60430 177524 164134 130280 121303 151540 102450 71380 137340 113160 138190 135020 160890 165343 74210 181310 175360 96190 59480 111920 133370 161640 41190 152820 74430 13100 180690 100510 163870 119480 98210 167594 180490 122300 153574 42870 49630 110600 137580 107830 164034 69620 162090 80630 65940 0 113280 132400 83470 165130 126810 120800 125780 72970 166090 138580 149794 67860 68640 79130 174233 114940 69950 115940 84710 93260 29200 140610 157960 171150 72130 157740 167590 
52980 32570 35720 53250 99720 79180 117641 46620 47910 83290 48430 68480 40111 85830 24410 48780 79490 73350 87960 67281 35930 70690 52360 21260 50680 101010 50440 87540 100480 85160 38620 60240 151011 22520 92370 84180 117331 77460 81200 63450 137881 78190 10850 88650 114590 60780 36830 53710 113450 0 39840 34000 56601 16200 14230 15260 69680 71070 138031 74410 49160 85190 37450 83180 15560 80280 99581 33730 24220 127690 39430 58150 69840 41260 51461 69490 
50280 56970 37970 77860 60500 39960 94620 21050 28590 71930 81300 31480 26000 54480 39910 43370 40380 108772 49790 47080 74500 79914 89430 35320 48850 110204 25770 87590 119240 49170 32560 35940 130260 38060 53150 48970 94840 38240 93760 88580 117130 47620 33810 49430 116200 31830 69780 67500 132210 39810 0 66950 41720 44050 27760 33650 69730 34570 117340 35190 82030 120612 58220 44860 26070 113490 77160 51560 44530 140250 14800 26390 40990 66320 34210 36070 
56580 20440 45570 24910 125450 105620 124371 69780 77310 86890 14450 91640 61950 106950 52730 79050 106040 44910 115080 98961 20190 56420 37730 53240 79350 82120 79600 75790 72571 113870 51300 89640 148690 37520 117060 112890 119721 102150 60490 34501 135890 99390 33850 113340 100320 89490 2830 39440 84181 34420 66820 0 88281 44520 43950 46940 61020 99290 140421 99100 16090 54800 25300 110210 41360 47550 104000 25640 29930 107001 68010 86860 98550 17210 83141 98200 
91670 86050 77880 107221 87922 65771 137130 62630 14520 113280 102401 72650 67390 95650 38900 14820 63281 127610 58560 10930 88480 120070 96030 38420 21390 151330 16930 128980 152360 49830 73370 15600 172770 68670 89350 46080 137350 72700 131940 117421 159640 88790 60280 85630 157970 22710 90801 104420 165330 56111 41580 87971 0 46240 48170 44141 111120 37770 159850 71390 103131 139450 88830 57421 52280 134540 119670 82170 74710 178430 29010 25970 27250 95231 9930 35690 
68250 47350 50990 67280 103550 82660 133200 56740 39120 100800 59000 74930 52701 95570 8240 34560 82150 81370 86470 55760 42240 85450 50920 9470 34860 115770 43260 102950 114750 80170 53600 52490 167531 37830 96200 79190 133190 81290 95960 77480 154401 87930 25880 92480 129350 55790 47380 68470 127720 16060 43790 44550 46380 0 18840 11480 85090 66080 154551 78240 60640 93210 52210 83120 25480 88300 115140 49150 39640 142450 37700 53160 64370 55500 41850 64500 
55460 39090 38200 61230 88110 67570 113411 39420 34840 85770 57800 58960 35540 78250 21430 42810 67880 85192 75200 58120 48270 75620 63200 15730 44710 106760 37370 90490 107000 72090 38250 47170 148451 25270 80760 71110 113401 65850 86950 71430 135321 70610 13320 77040 119520 47710 46200 59320 119970 13580 28230 43370 47440 18440 0 7890 72630 58000 135531 62800 58530 97032 43670 70420 8660 89990 95351 37180 27750 133440 26360 45080 56770 48440 40720 56420 
61280 44910 44020 66400 93610 73070 119791 46300 34990 91590 61580 64870 42261 85130 15470 38000 73370 87390 79260 54771 49510 81440 60580 10480 39900 112580 38090 96310 112820 74390 44630 47320 154831 31090 86260 73410 119781 71350 92770 76600 141701 77490 19140 82540 125340 50010 49980 65140 125790 15290 33730 47150 44091 11500 8400 0 78450 60300 141911 68300 62310 99230 49490 74480 15040 93770 101731 43000 33570 139260 30420 47380 59070 54260 38951 58720 
19960 43450 36070 46820 108291 94901 69890 52960 98640 33480 63030 67150 48360 65430 91750 112080 97050 88980 116030 117580 80140 13770 97680 86270 115450 44090 96270 18900 60090 117730 40720 106440 87290 48590 98361 117530 64220 84341 32030 51250 74500 64820 59390 94801 48770 100640 60090 23290 73060 69750 70640 61090 112220 85070 72460 78220 0 103130 84240 80561 60610 92520 39780 105940 65340 87290 50520 41250 46810 78340 84960 95200 109800 44960 104710 104630 
83280 91590 70980 112480 55591 32000 123980 53550 32381 101290 112150 53240 59010 75100 60930 48061 29510 139542 22450 33620 103870 112914 115990 56340 53931 143204 30881 120590 152250 15590 65570 30391 159620 72550 62501 15390 124200 45250 126770 123200 146490 69960 67030 58781 148700 15800 100550 100510 165220 69180 35020 97720 36201 65070 56780 59000 102730 0 146700 48080 112880 151382 92840 23640 58560 144340 106520 86180 79150 173630 31160 15840 15140 100940 33711 4420 
82360 121501 101741 131770 138871 125481 41290 100340 146320 51640 144901 96680 101140 82230 156050 161120 128131 175411 154371 164670 161541 94920 180411 149900 167260 98411 143350 74190 126281 161241 102711 153380 52470 115761 128941 161220 32140 114921 107591 135660 39150 83960 126291 125381 70290 146510 139421 108240 138490 138301 117120 140421 159310 153060 135240 142510 84500 146820 0 111141 143141 180040 117561 141521 127770 176180 42460 115291 115431 123190 131830 141070 155670 123251 151800 148320 
61581 88870 62610 109020 29290 20360 88100 35500 60670 66511 114030 16190 44970 38050 75390 78270 25510 144100 51720 75920 108790 91551 125020 70800 83750 121871 56800 91831 137816 59130 57520 65910 123761 68830 19520 59740 88320 7740 109811 118682 110631 32910 66520 15800 114361 56370 103510 90402 150786 75380 35960 100680 71720 79530 63350 69240 80631 48580 110841 0 114760 154610 89610 39310 61150 147360 71741 82570 76430 156121 47720 50930 62650 98220 65240 52360 
58760 27260 53440 13340 140060 120200 126551 82300 92380 89070 3520 103980 71340 113760 68800 95120 120620 30480 129990 114031 29530 52900 44890 69310 95420 73611 94670 72880 56971 128800 59180 104710 143282 46750 131670 127960 121901 116730 47351 18911 134452 107260 48200 127950 90681 104560 13220 38800 68591 49510 81730 16060 103351 60590 59020 62010 60380 114200 142601 113680 0 39290 29990 125120 56090 32040 106180 33520 39160 91411 83080 101930 113620 19130 98211 113270 
97910 66410 92590 52490 180280 159860 159860 121450 131111 121830 42110 143130 110490 152910 101430 127750 159620 12770 168881 150870 52980 78270 57810 102120 126300 85270 133401 96680 64490 167691 98330 143441 162511 85900 171890 166691 153230 156490 64660 43890 153681 146410 87080 168170 109910 143291 52100 74240 68200 85340 120610 54940 139570 93220 97751 98890 91760 153091 180462 153440 39150 0 69140 164011 94970 8100 141050 72670 78310 95390 121811 140661 152351 58280 134940 152001 
34490 5380 27470 22560 115860 96060 101140 56330 75500 64800 32060 78010 45370 88850 59960 85100 96480 60500 107890 99330 43540 34850 61080 57580 86580 65170 76780 54220 66450 107270 33210 87830 125600 22170 107470 107070 95540 92560 45360 33280 112800 81290 31180 103750 78750 86050 26580 17870 79420 37910 58410 25060 89090 51750 44150 49530 39450 92670 117190 89510 30300 69310 0 102510 38900 62060 81800 8670 17220 91850 64570 83030 95110 11210 81700 93450 
86060 101480 79740 122370 41790 21640 117220 54430 52951 95631 124510 45310 64340 67170 79440 68631 17080 151982 12500 56620 117710 115324 132640 74850 74501 145614 49720 120951 161010 21150 74330 50961 153811 81900 52440 21760 117440 34890 133584 133090 140681 62030 77750 49100 143481 37940 112990 109270 173980 83020 44950 110160 56771 83580 70450 74450 105510 23640 140891 40150 125240 163822 102730 0 69280 156750 100861 96070 89040 179894 49080 36500 37400 110830 54281 27420 
48430 34490 31170 56630 85530 64990 105041 33720 39100 78740 55480 53750 27511 72930 28570 49060 65300 83540 73910 62870 50110 71020 66570 22870 50960 102160 40920 84030 102400 72720 29880 51430 140081 19060 78180 72520 105031 63270 82350 66830 126951 65290 8720 74460 113900 50380 44830 54720 115370 15680 25650 42000 52190 25580 7820 15030 66170 58120 127161 60220 56210 94920 39070 69040 0 87670 86981 32580 23150 128840 28900 47750 59440 43840 45120 58220 
90630 59130 85310 45210 172980 152580 156530 114170 123980 118500 34830 135850 103210 145630 96180 122500 152220 8580 161750 143700 47730 74110 56310 96870 121050 84270 126270 93350 63470 160560 91050 136310 160611 78620 164590 159560 149900 149210 63660 37160 151781 139130 79800 160870 108010 136160 44820 67510 69800 80090 113330 47660 134320 87970 90620 93610 87150 145800 175290 146160 31870 8070 61860 156880 87690 0 137720 65390 71030 96990 114680 133530 145220 51000 129690 144870 
47671 85841 66081 96681 99391 86001 20160 60340 105720 17680 108731 57200 61140 40730 115560 120520 88651 139241 113771 124070 125371 63570 142911 109410 126660 75610 102750 44900 103480 120641 64360 112780 56700 80101 89461 120620 19390 75441 78530 100320 43570 42460 89250 85901 56400 105910 103251 73630 115950 99240 76520 104251 118710 112570 94750 102020 50540 106220 42210 71661 106971 141180 81901 101361 87280 137790 0 79631 79771 109300 91230 100470 115070 87591 111200 107720 
32370 6850 20450 27730 108830 89030 99020 49310 68470 62680 35420 70990 38350 81830 56650 78690 89450 64160 100860 92290 44130 40690 61670 51170 80590 71010 69750 59150 71620 100240 26190 80800 126050 15140 100440 100040 93420 85530 51200 38450 113250 74270 24770 96720 84590 79020 28050 23710 84590 34580 51380 25650 82060 49310 37740 43120 41290 85640 115070 82480 33960 72970 8090 95480 31870 65720 79680 0 10200 97690 57540 76000 88080 16970 74670 86420 
32310 13260 19290 35400 102170 82370 98960 44270 61630 62620 41060 66130 33560 79310 46870 68910 82790 69800 94200 84910 45200 49430 62740 41390 70810 79890 63090 64690 80500 93580 22190 73960 127990 8410 93780 93380 93360 78870 60080 45600 114860 71750 14990 90060 93330 72360 32760 32590 93470 24800 44720 29990 74230 39530 27960 33340 46830 78980 115010 75820 39600 78610 16970 88820 23100 71360 79620 9930 0 106570 50880 69340 81420 22610 67510 79770 
95410 95840 102390 82680 183454 170064 117030 127233 164620 98120 93630 142600 121090 140570 150420 174310 171273 100030 189570 187640 118440 64740 135740 146790 176770 36500 165800 69860 34670 188950 108440 175970 100790 111290 173524 188750 109050 159504 51320 71880 91960 139960 120390 169964 54340 171860 102880 75080 28730 128370 140330 105720 178210 142210 133360 138740 78230 174350 123280 155724 90110 95360 92170 180163 128020 96670 109330 97280 105820 0 153430 166220 181020 91740 170820 175850 
64710 63100 51520 83990 72200 49190 109450 35740 14830 86760 82160 46310 39800 69310 33570 31230 48680 109552 51950 35810 73880 94090 88630 28980 36710 124634 13270 102020 127880 46500 46110 24670 145090 44190 65280 45520 109670 50370 107310 94710 131960 62450 37630 61560 130890 22120 70560 79940 140850 39190 14890 67730 28820 37710 26790 30220 84160 32330 132170 47320 82890 121392 64350 48600 29160 114350 91990 57690 50660 153800 0 19490 31180 72450 20640 30830 
75510 81130 63210 102020 66991 43690 118800 45780 20060 96110 100290 54160 51240 76020 49070 37000 41200 127682 38300 27550 92010 105144 104130 44480 42870 135434 18210 112820 144480 31220 57800 19330 154440 62220 68550 30240 119020 51070 119000 112740 141310 70880 55760 64830 140930 8000 88690 92740 157450 57320 26770 85860 25140 53210 44920 47140 94960 17130 141520 50650 101020 139522 82380 36490 47290 132480 101340 75720 68690 165860 19300 0 17160 90480 22490 15550 
90050 93090 77750 113980 70211 46620 133340 60320 27990 110650 112150 66000 65780 87860 59310 40320 44130 139542 33350 22280 103870 119684 115060 55410 46880 149974 26490 127360 157870 24750 72340 24240 168980 74180 77121 21000 133560 59870 133540 124700 155850 82720 67620 73401 155470 9670 100550 107280 170840 69180 41310 97720 26880 64140 56780 58590 109500 15400 156060 62490 112880 151382 94340 37420 59150 144340 115880 87680 80650 180400 31160 17610 0 102440 27560 12000 
40130 10710 36890 13150 123960 104160 107201 65750 82460 70440 21410 87430 54790 95130 63860 89420 104580 49850 115990 105740 36260 40200 53800 61900 90480 65950 84840 59570 59250 115370 42630 94790 130950 30200 115570 115170 102551 100660 44320 23430 118150 89620 35820 111850 82800 94150 16210 23220 72220 41810 66510 17210 95060 55650 48790 54170 44800 100770 123251 97610 19650 58660 11360 110610 43930 51410 87440 16970 22610 91750 72670 91130 103210 0 88340 101550 
83790 78900 70670 101040 85392 62410 129250 54750 7370 105400 97551 64770 59510 87770 34260 16660 59920 122970 56030 20450 83840 112860 91910 33550 22530 143714 8670 121100 145150 48920 65420 13070 164890 61460 82860 45480 129470 67580 124730 111240 151760 80910 53130 79140 150090 20180 85951 97210 158120 51261 33700 83121 9770 41600 41020 39180 103240 35240 151970 64900 98281 134810 81620 54891 45130 129741 111790 74960 67560 171220 20770 23150 27750 88250 0 33160 
84740 91040 72430 111930 59801 36210 125600 55000 31451 102910 111220 57450 60460 79310 60000 46540 33720 138612 25080 30810 102940 114364 115060 55410 52410 144654 29951 122040 153700 17970 67020 28870 161240 72130 66711 16330 125820 49460 128220 122650 148110 74170 66100 62991 150150 12990 99620 101960 166670 68250 36250 96790 34560 64140 55850 58070 104180 5050 148320 52290 111950 150452 92290 27840 57630 143410 108140 85630 78600 175080 30230 14910 12000 100390 32190 0 

0 Ciudad_0 0 0 32400 0
1 Ciudad_1 514 8257 11662 1028
2 Ciudad_2 105 23227 27139 210
3 Ciudad_3 623 20812 24945 1246
4 Ciudad_4 503 14676 17203 1006
5 Ciudad_5 418 15509 17947 836
6 Ciudad_6 803 6675 9675 1606
7 Ciudad_7 588 1767 4792 1176
8 Ciudad_8 683 17684 20029 1366
9 Ciudad_9 414 25389 29492 828
10 Ciudad_10 730 14969 17486 1460
11 Ciudad_11 388 18186 21285 776
12 Ciudad_12 813 2855 7541 1626
13 Ciudad_13 447 13773 17703 894
14 Ciudad_14 229 17692 22365 458
15 Ciudad_15 532 15011 17849 1064
16 Ciudad_16 739 18319 21804 1478
17 Ciudad_17 365 7824 10865 730
18 Ciudad_18 413 12790 17426 826
19 Ciudad_19 703 17975 20986 1406
20 Ciudad_20 391 3873 6176 782
21 Ciudad_21 297 6572 9097 594
22 Ciudad_22 346 5093 9190 692
23 Ciudad_23 645 21182 25492 1290
24 Ciudad_24 729 7612 11111 1458
25 Ciudad_25 334 11346 14548 668
26 Ciudad_26 539 6377 8896 1078
27 Ciudad_27 801 15288 19045 1602
28 Ciudad_28 346 14228 18352 692
29 Ciudad_29 363 4533 8247 726
30 Ciudad_30 591 17207 21036 1182
31 Ciudad_31 227 10293 13233 454
32 Ciudad_32 109 16838 19573 218
33 Ciudad_33 242 14906 17616 484
34 Ciudad_34 418 20652 22688 836
35 Ciudad_35 734 5426 8841 1468
36 Ciudad_36 778 3299 6352 1556
37 Ciudad_37 637 20114 23581 1274
38 Ciudad_38 377 6286 9658 754
39 Ciudad_39 582 22585 25059 1164
40 Ciudad_40 219 24695 27825 438
41 Ciudad_41 340 15274 20043 680
42 Ciudad_42 812 13932 17792 1624
43 Ciudad_43 272 23953 28691 544
44 Ciudad_44 106 14559 16654 212
45 Ciudad_45 134 16098 19819 268
46 Ciudad_46 173 12815 17759 346
47 Ciudad_47 440 15140 18319 880
48 Ciudad_48 163 10659 13241 326
49 Ciudad_49 807 6941 11932 1614
50 Ciudad_50 362 7436 11987 724
51 Ciudad_51 581 11548 15388 1162
52 Ciudad_52 315 8770 11998 630
53 Ciudad_53 426 7690 11326 852
54 Ciudad_54 535 13038 15062 1070
55 Ciudad_55 735 19062 22474 1470
56 Ciudad_56 336 17025 21752 672
57 Ciudad_57 508 19169 21855 1016
58 Ciudad_58 491 25383 27971 982
59 Ciudad_59 532 3298 7868 1064
60 Ciudad_60 586 19345 24102 1172
61 Ciudad_61 529 10123 13672 1058
62 Ciudad_62 796 9466 14358 1592
63 Ciudad_63 667 5445 9765 1334
64 Ciudad_64 705 25766 28323 1410
65 Ciudad_65 191 11600 15574 382
66 Ciudad_66 797 3442 7039 1594
67 Ciudad_67 397 13324 16918 794
68 Ciudad_68 257 15236 18356 514
69 Ciudad_69 233 8255 10562 466
70 Ciudad_70 613 11772 15052 1226
71 Ciudad_71 364 18453 20634 728
72 Ciudad_72 148 17322 20103 296
73 Ciudad_73 679 23038 26572 1358
74 Ciudad_74 782 4928 9102 1564
75 Ciudad_75 771 4529 7523 1542

0 -0.0687409 -0.0188988 -0.0149823 -0.0298552 -0.0518917 -0.0142665 0.0419231 0.0335231 -0.0457805 0.0341861 -0.00242418 0.0539245 -0.00163645 0.0284878 0.0974688 0.0846628 0.0148156 0.0584362 -0.0119046 -0.049601 0.0889085 -0.0528729 0.00427162 0.0581457 0.0380492 -0.00646393 -0.0680637 0.020018 0.0796839 0.0825825 0.0560648 0.0337796 0.08627 0.0980226 0.0931472 0.0869553 0.0360385 -0.0712683 -0.0442204 0.097959 0.023597 0.0947626 -0.0870833 0.0233237 -0.029743 -0.00309033 0.0132835 0.012989 0.0857831 -0.0224781 0.0811782 0.0438401 0.0446832 -0.0336276 0.0245526 -0.0338466 -0.00748935 0.0258824 -0.0111967 0.0148575 -0.0517563 -0.0992464 -0.0580966 0.0605369 0.0929848 0.0548733 0.0912774 0.00912329 0.0415294 -0.0113266 0.0383645 -0.0246085 0.0230176 0.0303045 -0.0657147 
0.0687409 0 -0.054079 -0.0882032 0.0971651 -0.0309349 0.0454443 0.088763 0.040265 0.00121532 -0.00694676 -0.0679425 0.0108019 0.00682707 -0.0466282 0.00772607 0.0387753 -0.0402573 -0.0260732 -0.0631614 0.0786675 0.0438618 -0.040818 0.0913113 -0.0968702 0.0058376 -0.0700798 0.0444102 -0.0687682 0.00422439 -0.0474617 0.0851192 0.0688226 0.0148431 0.0458697 -0.000466736 0.00966768 -0.0944265 -0.078579 -0.0615891 0.0614082 -0.00634234 0.042298 -0.0277176 -0.0552576 0.00043745 0.0776709 -0.0167702 -0.0616704 -0.0379948 -0.0890128 -0.0248358 -0.0666738 -0.00178919 0.0938928 -0.0805183 -0.0548262 -0.0462238 0.0153603 0.0109931 -0.0883145 0.0246297 0.0142017 -0.0179105 -0.0350977 0.0826105 -0.0693461 0.0666984 -0.0197751 0.0768933 0.0988951 -0.06198 -0.0857329 0.0196091 0.0497564 -0.0683969 
0.0188988 0.054079 0 0.0540618 -0.0291613 0.0383497 -0.0597496 -0.0900719 0.0848934 0.00380388 -0.0650912 0.0653507 -0.0455339 -0.081414 -0.0895347 -0.00604304 -0.0874177 -0.0952757 -0.0840036 -0.0596392 0.00789876 -0.0247133 0.0572854 -0.0295256 -0.0419632 -0.0366237 -0.0104623 -0.017729 -0.0369901 -0.0895637 -0.0668651 -0.0715585 0.00275277 -0.085257 -0.0625407 -0.0829389 0.00841283 -0.0156231 -0.0425136 0.0770811 0.00962996 -0.0924193 -0.0189493 -0.0993771 0.0924974 0.0542313 -0.0384307 0.029907 0.0410438 -0.0154529 -0.03623 -0.0464876 -0.0608324 0.0535436 -0.0292683 0.0433565 -0.0995302 -0.0688457 -0.0549904 -0.0756447 0.0828454 0.0668358 -0.0860839 0.0513556 -0.0756922 -0.0347994 -0.0555316 0.0343219 -0.0875127 -0.0951699 -0.056363 -0.0549265 0.0577653 0.0596946 -0.0535291 0.00552989 
0.0149823 0.0882032 -0.0540618 0 -0.0187342 0.095797 0.0406215 -0.0167114 -0.0480196 -0.0642775 0.068334 -0.0542978 -0.00622742 0.0209853 0.066472 0.0555436 -0.048736 -0.0128322 0.0207277 -0.0400951 0.0706835 -0.0299931 -0.0520199 -0.0309236 -0.092759 0.0847311 0.0489944 -0.0682968 -0.0571267 0.0045662 -0.0219575 0.0120262 -0.048668 0.097907 0.0560736 -0.0116006 0.0412702 -0.00254933 0.00450088 -3.52474e-05 -0.00147962 -0.0607867 0.0690477 -0.0136263 0.0972228 -0.0631798 0.0345963 -0.0951266 0.0841787 -0.064755 0.0484088 -0.0719407 0.0390181 0.082721 0.0235658 0.049362 0.0298943 -0.0410323 -0.0145025 0.0778721 0.0845791 0.0960296 0.0304681 0.0361699 0.0151683 0.0184741 0.0537464 0.0598893 -0.0666813 -0.0494148 -0.00840777 0.0934818 0.0791517 0.017389 0.0634876 -0.0440642 
0.0298552 -0.0971651 0.0291613 0.0187342 0 0.0320063 0.0947985 -0.0460554 -0.0174885 -0.0623892 0.0775755 0.000564515 -0.0733216 0.0966886 -0.00431392 -0.0630786 0.0216039 0.00894878 -0.0467994 -0.0151072 0.0511366 -0.0789983 -0.0110278 -0.0919442 -0.0115548 -0.0539468 -0.0462455 -0.0146634 -0.0761417 0.0474752 0.00213605 0.0668769 0.0711235 -0.0445961 -0.0550804 0.0839793 -0.0271485 0.0913938 0.0535314 -0.0519244 0.0862838 0.0430624 -0.0606875 -0.0194282 -0.0552594 0.0253751 0.0933063 -0.0806526 -0.035408 0.038271 0.0455471 0.038271 0.0553708 -0.0490688 0.00641155 0.0181195 0.031611 0.0133837 -0.0098409 0.0850591 -0.0912709 -0.0136927 -0.0405171 -0.0671369 0.00928938 -0.0116433 0.0182846 -0.00906818 -0.0453878 0.0253017 -0.0812614 0.0250767 -0.0937794 -0.0659119 0.0426283 -0.0559256 
0.0518917 0.0309349 -0.0383497 -0.095797 -0.0320063 0 0.0842506 -0.0836029 -0.0730125 0.0877463 0.00527431 -0.0822409 0.00468777 -0.0374273 -0.0895189 0.0724331 -0.035868 0.0583912 0.0281628 0.0441381 0.0906327 -0.0715845 0.0803433 -0.02317 0.0159574 0.0714867 0.0265833 0.0443077 0.0629076 0.0185589 -0.0557796 0.0129339 -0.0552265 -0.089709 -0.00754954 -0.0591033 0.0564603 -0.0535208 0.030867 -0.0856666 0.0967225 0.0249814 -0.0864126 0.0378325 -0.0150048 -0.0686537 0.0331103 0.0224514 0.0320067 -0.0302731 0.03023 -0.0558345 -0.0727088 -0.0922562 -0.00785474 -0.0916011 -0.0859887 0.0102255 -0.0650627 -0.0748368 0.0863077 -0.0630026 -0.0268118 -0.00773765 -0.0997869 0.0594568 -0.00443651 0.0500993 0.0942512 0.0217245 0.0230325 -0.0878725 -0.0414058 -0.0830894 0.0478225 0.0800609 
0.0142665 -0.0454443 0.0597496 -0.0406215 -0.0947985 -0.0842506 0 -0.0755926 0.00737876 -0.0175651 -0.0484026 0.0558062 0.0353077 -0.0512585 0.0399339 -0.0278167 0.0207053 -0.0372679 0.00496872 0.0461142 0.014919 0.0689571 -0.0214658 0.0162279 0.093527 -0.0929941 -0.0222351 -0.0538125 -0.0556136 -0.0740905 -0.0251986 0.0382125 0.00603924 -0.0248753 -0.0164982 0.0892063 0.0971159 -0.0616841 -0.00821687 -0.00521913 0.0440022 -0.0557608 0.0556182 0.056332 0.0449641 0.000783433 0.0425689 0.0686899 -0.0448623 -0.0863699 -0.0939599 -0.0197804 -0.0175015 -0.00403433 0.0827677 -0.0812104 -0.0503549 -0.0850757 -0.0795575 -0.0370315 0.0146121 -0.0454509 -0.0279726 0.0483459 0.00942984 0.0923643 0.0342303 -0.00292852 -0.0911373 0.0962392 -0.0378288 -0.00934601 0.069871 0.0147027 -0.0523903 -0.0588332 
-0.0419231 -0.088763 0.0900719 0.0167114 0.0460554 0.0836029 0.0755926 0 0.067033 0.0554907 0.018348 0.0260169 -0.0980292 -0.0237963 0.0113362 0.0142743 0.0428232 -0.0406408 0.0740547 0.0736468 0.0455907 0.0351783 0.0979861 0.0578515 -0.0277674 0.029351 -0.00364289 0.0503903 0.081441 -0.00979737 0.0834812 -0.0887903 0.0656183 -0.0563109 -0.0983027 -0.0220801 0.0608445 -0.0574864 0.0973367 0.0505058 0.0915479 0.0759149 0.065655 -0.00945406 -0.0828806 0.0974249 -0.047514 0.0647653 0.0607791 0.044256 0.0943633 0.0408295 0.0745775 -0.0446442 0.0806063 -0.03757 -0.0814657 -0.0799921 -0.00986385 -0.0703114 -0.0244353 -0.0272872 -0.0168268 0.0591708 -0.0835498 -0.0772742 0.005286 -0.0882141 -0.0695698 0.0362694 0.0774435 -0.00194163 0.0663527 0.0375322 -0.0433149 0.0640008 
-0.0335231 -0.040265 -0.0848934 0.0480196 0.0174885 0.0730125 -0.00737876 -0.067033 0 -0.0917177 0.0967179 -0.0591466 0.0875495 0.0915836 0.0106557 0.049049 0.0600031 0.0927641 0.0435708 0.0974041 -0.054013 -0.0649444 -0.0639741 0.0510498 -0.0794377 -0.0474413 0.0526483 -0.0103518 -0.0665159 0.0971441 0.0557172 -0.0517961 0.0976953 0.00518775 0.0126384 0.0518815 0.00443338 -0.041791 -0.0828837 0.0766937 -0.094825 0.093476 0.0900362 -0.00791746 0.0168584 0.0944884 0.0271583 0.0825314 0.0938764 -0.049122 -0.0939286 0.0584142 0.0832189 -0.0348947 0.0291262 0.047493 0.0168951 -0.0992574 0.0774321 0.0579985 -0.00656913 -0.0693377 0.0957805 -0.0937373 -0.0693524 -0.0984695 0.0316527 0.0409413 0.0514969 0.0704715 0.0591212 -0.0624855 -0.0600511 -0.0878263 0.0627143 -0.0899229 
0.0457805 -0.00121532 -0.00380388 0.0642775 0.0623892 -0.0877463 0.0175651 -0.0554907 0.0917177 0 -0.0494346 -0.0272272 0.0772897 0.0685903 -0.0309275 -0.0227952 0.0265227 -0.0952839 0.0712228 0.0686708 -0.029506 0.0492963 0.0628731 -0.0506643 -0.0790371 0.0809975 0.0736946 -0.037954 -0.0734866 -0.0531715 -0.0269239 0.0290567 -0.0139493 -0.0980579 0.0777368 -0.0377016 0.0244995 -0.0892782 0.0564204 0.0406538 0.0141304 -0.0533956 0.0773702 -0.0835967 -0.0525458 0.0804987 -0.0727304 -0.0293582 -0.0169148 -0.00266046 -0.0175914 0.00241471 -0.0470782 -0.0815389 0.0339986 -0.086513 -0.0814755 -0.071149 0.0482946 -0.0889864 -0.0516825 -0.0355462 0.0487211 0.052621 -0.0641902 -0.0114578 -0.028427 -0.0173161 -0.00579785 -0.0178669 -0.0555335 0.0462318 0.0437423 0.0204347 -0.0251207 0.00537245 
-0.0341861 0.00694676 0.0650912 -0.068334 -0.0775755 -0.00527431 0.0484026 -0.018348 -0.0967179 0.0494346 0 0.0843883 -0.0498332 0.0258495 0.0113024 -0.0462579 -0.0752636 -0.03489 -0.050048 0.0563704 0.0159932 -0.0672076 0.094001 -0.0647003 -0.0746338 -0.0634402 -0.0942591 -0.0768783 0.0627023 0.0833332 0.00463832 -0.0336867 -0.0938077 0.0682922 0.0528823 0.0676212 -0.0130291 0.0341854 0.0211801 -0.0701564 -0.0722464 -0.0543613 0.0638779 -0.0228396 0.0650953 -0.0493273 0.00890723 0.0851872 -0.0318881 -0.0858516 0.0692898 0.0523381 0.0282114 -0.0757543 -0.0771971 0.0623224 -0.00847493 -0.00965651 -0.0682999 -0.00973496 0.0202861 -0.0759678 -0.0557095 0.0631973 0.0542564 0.0588405 0.0983261 0.0237691 -0.0320314 0.0177767 0.00476934 0.0559396 0.0331302 -0.0728975 0.0271856 0.0521784 
0.00242418 0.0679425 -0.0653507 0.0542978 -0.000564515 0.0822409 -0.0558062 -0.0260169 0.0591466 0.0272272 -0.0843883 0 -0.0862307 0.0779663 0.0924551 0.0232465 -0.0659105 -0.0863381 -0.0817577 -0.0245414 0.0209256 -0.00472819 -0.0750034 0.0471687 -0.00537328 0.0308516 -0.0635294 -0.057864 0.0803797 -0.0458739 0.0515281 0.037835 -0.0422732 -0.00883558 0.0599745 -0.0936568 -0.0357511 -0.0332461 0.0226857 0.0166722 0.00692498 -0.0392415 0.0803739 -0.0276801 -0.0927262 0.0588827 0.0488712 0.049536 -0.0220443 -0.0817726 -0.0837356 0.0426592 0.0595366 0.0454324 0.0953762 0.00616972 -0.0634797 0.0490833 -0.0541982 -0.0667248 0.0123093 0.0403442 -0.0227937 0.04563 0.0531152 0.097454 0.0774165 -0.0838589 -0.0889407 0.0245908 0.068177 -0.0974786 -0.0378588 -0.0489157 0.0777177 -0.0671408 
-0.0539245 -0.0108019 0.0455339 0.00622742 0.0733216 -0.00468777 -0.0353077 0.0980292 -0.0875495 -0.0772897 0.0498332 0.0862307 0 -0.0994279 0.0244285 -0.0123437 0.0311503 0.0897989 -0.0135124 0.00801604 0.0940705 -0.0718216 0.0479245 -0.0345436 0.0811755 0.0473847 -0.0393564 0.0609152 0.0299135 0.0478162 0.0118261 -0.0977819 0.0901574 0.0690457 0.020315 -0.0281932 0.0421012 0.00743567 -0.0175256 0.0388662 -0.0855253 -0.056433 0.050082 0.0329057 0.0831108 0.0095675 0.0305987 0.0577178 -0.0576439 0.0705293 -0.0500226 -0.0955491 -0.00608293 -0.037514 0.0441974 0.0255836 0.0250837 -0.0841355 0.0242608 -0.0937448 -0.0136278 -0.0738671 0.0106529 0.0785818 -0.0528225 -0.0986912 -0.0832999 -0.0734569 0.00412391 0.0255701 -0.0980604 0.0483451 -0.0536032 0.0381657 0.0712806 -0.0561989 
0.00163645 -0.00682707 0.081414 -0.0209853 -0.0966886 0.0374273 0.0512585 0.0237963 -0.0915836 -0.0685903 -0.0258495 -0.0779663 0.0994279 0 0.0103473 -0.0497767 -0.096351 -0.0579381 -0.0492459 -0.0302563 0.0686842 -0.0975087 0.0143602 0.0912489 -0.0153065 0.0977667 0.0112713 0.0517375 -0.0982565 0.0797209 -0.0648331 -0.0957915 -0.00147294 -0.0383898 -0.0177458 -0.00969942 0.0173543 -0.0756441 -0.0373985 0.0756396 -0.0979173 0.0138312 -0.0864238 -0.0274481 0.0831868 0.0694541 -0.0687893 0.0114944 -0.0661927 0.0570658 -0.0816426 0.0364046 0.0316008 0.0146437 0.0357363 0.0200544 0.0975685 0.0210076 -0.0300179 0.0932959 0.0162451 0.0972813 -0.0368575 0.0129306 0.0183069 0.0650547 0.0410751 -0.00161462 0.0286694 0.0575383 0.0425547 0.0509472 0.042392 -0.0217116 0.0272322 -0.0456756 
-0.0284878 0.0466282 0.0895347 -0.066472 0.00431392 0.0895189 -0.0399339 -0.0113362 -0.0106557 0.0309275 -0.0113024 -0.0924551 -0.0244285 -0.0103473 0 0.00597442 -0.031361 -0.0291728 0.0935886 0.0327619 0.0989004 -0.092858 0.0610486 -0.0515562 -0.0960472 -0.0461637 -0.096262 -0.0628762 0.0608696 0.0989986 0.0500905 0.000676173 -0.00849671 -0.0237684 0.00512221 -0.0793545 0.00904457 -0.04361 -0.029001 -0.0924534 0.0961684 -0.0695202 0.028586 -0.0549338 0.0852338 0.0620488 -0.0132782 -0.028059 -0.00968581 -0.0027111 -0.0789699 -0.0929048 0.0781337 -0.0365362 -0.059923 0.0885439 -0.0705047 0.0515695 0.0239033 0.00702152 -0.0544283 -0.0281267 0.00993697 0.0623707 -0.0824031 0.0524218 0.0442789 -0.031463 0.0029249 0.0212527 -0.0870315 0.0376724 -0.0636705 -0.0130222 0.0577295 0.0210647 
-0.0974688 -0.00772607 0.00604304 -0.0555436 0.0630786 -0.0724331 0.0278167 -0.0142743 -0.049049 0.0227952 0.0462579 -0.0232465 0.0123437 0.0497767 -0.00597442 0 -0.014413 0.0877457 0.0781596 0.0829553 -0.0419736 0.00668795 0.0656416 0.0162042 0.0870248 -0.0879554 0.0835015 0.0791689 -0.0907526 -0.0452277 -0.0649675 0.0308332 0.0574082 0.0759132 0.00143699 0.0618909 0.0882703 0.0187517 0.0767428 0.0637982 0.000412833 -0.0856967 0.0522645 -0.0789678 -0.0229165 -0.082263 -0.0943549 0.0630841 0.0454696 -0.057758 -0.0774871 -0.0599319 -0.0605082 -0.0355049 0.0318025 0.0877676 0.0686919 0.0883365 -0.0862564 0.0798284 -0.0230162 0.0356428 -0.0877936 -0.018506 -0.0539654 -0.053183 -0.0546784 0.0494658 -0.0958532 -0.0354434 0.0843686 -0.0211193 0.0389159 0.0770273 0.0973428 0.014493 
-0.0846628 -0.0387753 0.0874177 0.048736 -0.0216039 0.035868 -0.0207053 -0.0428232 -0.0600031 -0.0265227 0.0752636 0.0659105 -0.0311503 0.096351 0.031361 0.014413 0 0.0707385 -0.0693384 -0.0153657 0.0541853 -0.0836923 0.0476561 -0.0970742 -0.0559786 0.0644475 -0.0486809 0.0659631 0.0836967 0.0980341 0.0595566 -0.0181668 -0.0970576 -0.0575581 -0.0138074 -0.0149611 -0.0617643 -0.0374582 0.0357247 -0.0157198 -0.0188064 0.012801 -0.00318474 -0.0871488 0.00313705 -0.0956178 -0.0408111 -0.021419 0.0408714 0.0851737 -0.0737161 0.00961334 -0.00281795 -0.0453282 -0.0463551 0.0711446 0.0285017 -0.0196252 -0.0817399 0.0913891 0.0991777 0.0837455 -0.0551327 0.0532728 -0.00428438 -0.00958309 0.0912869 -0.0603849 0.0640442 -0.0726647 0.031927 -0.0869154 -0.0327057 -0.0188788 0.0877557 0.0100795 
-0.0148156 0.0402573 0.0952757 0.0128322 -0.00894878 -0.0583912 0.0372679 0.0406408 -0.0927641 0.0952839 0.03489 0.0863381 -0.0897989 0.0579381 0.0291728 -0.0877457 -0.0707385 0 -0.0997387 -0.0696152 0.0708113 0.0737191 0.0921319 -0.096341 0.0596444 0.0591157 0.0119888 0.0146975 0.001188 -0.0632074 -0.0248521 0.00813848 0.0181808 0.00563433 -0.00601518 0.0909597 0.0140174 -0.0507596 0.0378235 -0.0979419 0.0562002 -0.0262611 -0.0279237 0.0486427 0.0105913 -0.0187383 0.0264598 -0.0794644 0.0111773 -0.0206214 -0.0996541 -0.0551651 0.0661647 -0.0856235 0.0166459 -0.0508491 0.0168279 -0.0577679 -0.0552083 -0.0745373 -0.0489077 0.0457796 -0.0652333 -0.0943529 -0.00118698 -0.0563247 -0.00669723 -0.0709668 0.00428597 0.0390025 -0.0782463 0.0461818 -0.0957428 0.0919497 -0.0740924 0.0560306 
-0.0584362 0.0260732 0.0840036 -0.0207277 0.0467994 -0.0281628 -0.00496872 -0.0740547 -0.0435708 -0.0712228 0.050048 0.0817577 0.0135124 0.0492459 -0.0935886 -0.0781596 0.0693384 0.0997387 0 -0.038442 0.00010629 0.00965247 0.00897588 0.0633987 0.010353 -0.0709919 0.0199743 0.0321326 -0.00519776 -0.0571378 -0.0925111 0.00869447 -0.0810442 -0.0119719 -0.0221246 -0.0581863 0.0576933 0.0113736 -0.0319737 0.0388988 -0.098063 0.0624358 0.0354799 0.0617392 -0.0337784 0.0419041 0.0969095 0.0687331 -0.0201329 0.0340025 -0.0961206 0.0748513 0.0666185 0.0830169 -0.0261507 -0.0293689 0.0050726 -0.0997 0.0849703 -0.0227703 -0.0909395 -0.0872269 0.0656076 -0.0328006 -0.042239 0.0469148 -0.0910026 0.0255811 -0.0837132 0.0989162 -0.0385232 0.0430764 0.0565121 -0.0860444 0.0660407 0.0231538 
0.0119046 0.0631614 0.0596392 0.0400951 0.0151072 -0.0441381 -0.0461142 -0.0736468 -0.0974041 -0.0686708 -0.0563704 0.0245414 -0.00801604 0.0302563 -0.0327619 -0.0829553 0.0153657 0.0696152 0.038442 0 -0.0881688 0.0160745 -0.00774177 -0.0927863 -0.0246921 0.00580991 -0.0141121 0.0461511 0.0498259 -0.0182734 0.028481 0.00367042 -0.098328 -0.0835876 0.0364943 0.056962 -0.0155693 -0.0786388 0.0841524 0.061438 0.0886649 0.0439784 0.0064673 0.0721386 -0.0912037 0.0635969 0.0620815 -0.00151679 0.0326791 -0.0447304 0.068316 -0.085109 0.0856127 -0.0436722 0.074059 -0.0258424 0.0147569 0.0684424 0.0680831 0.0398197 -0.0797087 0.0233485 0.0823857 0.0408584 0.00302287 0.00528207 0.0783748 0.0149358 -0.0822995 -0.0956931 -6.13226e-05 0.0896752 -0.0951202 -0.015091 -0.0655007 0.0108457 
0.049601 -0.0786675 -0.00789876 -0.0706835 -0.0511366 -0.0906327 -0.014919 -0.0455907 0.054013 0.029506 -0.0159932 -0.0209256 -0.0940705 -0.0686842 -0.0989004 0.0419736 -0.0541853 -0.0708113 -0.00010629 0.0881688 0 0.0205672 0.00988526 0.029375 0.0577204 -0.042664 0.0437081 -0.0775855 -0.0660757 -0.000871273 -0.0289741 0.0413938 0.0885578 -0.0051541 -0.0582951 -0.0595075 -0.0779462 -0.0892186 0.0813135 0.0530205 0.0473981 -0.0760305 0.00422539 0.031966 0.0799789 -0.0148795 -0.00826806 -0.0789022 -0.0713881 -0.0917266 -0.0824088 0.00368891 0.0243034 0.0200181 -0.0843994 0.0507203 -0.0569982 -0.00538866 -0.0318998 -0.0897339 -0.059702 0.0300925 0.00492615 -0.0515279 -0.0353091 0.0605103 -0.0778889 0.017806 0.0939399 -0.0391678 0.0963226 0.0556327 0.0632695 0.00218269 0.0266512 0.0190324 
-0.0889085 -0.0438618 0.0247133 0.0299931 0.0789983 0.0715845 -0.0689571 -0.0351783 0.0649444 -0.0492963 0.0672076 0.00472819 0.0718216 0.0975087 0.092858 -0.00668795 0.0836923 -0.0737191 -0.00965247 -0.0160745 -0.0205672 0 0.084117 -0.00910914 0.0226127 0.050865 0.0295604 -0.0433104 -0.0543148 -0.0892684 0.00236738 -0.0521418 0.0306672 0.0963001 0.0273707 0.0481536 -0.0128252 -0.0514897 0.027203 -0.0173612 0.0662794 -0.0113435 -0.0650926 0.0460467 0.0224342 0.0128311 -0.0151664 -0.0887099 0.034166 -0.0246123 -0.0508332 0.0964483 -0.00845053 0.0191827 -0.0630019 0.0311174 -0.0623273 -0.0645548 -0.0965765 -0.056854 -0.0082062 -0.0847159 -0.0940785 0.0379569 -0.0569825 0.0769435 0.0550435 -0.0197441 0.0805424 -0.043358 0.0792987 0.0428272 -0.0877998 0.0321369 -0.011902 0.0718544 
0.0528729 0.040818 -0.0572854 0.0520199 0.0110278 -0.0803433 0.0214658 -0.0979861 0.0639741 -0.0628731 -0.094001 0.0750034 -0.0479245 -0.0143602 -0.0610486 -0.0656416 -0.0476561 -0.0921319 -0.00897588 0.00774177 -0.00988526 -0.084117 0 0.0638882 -0.0660066 -0.0338367 0.00137258 -0.0365234 -0.00220873 -0.0919977 -0.0967355 0.0197677 0.00687507 -0.0310565 -0.0974576 -0.0694202 0.0471376 -0.0582643 0.0255369 0.0727806 0.00514221 -0.0456588 -0.0922458 0.00240034 -0.0575451 -0.0532338 0.0285387 -0.0174196 -0.0830553 -0.0532209 0.0496056 0.0211769 -0.0221717 0.00247895 0.0115152 -0.0857715 0.0796681 0.0644169 0.0811056 0.0358383 0.0118724 -0.0999789 -0.097887 -0.0689241 -0.0700952 0.0747907 -0.011235 -0.00505869 -0.075026 0.059022 0.0545186 -0.0284718 0.0012412 -0.0553952 -0.0731734 -0.0263507 
-0.00427162 -0.0913113 0.0295256 0.0309236 0.0919442 0.02317 -0.0162279 -0.0578515 -0.0510498 0.0506643 0.0647003 -0.0471687 0.0345436 -0.0912489 0.0515562 -0.0162042 0.0970742 0.096341 -0.0633987 0.0927863 -0.029375 0.00910914 -0.0638882 0 0.0268811 -0.0209516 0.059624 0.0890026 -0.0224089 -0.0189118 -0.0232483 0.0783657 -0.0797111 0.046802 -0.0482988 -0.0400642 -0.0310894 -0.071135 0.0215781 -0.0142969 0.0407071 -0.0178501 0.0528935 -0.0934151 -0.0120663 -0.0696169 0.0520061 -0.0617918 -0.0829649 0.00682979 -0.0287991 -0.0555389 -0.0334894 -0.0791905 -0.0508572 0.0889307 -0.0330381 -0.00420682 -0.0930071 -0.00212772 0.0646631 0.0831578 -0.0578548 0.0154477 0.0669048 -0.070999 0.0183997 0.0921306 -0.0610278 -0.0312829 0.0240491 0.0403145 -0.0366608 0.0325888 -0.00581552 0.0980829 
-0.0581457 0.0968702 0.0419632 0.092759 0.0115548 -0.0159574 -0.093527 0.0277674 0.0794377 0.0790371 0.0746338 0.00537328 -0.0811755 0.0153065 0.0960472 -0.0870248 0.0559786 -0.0596444 -0.010353 0.0246921 -0.0577204 -0.0226127 0.0660066 -0.0268811 0 -0.0669989 -0.0429512 0.0382881 -0.0744342 0.0245387 0.00626525 -0.00390623 -0.0801196 -0.0133995 -0.0235814 -0.0512505 0.00180351 0.0336631 -0.0382263 -0.0513054 0.0926647 -0.0868693 -0.000880769 0.0180523 -0.0991831 0.00502982 -0.061214 0.00930998 -0.0862363 -0.0568651 -0.033739 0.0107867 0.0844035 0.0301672 0.0855566 -0.0794593 0.0295808 -0.0416976 -0.0788174 -0.0084378 -0.0364648 0.0737224 0.0630065 -0.0986337 -0.0937526 0.024424 -0.0597051 0.0522665 -0.0442125 -0.0342691 -0.0419373 -0.00922025 0.00361748 -0.00485446 -0.0230735 -0.0629508 
-0.0380492 -0.0058376 0.0366237 -0.0847311 0.0539468 -0.0714867 0.0929941 -0.029351 0.0474413 -0.0809975 0.0634402 -0.0308516 -0.0473847 -0.0977667 0.0461637 0.0879554 -0.0644475 -0.0591157 0.0709919 -0.00580991 0.042664 -0.050865 0.0338367 0.0209516 0.0669989 0 0.0894149 0.0284222 0.0534361 -0.0181165 -0.0759957 0.0585054 -0.0214746 -0.0353982 0.0507952 -0.0944911 0.0182187 0.0482269 -0.0732295 -0.0369305 0.0335714 -0.0428972 0.0514107 -0.0424451 -0.0862712 -0.0583345 0.0644053 0.0480392 0.0520509 -0.0106084 0.0574457 -0.0365678 0.0420627 0.0733005 0.016944 -0.0787289 0.0512674 -0.0978132 -0.0614491 0.0216332 0.0127096 -0.0358029 0.0392716 0.0532144 0.00947561 -0.0729195 0.00174084 -0.0367486 0.0801969 0.0134209 0.0164545 0.0409161 -0.0112442 0.0342791 -0.0598598 -0.0668951 
0.00646393 0.0700798 0.0104623 -0.0489944 0.0462455 -0.0265833 0.0222351 0.00364289 -0.0526483 -0.0736946 0.0942591 0.0635294 0.0393564 -0.0112713 0.096262 -0.0835015 0.0486809 -0.0119888 -0.0199743 0.0141121 -0.0437081 -0.0295604 -0.00137258 -0.059624 0.0429512 -0.0894149 0 -0.0433292 0.020154 0.0486488 -0.0181921 0.0473999 -0.0190703 -0.00368692 -0.0739613 0.0442914 -0.0945949 0.0771371 0.0822662 -0.00873214 -0.0174284 0.0919214 0.0532116 0.0684419 -0.0965705 -0.0381274 -0.0198417 0.00978166 -0.00610389 0.0964289 -0.0178328 -0.0986895 -0.0256236 -0.0924059 0.0806762 0.0258672 0.0697164 0.0700426 -0.0193282 0.0236546 0.0449273 0.0900464 0.0832101 -0.0455936 -0.0130422 0.0212539 -0.0232316 0.000799119 -0.0030245 0.0875759 0.0798899 -0.0356393 0.0141845 0.0869047 0.0383313 0.0895696 
0.0680637 -0.0444102 0.017729 0.0682968 0.0146634 -0.0443077 0.0538125 -0.0503903 0.0103518 0.037954 0.0768783 0.057864 -0.0609152 -0.0517375 0.0628762 -0.0791689 -0.0659631 -0.0146975 -0.0321326 -0.0461511 0.0775855 0.0433104 0.0365234 -0.0890026 -0.0382881 -0.0284222 0.0433292 0 0.0921018 0.0490888 0.013549 0.0332802 -0.0617032 -0.0732171 -0.0936243 0.0838795 -0.0844744 0.0920287 0.0488748 0.0496216 0.0133723 0.0689591 -0.0329572 -0.0932215 -0.00226458 -0.00366361 -0.000723134 -0.0433176 -0.0572908 -0.0358498 0.00906299 0.0973398 0.0719299 0.0990647 -0.0329297 -0.0340098 -0.0583828 -0.0208995 -0.0881649 -0.0629915 0.0570147 0.0308762 -0.0400603 -0.0174879 -0.0315569 0.0974316 -0.0752674 0.0757228 0.0688757 0.082812 -0.0437666 0.0766059 -0.0506823 -0.0660054 -0.0160721 0.0165245 
-0.020018 0.0687682 0.0369901 0.0571267 0.0761417 -0.0629076 0.0556136 -0.081441 0.0665159 0.0734866 -0.0627023 -0.0803797 -0.0299135 0.0982565 -0.0608696 0.0907526 -0.0836967 -0.001188 0.00519776 -0.0498259 0.0660757 0.0543148 0.00220873 0.0224089 0.0744342 -0.0534361 -0.020154 -0.0921018 0 -0.0650031 0.0728297 -0.0318549 0.00897449 -0.088816 0.0840513 -0.0471592 0.091654 0.072013 -0.0209375 0.0417166 -0.0128825 0.094117 -0.0232625 -0.0961292 -0.0236384 0.0632471 0.0755202 0.0616682 0.00470828 -0.0112629 0.0743266 -0.0306286 0.0488989 0.0255299 0.0403562 0.0943647 -0.0437695 0.0733302 0.0511681 0.0555872 -0.0782015 -0.0449268 0.0855371 -0.019974 -0.0557551 -0.00111562 -0.011363 -0.0095554 -0.0450354 -0.0484226 -0.0680311 0.0982938 -0.0328099 0.00228929 -0.0143972 -0.0777377 
-0.0796839 -0.00422439 0.0895637 -0.0045662 -0.0474752 -0.0185589 0.0740905 0.00979737 -0.0971441 0.0531715 -0.0833332 0.0458739 -0.0478162 -0.0797209 -0.0989986 0.0452277 -0.0980341 0.0632074 0.0571378 0.0182734 0.000871273 0.0892684 0.0919977 0.0189118 -0.0245387 0.0181165 -0.0486488 -0.0490888 0.0650031 0 0.0582349 -0.0298999 -0.0623121 -0.060052 0.0470433 0.0348532 0.033599 0.0407114 0.0429451 -0.00858896 -0.0339753 -0.0294552 -0.0816243 -0.0381 -0.0184117 0.046348 -0.0278917 0.0137494 -0.0632769 -0.0420098 -0.0916211 -0.0377969 0.0715118 -0.051942 0.0736407 -0.00790051 -0.0658091 -0.0924917 -0.0367642 -0.0862952 -0.0802035 -0.0289747 -0.0960627 0.0136802 -0.0596874 0.0846284 -0.0426954 0.0608796 0.042174 -0.0192406 -0.0588751 -0.0219163 -0.0778881 -0.025563 0.00716387 0.0367778 
-0.0825825 0.0474617 0.0668651 0.0219575 -0.00213605 0.0557796 0.0251986 -0.0834812 -0.0557172 0.0269239 -0.00463832 -0.0515281 -0.0118261 0.0648331 -0.0500905 0.0649675 -0.0595566 0.0248521 0.0925111 -0.028481 0.0289741 -0.00236738 0.0967355 0.0232483 -0.00626525 0.0759957 0.0181921 -0.013549 -0.0728297 -0.0582349 0 0.0454759 0.00100135 0.0922572 -0.0147234 -0.058808 0.0565699 -0.0216107 0.0555656 -0.0763801 0.00361359 -0.0845656 0.0770953 -0.0573261 -0.0398912 -0.086842 0.0117057 -0.0912415 -0.0211955 -0.0672011 -0.000594755 0.041373 -0.0530244 0.0167315 0.098419 -0.0692772 -0.0846631 0.0173262 -0.0215999 0.0756206 0.0784235 0.0711762 -0.0519188 -0.0883811 0.0469138 -0.00567846 -0.0590864 0.095297 -0.0908721 -0.0808286 0.0767626 -0.0265902 -0.066867 -0.0696562 -0.0970815 -0.0528382 
-0.0560648 -0.0851192 0.0715585 -0.0120262 -0.0668769 -0.0129339 -0.0382125 0.0887903 0.0517961 -0.0290567 0.0336867 -0.037835 0.0977819 0.0957915 -0.000676173 -0.0308332 0.0181668 -0.00813848 -0.00869447 -0.00367042 -0.0413938 0.0521418 -0.0197677 -0.0783657 0.00390623 -0.0585054 -0.0473999 -0.0332802 0.0318549 0.0298999 -0.0454759 0 0.0887315 0.0573867 0.00191682 -0.0370261 0.0586941 -0.0737272 -0.0545718 0.0378865 0.0366 -0.0839603 0.0137387 -0.00379202 0.00866718 -0.0115271 -0.0399413 -0.0140614 0.021339 -0.0476181 0.0307666 0.0874334 -0.0391343 0.01878 0.0169865 -0.0953266 -0.025535 0.010539 -0.0719837 -0.0362027 -0.0460845 -0.0779125 -0.0135021 0.0559136 0.0733055 -0.0553836 -0.00951737 0.0210259 0.0231263 0.0466148 -0.087986 0.0706236 0.091937 0.029994 0.014185 0.0114298 
-0.0337796 -0.0688226 -0.00275277 0.048668 -0.0711235 0.0552265 -0.00603924 -0.0656183 -0.0976953 0.0139493 0.0938077 0.0422732 -0.0901574 0.00147294 0.00849671 -0.0574082 0.0970576 -0.0181808 0.0810442 0.098328 -0.0885578 -0.0306672 -0.00687507 0.0797111 0.0801196 0.0214746 0.0190703 0.0617032 -0.00897449 0.0623121 -0.00100135 -0.0887315 0 -0.0774297 -0.0289992 -0.02285 0.0443632 -0.0969322 -0.0518935 -0.00227265 0.0818786 -0.0263478 -0.0663597 -0.0836162 0.0986622 -0.0435945 -0.097623 -0.0535717 -0.0747167 -0.0870981 -0.094782 0.0543646 -0.0100646 0.0250009 0.0612111 0.000863666 -0.0275416 0.0235251 -0.0150807 0.00471418 0.0951986 -0.00799545 -0.0329781 -0.0308022 -0.00726945 -0.0772675 0.0692832 -0.0636268 -0.00483923 0.0364551 -0.0181016 -0.0100302 0.0675806 -0.0530945 -0.0249581 0.00284912 
-0.08627 -0.0148431 0.085257 -0.097907 0.0445961 0.089709 0.0248753 0.0563109 -0.00518775 0.0980579 -0.0682922 0.00883558 -0.0690457 0.0383898 0.0237684 -0.0759132 0.0575581 -0.00563433 0.0119719 0.0835876 0.0051541 -0.0963001 0.0310565 -0.046802 0.0133995 0.0353982 0.00368692 0.0732171 0.088816 0.060052 -0.0922572 -0.0573867 0.0774297 0 -0.0682931 -0.0220522 -0.0823433 0.0916702 -0.00762435 -0.00989845 -0.0852383 0.070762 0.00674622 -0.0699938 0.0724158 -0.02621 -0.0542432 0.0598325 -0.0953873 -0.0748059 -0.0357467 -0.0771987 -0.0499397 0.0686749 -0.0737485 0.0534863 -0.0745972 -0.0961979 0.00366319 -0.0844913 -0.0143405 0.0325965 -0.0585721 0.0550777 -0.067608 -0.0730814 0.00883861 -0.0286415 -0.094142 0.078897 -0.0560559 0.089912 0.0956956 -0.0746947 0.0743117 0.0333594 
-0.0980226 -0.0458697 0.0625407 -0.0560736 0.0550804 0.00754954 0.0164982 0.0983027 -0.0126384 -0.0777368 -0.0528823 -0.0599745 -0.020315 0.0177458 -0.00512221 -0.00143699 0.0138074 0.00601518 0.0221246 -0.0364943 0.0582951 -0.0273707 0.0974576 0.0482988 0.0235814 -0.0507952 0.0739613 0.0936243 -0.0840513 -0.0470433 0.0147234 -0.00191682 0.0289992 0.0682931 0 -0.0695345 0.0146074 0.00158983 0.0989402 0.0846648 -0.0139539 0.0829627 -0.0214007 0.0429271 -0.0227111 -0.0539709 -0.00347777 0.0264406 0.0111937 -0.0228294 0.0519034 -0.0403952 -0.0905595 0.00819124 -0.0695495 -0.0411719 0.0542623 0.0199962 0.0633996 -0.0624384 0.0339642 0.0913842 0.0948337 -0.0811226 0.0192333 -0.0259582 0.00630856 0.00891107 0.0614922 0.0199397 0.0119402 0.02704 0.0388372 0.0855955 0.0657387 0.0339213 
-0.0931472 0.000466736 0.0829389 0.0116006 -0.0839793 0.0591033 -0.0892063 0.0220801 -0.0518815 0.0377016 -0.0676212 0.0936568 0.0281932 0.00969942 0.0793545 -0.0618909 0.0149611 -0.0909597 0.0581863 -0.056962 0.0595075 -0.0481536 0.0694202 0.0400642 0.0512505 0.0944911 -0.0442914 -0.0838795 0.0471592 -0.0348532 0.058808 0.0370261 0.02285 0.0220522 0.0695345 0 -0.0355041 0.0370124 0.0985111 0.0887736 -0.0125141 -0.0892566 0.0500712 0.0356163 -0.0187441 -0.0287563 -0.0194012 0.0328813 -0.0453125 0.0039702 -0.0485805 -0.0466865 0.0177542 0.0338413 -0.0917853 -0.0409121 0.00362611 -0.000610022 0.0201881 -0.0513131 -0.0559579 -0.0970094 -0.00558327 -0.0247484 -0.00924577 0.00310031 -0.0875041 0.0934725 0.0560338 0.0745649 -0.045643 0.0248445 0.0109134 -0.0536587 -0.0421403 -0.000587366 
-0.0869553 -0.00966768 -0.00841283 -0.0412702 0.0271485 -0.0564603 -0.0971159 -0.0608445 -0.00443338 -0.0244995 0.0130291 0.0357511 -0.0421012 -0.0173543 -0.00904457 -0.0882703 0.0617643 -0.0140174 -0.0576933 0.0155693 0.0779462 0.0128252 -0.0471376 0.0310894 -0.00180351 -0.0182187 0.0945949 0.0844744 -0.091654 -0.033599 -0.0565699 -0.0586941 -0.0443632 0.0823433 -0.0146074 0.0355041 0 -0.027263 -0.0168637 0.0308643 0.0730836 0.0438443 -0.0587451 -0.00175902 -0.0174822 -0.0537025 0.0805228 0.0766474 -0.0233948 0.0343139 -0.0359998 0.0271347 0.0391946 0.0573258 0.0761644 0.0136769 0.0831197 0.0986676 -0.088469 0.0765607 0.0408513 -0.0436414 -0.0994408 -0.0372358 0.0310405 -0.0956964 0.0900066 0.0865856 -0.0332808 -0.038672 0.0980042 -0.0626736 -0.0278459 -0.0676544 0.0897247 -0.0300164 
-0.0360385 0.0944265 0.0156231 0.00254933 -0.0913938 0.0535208 0.0616841 0.0574864 0.041791 0.0892782 -0.0341854 0.0332461 -0.00743567 0.0756441 0.04361 -0.0187517 0.0374582 0.0507596 -0.0113736 0.0786388 0.0892186 0.0514897 0.0582643 0.071135 -0.0336631 -0.0482269 -0.0771371 -0.0920287 -0.072013 -0.0407114 0.0216107 0.0737272 0.0969322 -0.0916702 -0.00158983 -0.0370124 0.027263 0 -0.029568 0.0657624 0.0170835 0.00330462 0.084303 -0.0324175 -0.00638035 -0.0111836 0.0745628 0.0591579 0.0674975 -0.0441282 0.0465207 0.0935591 -0.0364886 0.0721839 0.0899552 -0.0366952 0.0318205 0.0422654 -0.0476194 -0.080209 -0.0946399 0.0358192 0.0382675 -0.0221729 -0.0377195 -0.0367552 -0.0515736 0.0175786 0.0179036 -0.0780987 0.0459282 -0.0638066 0.00334221 0.0688931 0.0052949 0.00159559 
0.0712683 0.078579 0.0425136 -0.00450088 -0.0535314 -0.030867 0.00821687 -0.0973367 0.0828837 -0.0564204 -0.0211801 -0.0226857 0.0175256 0.0373985 0.029001 -0.0767428 -0.0357247 -0.0378235 0.0319737 -0.0841524 -0.0813135 -0.027203 -0.0255369 -0.0215781 0.0382263 0.0732295 -0.0822662 -0.0488748 0.0209375 -0.0429451 -0.0555656 0.0545718 0.0518935 0.00762435 -0.0989402 -0.0985111 0.0168637 0.029568 0 -0.0929325 0.0785403 0.0652501 0.0585676 0.0190939 0.0833949 0.0810017 0.0645601 -0.0310318 0.093851 -0.0445439 -0.0811631 -0.0957407 -0.0946198 0.0835069 0.030401 -0.0868918 -0.0298965 0.0368437 0.00251655 0.0982461 -0.0533136 -0.0608081 0.0435768 -0.0410195 -0.0347262 -0.0611928 -0.0618409 0.0270373 0.0634882 0.0805444 -0.0751206 0.0354528 0.00595777 -0.0429658 0.049347 0.0432901 
0.0442204 0.0615891 -0.0770811 3.52474e-05 0.0519244 0.0856666 0.00521913 -0.0505058 -0.0766937 -0.0406538 0.0701564 -0.0166722 -0.0388662 -0.0756396 0.0924534 -0.0637982 0.0157198 0.0979419 -0.0388988 -0.061438 -0.0530205 0.0173612 -0.0727806 0.0142969 0.0513054 0.0369305 0.00873214 -0.0496216 -0.0417166 0.00858896 0.0763801 -0.0378865 0.00227265 0.00989845 -0.0846648 -0.0887736 -0.0308643 -0.0657624 0.0929325 0 0.0293123 -0.0800835 -0.0257237 0.0883962 -0.007327 -0.04079 0.0873257 -0.0312205 0.0445733 0.087572 -0.0195455 -0.0885884 0.0614396 -0.0690197 0.00679251 0.0147608 0.023654 0.0956377 -0.0535175 0.013438 -0.0716273 -0.00912307 0.0217675 0.0815119 -0.0562725 -0.0390863 -0.0179664 0.0974072 -0.0619215 -0.0120726 0.0177869 -0.0428935 -0.0251875 0.029438 0.0691021 -0.0916219 
-0.097959 -0.0614082 -0.00962996 0.00147962 -0.0862838 -0.0967225 -0.0440022 -0.0915479 0.094825 -0.0141304 0.0722464 -0.00692498 0.0855253 0.0979173 -0.0961684 -0.000412833 0.0188064 -0.0562002 0.098063 -0.0886649 -0.0473981 -0.0662794 -0.00514221 -0.0407071 -0.0926647 -0.0335714 0.0174284 -0.0133723 0.0128825 0.0339753 -0.00361359 -0.0366 -0.0818786 0.0852383 0.0139539 0.0125141 -0.0730836 -0.0170835 -0.0785403 -0.0293123 0 0.0621823 0.0335824 0.0683091 0.0314599 0.0784378 0.0703923 0.0342793 0.0553408 0.00727028 -0.0999756 0.0726575 0.0121973 -0.00272555 -0.073041 -0.00717367 0.0488531 -0.0381753 -0.0259798 0.0403545 0.0517076 -0.0685658 0.0179788 0.000447471 0.00257967 0.0949172 0.0462212 -0.039772 0.0506365 -0.0100749 0.085809 -0.0232941 -0.00313839 -0.0968593 0.00225977 -0.0364253 
-0.023597 0.00634234 0.0924193 0.0607867 -0.0430624 -0.0249814 0.0557608 -0.0759149 -0.093476 0.0533956 0.0543613 0.0392415 0.056433 -0.0138312 0.0695202 0.0856967 -0.012801 0.0262611 -0.0624358 -0.0439784 0.0760305 0.0113435 0.0456588 0.0178501 0.0868693 0.0428972 -0.0919214 -0.0689591 -0.094117 0.0294552 0.0845656 0.0839603 0.0263478 -0.070762 -0.0829627 0.0892566 -0.0438443 -0.00330462 -0.0652501 0.0800835 -0.0621823 0 0.0894145 -0.0360178 0.0383942 0.0758208 -0.0856572 0.0527846 -0.05162 0.0209905 -0.000547367 -0.0330787 0.0401115 -0.0266024 0.0203441 -0.0514855 0.0255471 0.0416117 -0.091413 -0.00328291 -0.046988 -0.0421227 -0.00577422 0.00207699 -0.0525737 0.0470417 -0.0820605 0.0243885 0.0977941 0.049779 0.0858508 -0.00881028 -0.0886457 0.00811539 0.09425 0.0409323 
-0.0947626 -0.042298 0.0189493 -0.0690477 0.0606875 0.0864126 -0.0556182 -0.065655 -0.0900362 -0.0773702 -0.0638779 -0.0803739 -0.050082 0.0864238 -0.028586 -0.0522645 0.00318474 0.0279237 -0.0354799 -0.0064673 -0.00422539 0.0650926 0.0922458 -0.0528935 0.000880769 -0.0514107 -0.0532116 0.0329572 0.0232625 0.0816243 -0.0770953 -0.0137387 0.0663597 -0.00674622 0.0214007 -0.0500712 0.0587451 -0.084303 -0.0585676 0.0257237 -0.0335824 -0.0894145 0 0.0727114 -0.0278162 0.00651321 0.0332304 -0.0636007 0.0815645 0.0139658 -0.0376698 0.0212226 -0.043575 -0.0318235 0.0224123 0.0263313 -0.0150264 -0.0852384 0.0237782 0.0560218 0.0439347 -0.0683801 0.0188905 -0.0397401 -0.0342286 -0.00307951 0.0268777 -0.0643783 0.0380224 -0.0998252 0.000277168 -0.0318324 -0.0143507 -0.0239574 0.0150343 0.0951449 
0.0870833 0.0277176 0.0993771 0.0136263 0.0194282 -0.0378325 -0.056332 0.00945406 0.00791746 0.0835967 0.0228396 0.0276801 -0.0329057 0.0274481 0.0549338 0.0789678 0.0871488 -0.0486427 -0.0617392 -0.0721386 -0.031966 -0.0460467 -0.00240034 0.0934151 -0.0180523 0.0424451 -0.0684419 0.0932215 0.0961292 0.0381 0.0573261 0.00379202 0.0836162 0.0699938 -0.0429271 -0.0356163 0.00175902 0.0324175 -0.0190939 -0.0883962 -0.0683091 0.0360178 -0.0727114 0 -0.0891051 0.0939653 0.058319 -0.0339951 0.0294209 0.00664011 -0.0981569 -0.0496786 0.0419815 0.0878903 0.0768355 -0.0921785 0.00178823 0.0442911 -0.0497609 -0.0555842 0.0831836 0.0510383 0.0298835 -0.0988552 -0.0234909 0.0470818 0.0753945 -0.0606915 -0.0923941 -0.0678806 -0.0778987 0.00296097 0.0227705 0.0576378 -0.00823154 0.0237061 
-0.0233237 0.0552576 -0.0924974 -0.0972228 0.0552594 0.0150048 -0.0449641 0.0828806 -0.0168584 0.0525458 -0.0650953 0.0927262 -0.0831108 -0.0831868 -0.0852338 0.0229165 -0.00313705 -0.0105913 0.0337784 0.0912037 -0.0799789 -0.0224342 0.0575451 0.0120663 0.0991831 0.0862712 0.0965705 0.00226458 0.0236384 0.0184117 0.0398912 -0.00866718 -0.0986622 -0.0724158 0.0227111 0.0187441 0.0174822 0.00638035 -0.0833949 0.007327 -0.0314599 -0.0383942 0.0278162 0.0891051 0 -0.0820624 -0.0738891 -0.0977764 0.00357634 -0.0736919 -0.0973409 0.0172103 0.0242423 0.0923414 -0.0575622 -0.094009 0.0277906 0.039009 -0.0943514 0.0823192 0.00463949 -0.0837322 0.0166098 0.0865941 0.0143979 -0.0699495 -0.0253324 -0.0190173 -0.0743986 0.0895336 -0.00445861 0.0376819 0.0319767 0.0974315 -0.0385152 -0.0556465 
0.029743 -0.00043745 -0.0542313 0.0631798 -0.0253751 0.0686537 -0.000783433 -0.0974249 -0.0944884 -0.0804987 0.0493273 -0.0588827 -0.0095675 -0.0694541 -0.0620488 0.082263 0.0956178 0.0187383 -0.0419041 -0.0635969 0.0148795 -0.0128311 0.0532338 0.0696169 -0.00502982 0.0583345 0.0381274 0.00366361 -0.0632471 -0.046348 0.086842 0.0115271 0.0435945 0.02621 0.0539709 0.0287563 0.0537025 0.0111836 -0.0810017 0.04079 -0.0784378 -0.0758208 -0.00651321 -0.0939653 0.0820624 0 -0.0175132 -0.025991 -0.0965255 0.0542793 0.0129015 0.0860503 0.0228297 -0.0163746 -0.00744095 -0.0271604 -0.0427232 0.0733681 0.00824794 -0.0618285 -0.0403093 0.0187866 0.0583693 0.0885305 0.0468684 -0.0642136 -0.0384973 -0.0778664 0.0781996 0.0759622 0.0953187 -0.024229 -0.0380922 0.0397766 -0.0256982 -0.0546325 
0.00309033 -0.0776709 0.0384307 -0.0345963 -0.0933063 -0.0331103 -0.0425689 0.047514 -0.0271583 0.0727304 -0.00890723 -0.0488712 -0.0305987 0.0687893 0.0132782 0.0943549 0.0408111 -0.0264598 -0.0969095 -0.0620815 0.00826806 0.0151664 -0.0285387 -0.0520061 0.061214 -0.0644053 0.0198417 0.000723134 -0.0755202 0.0278917 -0.0117057 0.0399413 0.097623 0.0542432 0.00347777 0.0194012 -0.0805228 -0.0745628 -0.0645601 -0.0873257 -0.0703923 0.0856572 -0.0332304 -0.058319 0.0738891 0.0175132 0 -0.0955784 -0.0113355 0.0117078 -0.0454923 0.0796555 -0.0983864 0.0127481 0.026218 0.061264 0.0143734 0.0241041 -0.0733486 -0.0815055 -0.0129668 -0.0311571 0.0542266 -0.0271791 -0.0637924 -0.0658121 -0.0639119 -0.0796776 0.0547097 -0.0200865 0.0855959 -0.0101735 -0.033693 0.0841995 0.099713 0.00668674 
-0.0132835 0.0167702 -0.029907 0.0951266 0.0806526 -0.0224514 -0.0686899 -0.0647653 -0.0825314 0.0293582 -0.0851872 -0.049536 -0.0577178 -0.0114944 0.028059 -0.0630841 0.021419 0.0794644 -0.0687331 0.00151679 0.0789022 0.0887099 0.0174196 0.0617918 -0.00930998 -0.0480392 -0.00978166 0.0433176 -0.0616682 -0.0137494 0.0912415 0.0140614 0.0535717 -0.0598325 -0.0264406 -0.0328813 -0.0766474 -0.0591579 0.0310318 0.0312205 -0.0342793 -0.0527846 0.0636007 0.0339951 0.0977764 0.025991 0.0955784 0 0.0393085 -0.0952746 -0.0129158 0.038094 0.07833 0.090682 -0.0420306 0.0439279 0.00974294 -0.00782659 -0.0424748 -0.09036 -0.0311095 0.0555007 -0.0648356 0.0287197 -0.0526373 -0.0333672 -0.0257223 0.0697272 -0.098994 -0.0146249 0.0409717 -0.0738313 0.0550958 -0.0964634 0.0821839 0.023858 
-0.012989 0.0616704 -0.0410438 -0.0841787 0.035408 -0.0320067 0.0448623 -0.0607791 -0.0938764 0.0169148 0.0318881 0.0220443 0.0576439 0.0661927 0.00968581 -0.0454696 -0.0408714 -0.0111773 0.0201329 -0.0326791 0.0713881 -0.034166 0.0830553 0.0829649 0.0862363 -0.0520509 0.00610389 0.0572908 -0.00470828 0.0632769 0.0211955 -0.021339 0.0747167 0.0953873 -0.0111937 0.0453125 0.0233948 -0.0674975 -0.093851 -0.0445733 -0.0553408 0.05162 -0.0815645 -0.0294209 -0.00357634 0.0965255 0.0113355 -0.0393085 0 -0.0506113 0.0280925 -0.0942329 0.0613365 0.0412113 0.0988668 0.0349312 -0.0890152 -0.00346882 0.0102434 -0.016149 -0.0835449 0.0335484 0.0888692 -0.036753 -0.0406223 0.0750467 0.0695542 0.0589668 -0.0948294 0.0406877 -0.0794279 0.0608255 -0.0373863 0.0627247 0.0933975 0.0783803 
-0.0857831 0.0379948 0.0154529 0.064755 -0.038271 0.0302731 0.0863699 -0.044256 0.049122 0.00266046 0.0858516 0.0817726 -0.0705293 -0.0570658 0.0027111 0.057758 -0.0851737 0.0206214 -0.0340025 0.0447304 0.0917266 0.0246123 0.0532209 -0.00682979 0.0568651 0.0106084 -0.0964289 0.0358498 0.0112629 0.0420098 0.0672011 0.0476181 0.0870981 0.0748059 0.0228294 -0.0039702 -0.0343139 0.0441282 0.0445439 -0.087572 -0.00727028 -0.0209905 -0.0139658 -0.00664011 0.0736919 -0.0542793 -0.0117078 0.0952746 0.0506113 0 -0.0225792 -0.0701429 0.063767 0.00715802 -0.0308808 -0.03739 -0.0555101 -0.00724873 0.0299033 -0.0657051 0.0713074 -0.0838289 -0.0150145 -0.0437478 -0.0897661 -0.0654791 0.0280422 0.0472891 -0.0710726 -0.0719413 -0.0860623 -0.0213932 -0.00195142 -0.084758 -0.0325717 -0.0184651 
0.0224781 0.0890128 0.03623 -0.0484088 -0.0455471 -0.03023 0.0939599 -0.0943633 0.0939286 0.0175914 -0.0692898 0.0837356 0.0500226 0.0816426 0.0789699 0.0774871 0.0737161 0.0996541 0.0961206 -0.068316 0.0824088 0.0508332 -0.0496056 0.0287991 0.033739 -0.0574457 0.0178328 -0.00906299 -0.0743266 0.0916211 0.000594755 -0.0307666 0.094782 0.0357467 -0.0519034 0.0485805 0.0359998 -0.0465207 0.0811631 0.0195455 0.0999756 0.000547367 0.0376698 0.0981569 0.0973409 -0.0129015 0.0454923 0.0129158 -0.0280925 0.0225792 0 0.0672203 0.0483007 0.0340643 -0.0943499 -0.0540382 0.0963068 0.0659109 0.0746973 -0.0837078 0.0476821 -0.0838206 0.0363863 0.0885916 -0.0221266 -0.0987845 0.0315323 -0.0479831 -0.040726 0.0603666 0.0998824 -0.0240646 -0.0933031 0.0674214 -0.0184317 -0.0850432 
-0.0811782 0.0248358 0.0464876 0.0719407 -0.038271 0.0558345 0.0197804 -0.0408295 -0.0584142 -0.00241471 -0.0523381 -0.0426592 0.0955491 -0.0364046 0.0929048 0.0599319 -0.00961334 0.0551651 -0.0748513 0.085109 -0.00368891 -0.0964483 -0.0211769 0.0555389 -0.0107867 0.0365678 0.0986895 -0.0973398 0.0306286 0.0377969 -0.041373 -0.0874334 -0.0543646 0.0771987 0.0403952 0.0466865 -0.0271347 -0.0935591 0.0957407 0.0885884 -0.0726575 0.0330787 -0.0212226 0.0496786 -0.0172103 -0.0860503 -0.0796555 -0.038094 0.0942329 0.0701429 -0.0672203 0 0.020044 0.0307137 0.0534372 -0.0376253 0.0762411 0.0195183 -0.0918389 0.0497181 -0.0434657 0.0762439 -0.0926688 0.0260608 0.0307198 -0.07016 -0.051616 0.00742569 0.0648217 0.0960131 0.00120137 -0.0406688 -0.000823848 0.0749417 -0.0100749 -0.0444563 
-0.0438401 0.0666738 0.0608324 -0.0390181 -0.0553708 0.0727088 0.0175015 -0.0745775 -0.0832189 0.0470782 -0.0282114 -0.0595366 0.00608293 -0.0316008 -0.0781337 0.0605082 0.00281795 -0.0661647 -0.0666185 -0.0856127 -0.0243034 0.00845053 0.0221717 0.0334894 -0.0844035 -0.0420627 0.0256236 -0.0719299 -0.0488989 -0.0715118 0.0530244 0.0391343 0.0100646 0.0499397 0.0905595 -0.0177542 -0.0391946 0.0364886 0.0946198 -0.0614396 -0.0121973 -0.0401115 0.043575 -0.0419815 -0.0242423 -0.0228297 0.0983864 -0.07833 -0.0613365 -0.063767 -0.0483007 -0.020044 0 -0.0407163 0.0939417 0.0292443 -0.0959433 0.0921431 -0.0685571 0.0550204 -0.0126803 0.0601861 0.00447379 0.0744572 -0.00222778 0.0540307 0.0205676 0.0493569 -0.0759666 0.00953804 -0.0849452 0.0580058 -0.0298038 0.0738465 -0.0479063 0.0592764 
-0.0446832 0.00178919 -0.0535436 -0.082721 0.0490688 0.0922562 0.00403433 0.0446442 0.0348947 0.0815389 0.0757543 -0.0454324 0.037514 -0.0146437 0.0365362 0.0355049 0.0453282 0.0856235 -0.0830169 0.0436722 -0.0200181 -0.0191827 -0.00247895 0.0791905 -0.0301672 -0.0733005 0.0924059 -0.0990647 -0.0255299 0.051942 -0.0167315 -0.01878 -0.0250009 -0.0686749 -0.00819124 -0.0338413 -0.0573258 -0.0721839 -0.0835069 0.0690197 0.00272555 0.0266024 0.0318235 -0.0878903 -0.0923414 0.0163746 -0.0127481 -0.090682 -0.0412113 -0.00715802 -0.0340643 -0.0307137 0.0407163 0 -0.0178964 -0.0161689 -0.0891899 -0.0878729 0.0371916 0.0707816 -0.0387928 0.0145813 0.0151829 -0.0431972 -0.0736131 -0.00420512 -0.0879724 -0.0415457 0.0887186 -0.0390368 -0.0932705 0.0573665 0.0668185 0.0462226 0.0362818 -0.0777193 
0.0336276 -0.0938928 0.0292683 -0.0235658 -0.00641155 0.00785474 -0.0827677 -0.0806063 -0.0291262 -0.0339986 0.0771971 -0.0953762 -0.0441974 -0.0357363 0.059923 -0.0318025 0.0463551 -0.0166459 0.0261507 -0.074059 0.0843994 0.0630019 -0.0115152 0.0508572 -0.0855566 -0.016944 -0.0806762 0.0329297 -0.0403562 -0.0736407 -0.098419 -0.0169865 -0.0612111 0.0737485 0.0695495 0.0917853 -0.0761644 -0.0899552 -0.030401 -0.00679251 0.073041 -0.0203441 -0.0224123 -0.0768355 0.0575622 0.00744095 -0.026218 0.0420306 -0.0988668 0.0308808 0.0943499 -0.0534372 -0.0939417 0.0178964 0 0.017796 0.00264981 0.0843784 -0.086351 0.0300095 -0.0224149 -0.0684168 -0.0569018 0.0777186 0.0150642 0.0355511 -0.0612161 0.0835825 0.00994479 0.0440399 -0.0775976 -0.0645072 -0.0328768 -0.0699205 -0.0444394 0.0838346 
-0.0245526 0.0805183 -0.0433565 -0.049362 -0.0181195 0.0916011 0.0812104 0.03757 -0.047493 0.086513 -0.0623224 -0.00616972 -0.0255836 -0.0200544 -0.0885439 -0.0877676 -0.0711446 0.0508491 0.0293689 0.0258424 -0.0507203 -0.0311174 0.0857715 -0.0889307 0.0794593 0.0787289 -0.0258672 0.0340098 -0.0943647 0.00790051 0.0692772 0.0953266 -0.000863666 -0.0534863 0.0411719 0.0409121 -0.0136769 0.0366952 0.0868918 -0.0147608 0.00717367 0.0514855 -0.0263313 0.0921785 0.094009 0.0271604 -0.061264 -0.0439279 -0.0349312 0.03739 0.0540382 0.0376253 -0.0292443 0.0161689 -0.017796 0 0.0479145 -0.035024 0.0427866 -0.0722143 -0.0408573 -0.0373842 -0.0386611 -0.0787857 0.0674111 -0.0334002 0.0423943 0.0995746 -0.0648969 0.000370779 0.0952407 0.00228012 0.0017557 -0.0228545 0.038409 0.054928 
0.0338466 0.0548262 0.0995302 -0.0298943 -0.031611 0.0859887 0.0503549 0.0814657 -0.0168951 0.0814755 0.00847493 0.0634797 -0.0250837 -0.0975685 0.0705047 -0.0686919 -0.0285017 -0.0168279 -0.0050726 -0.0147569 0.0569982 0.0623273 -0.0796681 0.0330381 -0.0295808 -0.0512674 -0.0697164 0.0583828 0.0437695 0.0658091 0.0846631 0.025535 0.0275416 0.0745972 -0.0542623 -0.00362611 -0.0831197 -0.0318205 0.0298965 -0.023654 -0.0488531 -0.0255471 0.0150264 -0.00178823 -0.0277906 0.0427232 -0.0143734 -0.00974294 0.0890152 0.0555101 -0.0963068 -0.0762411 0.0959433 0.0891899 -0.00264981 -0.0479145 0 0.0178146 0.0357751 -0.0182461 0.0844221 -0.0364543 0.0466485 -0.0188676 -0.0336016 0.0251849 -0.0922601 -0.00884106 0.0331333 -0.0308051 -0.0595583 -0.0324621 0.0653647 0.00157192 -0.0970076 -0.0439946 
0.00748935 0.0462238 0.0688457 0.0410323 -0.0133837 -0.0102255 0.0850757 0.0799921 0.0992574 0.071149 0.00965651 -0.0490833 0.0841355 -0.0210076 -0.0515695 -0.0883365 0.0196252 0.0577679 0.0997 -0.0684424 0.00538866 0.0645548 -0.0644169 0.00420682 0.0416976 0.0978132 -0.0700426 0.0208995 -0.0733302 0.0924917 -0.0173262 -0.010539 -0.0235251 0.0961979 -0.0199962 0.000610022 -0.0986676 -0.0422654 -0.0368437 -0.0956377 0.0381753 -0.0416117 0.0852384 -0.0442911 -0.039009 -0.0733681 -0.0241041 0.00782659 0.00346882 0.00724873 -0.0659109 -0.0195183 -0.0921431 0.0878729 -0.0843784 0.035024 -0.0178146 0 -0.0335079 0.0967693 -0.0349346 0.0444118 0.0784792 -0.0594785 -0.0803378 0.0394604 0.0810786 -0.0515926 0.055471 0.0347343 0.089373 -0.019972 -0.0353815 -0.0822984 0.00279605 -0.0468367 
-0.0258824 -0.0153603 0.0549904 0.0145025 0.0098409 0.0650627 0.0795575 0.00986385 -0.0774321 -0.0482946 0.0682999 0.0541982 -0.0242608 0.0300179 -0.0239033 0.0862564 0.0817399 0.0552083 -0.0849703 -0.0680831 0.0318998 0.0965765 -0.0811056 0.0930071 0.0788174 0.0614491 0.0193282 0.0881649 -0.0511681 0.0367642 0.0215999 0.0719837 0.0150807 -0.00366319 -0.0633996 -0.0201881 0.088469 0.0476194 -0.00251655 0.0535175 0.0259798 0.091413 -0.0237782 0.0497609 0.0943514 -0.00824794 0.0733486 0.0424748 -0.0102434 -0.0299033 -0.0746973 0.0918389 0.0685571 -0.0371916 0.086351 -0.0427866 -0.0357751 0.0335079 0 0.0565763 0.0590503 -0.00087326 0.0850411 -0.0824471 -0.00876828 -0.00625562 -0.031334 0.0951589 -0.0229923 -0.040241 -0.0776339 -0.0928219 -0.0050098 -0.0551263 0.016398 0.0501156 
0.0111967 -0.0109931 0.0756447 -0.0778721 -0.0850591 0.0748368 0.0370315 0.0703114 -0.0579985 0.0889864 0.00973496 0.0667248 0.0937448 -0.0932959 -0.00702152 -0.0798284 -0.0913891 0.0745373 0.0227703 -0.0398197 0.0897339 0.056854 -0.0358383 0.00212772 0.0084378 -0.0216332 -0.0236546 0.0629915 -0.0555872 0.0862952 -0.0756206 0.0362027 -0.00471418 0.0844913 0.0624384 0.0513131 -0.0765607 0.080209 -0.0982461 -0.013438 -0.0403545 0.00328291 -0.0560218 0.0555842 -0.0823192 0.0618285 0.0815055 0.09036 0.016149 0.0657051 0.0837078 -0.0497181 -0.0550204 -0.0707816 -0.0300095 0.0722143 0.0182461 -0.0967693 -0.0565763 0 -0.0885438 0.0868515 -0.00688636 -0.0520615 -0.0978682 -0.0448279 0.0659085 0.0232157 0.00862296 0.0235471 -0.0799963 0.089802 0.0498947 -0.0441024 -0.0292799 0.0221631 
-0.0148575 0.0883145 -0.0828454 -0.0845791 0.0912709 -0.0863077 -0.0146121 0.0244353 0.00656913 0.0516825 -0.0202861 -0.0123093 0.0136278 -0.0162451 0.0544283 0.0230162 -0.0991777 0.0489077 0.0909395 0.0797087 0.059702 0.0082062 -0.0118724 -0.0646631 0.0364648 -0.0127096 -0.0449273 -0.0570147 0.0782015 0.0802035 -0.0784235 0.0460845 -0.0951986 0.0143405 -0.0339642 0.0559579 -0.0408513 0.0946399 0.0533136 0.0716273 -0.0517076 0.046988 -0.0439347 -0.0831836 -0.00463949 0.0403093 0.0129668 0.0311095 0.0835449 -0.0713074 -0.0476821 0.0434657 0.0126803 0.0387928 0.0224149 0.0408573 -0.0844221 0.0349346 -0.0590503 0.0885438 0 -0.0229972 0.0307768 -0.0877421 0.0592144 0.0395783 -0.0978611 0.0235125 0.0426516 0.0267873 -0.0655297 -0.00642518 -0.0503818 -0.00864851 -0.0177352 0.0231686 
0.0517563 -0.0246297 -0.0668358 -0.0960296 0.0136927 0.0630026 0.0454509 0.0272872 0.0693377 0.0355462 0.0759678 -0.0403442 0.0738671 -0.0972813 0.0281267 -0.0356428 -0.0837455 -0.0457796 0.0872269 -0.0233485 -0.0300925 0.0847159 0.0999789 -0.0831578 -0.0737224 0.0358029 -0.0900464 -0.0308762 0.0449268 0.0289747 -0.0711762 0.0779125 0.00799545 -0.0325965 -0.0913842 0.0970094 0.0436414 -0.0358192 0.0608081 0.00912307 0.0685658 0.0421227 0.0683801 -0.0510383 0.0837322 -0.0187866 0.0311571 -0.0555007 -0.0335484 0.0838289 0.0838206 -0.0762439 -0.0601861 -0.0145813 0.0684168 0.0373842 0.0364543 -0.0444118 0.00087326 -0.0868515 0.0229972 0 0.0492568 0.0676414 -0.0154063 0.0160411 -0.00640362 -0.00250774 -0.0517282 0.0644688 0.0321967 -0.0294926 0.0292101 0.0300389 -0.067132 -0.0386352 
0.0992464 -0.0142017 0.0860839 -0.0304681 0.0405171 0.0268118 0.0279726 0.0168268 -0.0957805 -0.0487211 0.0557095 0.0227937 -0.0106529 0.0368575 -0.00993697 0.0877936 0.0551327 0.0652333 -0.0656076 -0.0823857 -0.00492615 0.0940785 0.097887 0.0578548 -0.0630065 -0.0392716 -0.0832101 0.0400603 -0.0855371 0.0960627 0.0519188 0.0135021 0.0329781 0.0585721 -0.0948337 0.00558327 0.0994408 -0.0382675 -0.0435768 -0.0217675 -0.0179788 0.00577422 -0.0188905 -0.0298835 -0.0166098 -0.0583693 -0.0542266 0.0648356 -0.0888692 0.0150145 -0.0363863 0.0926688 -0.00447379 -0.0151829 0.0569018 0.0386611 -0.0466485 -0.0784792 -0.0850411 0.00688636 -0.0307768 -0.0492568 0 -0.0694329 0.0559786 -0.0979866 -0.0550399 0.0476529 0.0915698 0.0139247 0.0676116 0.0555831 -0.0637506 0.00778856 -0.0227716 -0.0648968 
0.0580966 0.0179105 -0.0513556 -0.0361699 0.0671369 0.00773765 -0.0483459 -0.0591708 0.0937373 -0.052621 -0.0631973 -0.04563 -0.0785818 -0.0129306 -0.0623707 0.018506 -0.0532728 0.0943529 0.0328006 -0.0408584 0.0515279 -0.0379569 0.0689241 -0.0154477 0.0986337 -0.0532144 0.0455936 0.0174879 0.019974 -0.0136802 0.0883811 -0.0559136 0.0308022 -0.0550777 0.0811226 0.0247484 0.0372358 0.0221729 0.0410195 -0.0815119 -0.000447471 -0.00207699 0.0397401 0.0988552 -0.0865941 -0.0885305 0.0271791 -0.0287197 0.036753 0.0437478 -0.0885916 -0.0260608 -0.0744572 0.0431972 -0.0777186 0.0787857 0.0188676 0.0594785 0.0824471 0.0520615 0.0877421 -0.0676414 0.0694329 0 -0.035881 0.0308053 -0.055002 -0.0881091 0.0627801 0.0532169 -0.0685452 -0.0262444 0.0210919 0.0708387 -0.0646635 -0.0542241 
-0.0605369 0.0350977 0.0756922 -0.0151683 -0.00928938 0.0997869 -0.00942984 0.0835498 0.0693524 0.0641902 -0.0542564 -0.0531152 0.0528225 -0.0183069 0.0824031 0.0539654 0.00428438 0.00118698 0.042239 -0.00302287 0.0353091 0.0569825 0.0700952 -0.0669048 0.0937526 -0.00947561 0.0130422 0.0315569 0.0557551 0.0596874 -0.0469138 -0.0733055 0.00726945 0.067608 -0.0192333 0.00924577 -0.0310405 0.0377195 0.0347262 0.0562725 -0.00257967 0.0525737 0.0342286 0.0234909 -0.0143979 -0.0468684 0.0637924 0.0526373 0.0406223 0.0897661 0.0221266 -0.0307198 0.00222778 0.0736131 -0.0150642 -0.0674111 0.0336016 0.0803378 0.00876828 0.0978682 -0.0592144 0.0154063 -0.0559786 0.035881 0 -0.0726341 0.0360823 -0.0128617 -0.068454 0.060227 -0.0821494 -0.032776 0.0909211 -0.0549066 0.0663567 0.0997405 
-0.0929848 -0.0826105 0.0347994 -0.0184741 0.0116433 -0.0594568 -0.0923643 0.0772742 0.0984695 0.0114578 -0.0588405 -0.097454 0.0986912 -0.0650547 -0.0524218 0.053183 0.00958309 0.0563247 -0.0469148 -0.00528207 -0.0605103 -0.0769435 -0.0747907 0.070999 -0.024424 0.0729195 -0.0212539 -0.0974316 0.00111562 -0.0846284 0.00567846 0.0553836 0.0772675 0.0730814 0.0259582 -0.00310031 0.0956964 0.0367552 0.0611928 0.0390863 -0.0949172 -0.0470417 0.00307951 -0.0470818 0.0699495 0.0642136 0.0658121 0.0333672 -0.0750467 0.0654791 0.0987845 0.07016 -0.0540307 0.00420512 -0.0355511 0.0334002 -0.0251849 -0.0394604 0.00625562 0.0448279 -0.0395783 -0.0160411 0.0979866 -0.0308053 0.0726341 0 -0.0292276 0.0536753 0.0322693 0.0714577 -0.000661951 0.0860163 0.0729712 -0.04563 -0.0142054 -0.071917 
-0.0548733 0.0693461 0.0555316 -0.0537464 -0.0182846 0.00443651 -0.0342303 -0.005286 -0.0316527 0.028427 -0.0983261 -0.0774165 0.0832999 -0.0410751 -0.0442789 0.0546784 -0.0912869 0.00669723 0.0910026 -0.0783748 0.0778889 -0.0550435 0.011235 -0.0183997 0.0597051 -0.00174084 0.0232316 0.0752674 0.011363 0.0426954 0.0590864 0.00951737 -0.0692832 -0.00883861 -0.00630856 0.0875041 -0.0900066 0.0515736 0.0618409 0.0179664 -0.0462212 0.0820605 -0.0268777 -0.0753945 0.0253324 0.0384973 0.0639119 0.0257223 -0.0695542 -0.0280422 -0.0315323 0.051616 -0.0205676 0.0879724 0.0612161 -0.0423943 0.0922601 -0.0810786 0.031334 -0.0659085 0.0978611 0.00640362 0.0550399 0.055002 -0.0360823 0.0292276 0 -0.0950905 -0.0357592 -0.011158 -0.0283014 0.0992483 -0.0797181 0.0710471 0.0882715 -0.0860411 
-0.0912774 -0.0666984 -0.0343219 -0.0598893 0.00906818 -0.0500993 0.00292852 0.0882141 -0.0409413 0.0173161 -0.0237691 0.0838589 0.0734569 0.00161462 0.031463 -0.0494658 0.0603849 0.0709668 -0.0255811 -0.0149358 -0.017806 0.0197441 0.00505869 -0.0921306 -0.0522665 0.0367486 -0.000799119 -0.0757228 0.0095554 -0.0608796 -0.095297 -0.0210259 0.0636268 0.0286415 -0.00891107 -0.0934725 -0.0865856 -0.0175786 -0.0270373 -0.0974072 0.039772 -0.0243885 0.0643783 0.0606915 0.0190173 0.0778664 0.0796776 -0.0697272 -0.0589668 -0.0472891 0.0479831 -0.00742569 -0.0493569 0.0415457 -0.0835825 -0.0995746 0.00884106 0.0515926 -0.0951589 -0.0232157 -0.0235125 0.00250774 -0.0476529 0.0881091 0.0128617 -0.0536753 0.0950905 0 -0.0794119 -0.0630132 0.0189378 -0.0420744 -0.063578 -0.0751006 -0.0961361 0.0401242 
-0.00912329 0.0197751 0.0875127 0.0666813 0.0453878 -0.0942512 0.0911373 0.0695698 -0.0514969 0.00579785 0.0320314 0.0889407 -0.00412391 -0.0286694 -0.0029249 0.0958532 -0.0640442 -0.00428597 0.0837132 0.0822995 -0.0939399 -0.0805424 0.075026 0.0610278 0.0442125 -0.0801969 0.0030245 -0.0688757 0.0450354 -0.042174 0.0908721 -0.0231263 0.00483923 0.094142 -0.0614922 -0.0560338 0.0332808 -0.0179036 -0.0634882 0.0619215 -0.0506365 -0.0977941 -0.0380224 0.0923941 0.0743986 -0.0781996 -0.0547097 0.098994 0.0948294 0.0710726 0.040726 -0.0648217 0.0759666 -0.0887186 -0.00994479 0.0648969 -0.0331333 -0.055471 0.0229923 -0.00862296 -0.0426516 0.0517282 -0.0915698 -0.0627801 0.068454 -0.0322693 0.0357592 0.0794119 0 -0.0933619 -0.0192379 0.0770499 -0.00617577 0.0031451 -0.0711447 -0.090413 
-0.0415294 -0.0768933 0.0951699 0.0494148 -0.0253017 -0.0217245 -0.0962392 -0.0362694 -0.0704715 0.0178669 -0.0177767 -0.0245908 -0.0255701 -0.0575383 -0.0212527 0.0354434 0.0726647 -0.0390025 -0.0989162 0.0956931 0.0391678 0.043358 -0.059022 0.0312829 0.0342691 -0.0134209 -0.0875759 -0.082812 0.0484226 0.0192406 0.0808286 -0.0466148 -0.0364551 -0.078897 -0.0199397 -0.0745649 0.038672 0.0780987 -0.0805444 0.0120726 0.0100749 -0.049779 0.0998252 0.0678806 -0.0895336 -0.0759622 0.0200865 0.0146249 -0.0406877 0.0719413 -0.0603666 -0.0960131 -0.00953804 0.0390368 -0.0440399 -0.000370779 0.0308051 -0.0347343 0.040241 -0.0235471 -0.0267873 -0.0644688 -0.0139247 -0.0532169 -0.060227 -0.0714577 0.011158 0.0630132 0.0933619 0 0.0458743 0.0160111 -0.0499465 -0.0409362 0.0465971 0.0981454 
0.0113266 -0.0988951 0.056363 0.00840777 0.0812614 -0.0230325 0.0378288 -0.0774435 -0.0591212 0.0555335 -0.00476934 -0.068177 0.0980604 -0.0425547 0.0870315 -0.0843686 -0.031927 0.0782463 0.0385232 6.13226e-05 -0.0963226 -0.0792987 -0.0545186 -0.0240491 0.0419373 -0.0164545 -0.0798899 0.0437666 0.0680311 0.0588751 -0.0767626 0.087986 0.0181016 0.0560559 -0.0119402 0.045643 -0.0980042 -0.0459282 0.0751206 -0.0177869 -0.085809 -0.0858508 -0.000277168 0.0778987 0.00445861 -0.0953187 -0.0855959 -0.0409717 0.0794279 0.0860623 -0.0998824 -0.00120137 0.0849452 0.0932705 0.0775976 -0.0952407 0.0595583 -0.089373 0.0776339 0.0799963 0.0655297 -0.0321967 -0.0676116 0.0685452 0.0821494 0.000661951 0.0283014 -0.0189378 0.0192379 -0.0458743 0 -0.0268329 0.0991122 -0.0384175 -0.00632772 -0.061643 
-0.0383645 0.06198 0.0549265 -0.0934818 -0.0250767 0.0878725 0.00934601 0.00194163 0.0624855 -0.0462318 -0.0559396 0.0974786 -0.0483451 -0.0509472 -0.0376724 0.0211193 0.0869154 -0.0461818 -0.0430764 -0.0896752 -0.0556327 -0.0428272 0.0284718 -0.0403145 0.00922025 -0.0409161 0.0356393 -0.0766059 -0.0982938 0.0219163 0.0265902 -0.0706236 0.0100302 -0.089912 -0.02704 -0.0248445 0.0626736 0.0638066 -0.0354528 0.0428935 0.0232941 0.00881028 0.0318324 -0.00296097 -0.0376819 0.024229 0.0101735 0.0738313 -0.0608255 0.0213932 0.0240646 0.0406688 -0.0580058 -0.0573665 0.0645072 -0.00228012 0.0324621 0.019972 0.0928219 -0.089802 0.00642518 0.0294926 -0.0555831 0.0262444 0.032776 -0.0860163 -0.0992483 0.0420744 -0.0770499 -0.0160111 0.0268329 0 -0.0437326 0.0415567 -0.0154443 0.0372247 
0.0246085 0.0857329 -0.0577653 -0.0791517 0.0937794 0.0414058 -0.069871 -0.0663527 0.0600511 -0.0437423 -0.0331302 0.0378588 0.0536032 -0.042392 0.0636705 -0.0389159 0.0327057 0.0957428 -0.0565121 0.0951202 -0.0632695 0.0877998 -0.0012412 0.0366608 -0.00361748 0.0112442 -0.0141845 0.0506823 0.0328099 0.0778881 0.066867 -0.091937 -0.0675806 -0.0956956 -0.0388372 -0.0109134 0.0278459 -0.00334221 -0.00595777 0.0251875 0.00313839 0.0886457 0.0143507 -0.0227705 -0.0319767 0.0380922 0.033693 -0.0550958 0.0373863 0.00195142 0.0933031 0.000823848 0.0298038 -0.0668185 0.0328768 -0.0017557 -0.0653647 0.0353815 0.0050098 -0.0498947 0.0503818 -0.0292101 0.0637506 -0.0210919 -0.0909211 -0.0729712 0.0797181 0.063578 0.00617577 0.0499465 -0.0991122 0.0437326 0 -0.0163692 0.0738431 -0.0568689 
-0.0230176 -0.0196091 -0.0596946 -0.017389 0.0659119 0.0830894 -0.0147027 -0.0375322 0.0878263 -0.0204347 0.0728975 0.0489157 -0.0381657 0.0217116 0.0130222 -0.0770273 0.0188788 -0.0919497 0.0860444 0.015091 -0.00218269 -0.0321369 0.0553952 -0.0325888 0.00485446 -0.0342791 -0.0869047 0.0660054 -0.00228929 0.025563 0.0696562 -0.029994 0.0530945 0.0746947 -0.0855955 0.0536587 0.0676544 -0.0688931 0.0429658 -0.029438 0.0968593 -0.00811539 0.0239574 -0.0576378 -0.0974315 -0.0397766 -0.0841995 0.0964634 -0.0627247 0.084758 -0.0674214 -0.0749417 -0.0738465 -0.0462226 0.0699205 0.0228545 -0.00157192 0.0822984 0.0551263 0.0441024 0.00864851 -0.0300389 -0.00778856 -0.0708387 0.0549066 0.04563 -0.0710471 0.0751006 -0.0031451 0.0409362 0.0384175 -0.0415567 0.0163692 0 0.02925 -0.0345715 
-0.0303045 -0.0497564 0.0535291 -0.0634876 -0.0426283 -0.0478225 0.0523903 0.0433149 -0.0627143 0.0251207 -0.0271856 -0.0777177 -0.0712806 -0.0272322 -0.0577295 -0.0973428 -0.0877557 0.0740924 -0.0660407 0.0655007 -0.0266512 0.011902 0.0731734 0.00581552 0.0230735 0.0598598 -0.0383313 0.0160721 0.0143972 -0.00716387 0.0970815 -0.014185 0.0249581 -0.0743117 -0.0657387 0.0421403 -0.0897247 -0.0052949 -0.049347 -0.0691021 -0.00225977 -0.09425 -0.0150343 0.00823154 0.0385152 0.0256982 -0.099713 -0.0821839 -0.0933975 0.0325717 0.0184317 0.0100749 0.0479063 -0.0362818 0.0444394 -0.038409 0.0970076 -0.00279605 -0.016398 0.0292799 0.0177352 0.067132 0.0227716 0.0646635 -0.0663567 0.0142054 -0.0882715 0.0961361 0.0711447 -0.0465971 0.00632772 0.0154443 -0.0738431 -0.02925 0 -0.00138967 
0.0657147 0.0683969 -0.00552989 0.0440642 0.0559256 -0.0800609 0.0588332 -0.0640008 0.0899229 -0.00537245 -0.0521784 0.0671408 0.0561989 0.0456756 -0.0210647 -0.014493 -0.0100795 -0.0560306 -0.0231538 -0.0108457 -0.0190324 -0.0718544 0.0263507 -0.0980829 0.0629508 0.0668951 -0.0895696 -0.0165245 0.0777377 -0.0367778 0.0528382 -0.0114298 -0.00284912 -0.0333594 -0.0339213 0.000587366 0.0300164 -0.00159559 -0.0432901 0.0916219 0.0364253 -0.0409323 -0.0951449 -0.0237061 0.0556465 0.0546325 -0.00668674 -0.023858 -0.0783803 0.0184651 0.0850432 0.0444563 -0.0592764 0.0777193 -0.0838346 -0.054928 0.0439946 0.0468367 -0.0501156 -0.0221631 -0.0231686 0.0386352 0.0648968 0.0542241 -0.0997405 0.071917 0.0860411 -0.0401242 0.090413 -0.0981454 0.061643 -0.0372247 0.0568689 0.0345715 0.00138967 0 
