75

16000 4500

30 55 80

8

0 74300 72821 71430 95960 95310 61291 59050 66590 95350 99290 89430 63390 84090 32630 92293 84161 70370 37590 58790 99410 56100 72620 25320 63540 58070 43141 23160 30290 83540 74650 90980 71281 35710 58220 56740 24660 84241 32670 16980 91710 96120 74910 60350 63041 20480 22170 34510 37590 44260 15120 94160 73990 77070 94820 51480 91620 86721 64560 85830 86530 47950 72270 47280 98240 44240 49800 84700 65980 77010 66721 90940 41810 79150 40710 12580 
75000 0 78710 139070 100160 148812 71100 130940 57270 27420 31360 161420 132411 18860 62990 160843 78180 86470 80070 19810 104102 103390 33400 62830 94940 90500 66440 62310 47280 81640 82760 94530 77170 77330 17150 128610 77700 82580 70290 59810 128600 138280 85250 20260 29390 73500 81610 105650 108730 52470 81890 35660 17610 143640 155740 75380 162070 86530 19990 156280 91930 119840 142710 119150 165591 111880 45800 96140 34800 149000 72610 25120 72410 32190 34540 71580 
75032 78130 0 141402 31150 166562 20540 111830 21370 103710 106970 122460 131810 93890 94090 162265 15880 18190 45840 68740 156700 126580 94180 86110 32690 29320 37780 78390 65930 136510 131650 26010 9880 46260 66240 116270 56850 14300 98960 67760 162230 75840 14540 70400 83320 89660 63020 91840 106010 43530 86332 106100 84490 93840 101540 116040 155630 17580 75550 145360 21720 105450 138550 107870 168212 114212 42930 25930 92250 107980 11930 100740 38450 50580 64750 67891 
67440 138180 135852 0 158320 39950 124322 51550 130450 155370 160470 78881 14670 139970 79280 29080 147192 132730 99950 120560 104550 48520 124352 77390 123660 120200 106172 84830 94150 105910 95490 153340 134312 98370 122080 42840 86750 147272 73160 80840 67490 131130 137270 120140 115750 71140 80280 56340 38680 108120 60370 146780 129230 96730 114800 79310 36200 149590 122450 40400 148890 47850 26000 40920 28980 26790 113660 147060 117512 80951 129752 146110 104170 143010 104570 77370 
93510 100700 30990 158320 0 186380 40430 122770 44640 124940 127170 128030 146890 116200 114120 177520 22710 25890 59930 91050 179341 145640 116490 106140 37250 42130 57771 98420 86830 158820 153960 6690 32130 62250 88550 127210 71930 19160 118990 87790 182650 61520 22370 92710 105630 108700 78100 106270 121090 63560 104810 128410 106800 95980 97640 136350 165600 14270 97860 153130 9600 116390 150400 120720 185880 133890 65890 14030 114560 113550 34180 123050 55770 71070 87060 86180 
91750 148893 161212 39820 186490 0 148622 88600 154750 160433 166703 112321 51720 145033 86752 48210 172552 160020 126680 129792 83610 46090 125773 90910 153190 147720 130472 98350 114120 95810 84890 181510 159672 124800 134072 79890 113750 172632 80680 105140 38390 168180 164560 129372 121682 87340 108070 89960 68070 132420 84030 148663 134243 133780 151111 78880 66060 175112 129942 73840 177060 84900 59440 77970 29800 51670 135610 174390 118933 114391 155112 150433 130900 162130 121140 101670 
57742 71310 15480 124112 40460 147992 0 99240 16380 96890 100830 112440 114150 86770 74360 144975 27620 16220 29090 61620 139581 107320 85920 66380 24950 21530 20120 58660 47070 120791 114601 35480 13860 28600 59120 98960 39190 26900 79230 48030 142930 68100 18950 63280 73850 70180 45360 74180 88350 23800 69042 98980 77370 84730 93750 96590 138320 29380 68430 132530 31030 88140 120890 90210 150922 96922 28450 30550 80810 97960 9630 93620 20790 45490 48080 50601 
55710 130510 107050 51340 122900 88210 99370 0 108230 152110 156050 41730 37310 137513 82890 60290 120020 99620 71800 114980 133680 73460 123933 77712 86230 85590 81860 77872 85930 126910 116760 118050 107260 72850 114410 10400 61260 116740 79180 72620 103060 83730 104160 116293 113683 69570 56380 25700 29650 89440 57110 145523 126773 49330 67400 93740 48020 116480 118553 35550 114960 12860 33170 15800 78260 44350 96440 109760 117293 35790 103870 144193 78510 126670 96350 61910 
65062 57330 22420 130600 44730 154480 16630 107690 0 82910 86170 123290 122440 72840 75160 152295 22750 30180 37540 47690 135580 109960 73130 67180 39810 36440 28330 59460 46800 115460 110600 39100 20880 37050 45190 107410 47420 27150 80030 50670 145570 82960 28960 49350 62270 72820 53650 82630 96640 24400 73820 85050 63440 95580 106760 96910 146770 31100 54500 140980 36350 96590 129340 98660 157410 103410 22530 40560 71200 108810 16320 79690 29240 29780 43700 55500 
95650 27140 104000 156060 124890 161583 96390 151710 82560 0 6780 186961 151630 16190 78740 182844 102870 112070 103250 40410 102762 116300 37620 78740 120930 115570 90160 80930 67930 81240 87810 119260 102460 99920 39070 149380 98350 107650 86040 80460 136870 162210 110540 39380 40630 89410 102260 126420 129500 76190 98400 19700 27110 169061 187951 86440 184463 111330 36180 179862 117220 140610 163480 139920 178362 128870 70500 121650 43640 176291 97900 12750 96180 55180 55190 92230 
99790 31280 107830 160610 127220 166863 100530 155850 86310 6820 0 191511 156180 20740 83290 187394 104070 115950 107390 44600 106902 120850 41760 83290 125580 119710 94300 85480 72070 85380 91950 121590 106290 104060 43210 153520 102490 108960 90590 84600 141010 178030 114730 43930 45180 93960 106400 130560 133640 80330 102950 23840 31660 173201 192091 90900 189013 112630 40730 184412 119560 144750 167620 144060 183642 133420 74640 125040 47780 180431 101730 17540 100320 57850 59330 96370 
85720 160520 117510 79090 128160 112400 112000 41770 123530 187003 192083 0 71270 171603 118280 77060 130480 109970 88630 144990 173530 113040 157972 110970 92610 93800 103410 108810 115940 167060 156910 124430 117720 91410 144420 48010 84740 126970 117100 101690 142770 73020 114510 146550 147722 105210 81400 58720 69230 112150 93201 182003 160210 34650 44830 133440 55840 124450 150760 43370 121340 52010 54280 55380 98480 83930 119150 116140 151332 14480 114330 178643 97000 148880 126360 90100 
57382 129052 125794 14720 146290 51590 113581 37510 121322 148731 153831 71361 0 133331 74051 33231 137134 121281 88501 113522 107890 51750 118601 70751 109620 108751 95541 77163 85022 109250 98830 141440 124254 86921 112952 28800 75301 137214 68111 71712 70830 117090 125821 113501 109111 64501 68831 42300 27231 98992 52642 140141 122591 82690 100760 82310 34850 138141 115811 34010 137441 33810 18490 26880 41640 23520 104532 133150 111691 69610 119694 139471 92721 133882 95442 67312 
84550 18850 94400 140070 115850 145593 86790 137091 72960 15890 20730 170971 135640 0 62750 164534 93870 102160 91640 26680 94402 100310 25510 62750 110630 103960 79170 64940 56830 72380 75700 110220 92860 88510 29440 135140 87310 98270 70050 69360 123670 150600 100940 25650 24640 73420 91220 112611 114370 65260 82410 17720 11120 153360 176911 70450 166153 102220 21220 161552 107620 125991 147902 125680 162372 112880 60100 111830 28830 158730 88300 7350 85140 49200 44090 81130 
33200 62650 88820 79630 114070 87012 74240 83000 75230 78130 83230 118051 76010 62730 0 105040 96690 90370 60051 44090 71850 41590 47370 8760 86021 80541 59050 17190 31140 55560 46670 109090 87200 57631 48370 78620 47661 100240 7630 28330 73360 118591 92400 43670 39080 15950 47820 59751 56160 51810 26210 68970 51940 107540 125430 23500 106971 102720 45980 102340 104640 72840 88690 69160 103791 52440 54380 104700 40730 106000 82750 68750 61860 74810 35310 36590 
88924 160594 157336 28970 177130 48480 145123 60310 152864 182955 188035 77440 33692 165245 103720 0 168676 152823 120043 145064 130410 74410 150515 101540 140460 139820 127083 108705 116564 132710 121790 172280 155796 118463 144494 51000 106843 168756 97310 103254 86620 139470 157363 145415 141025 95290 100373 75362 58773 130534 84184 172055 154505 101100 116440 105200 22620 169683 147725 34600 168983 61970 29780 59942 26030 50940 136074 163990 143605 79720 151236 171385 124263 165424 126984 98854 
81382 78940 17450 147752 22550 172912 27640 119870 22880 103140 104080 130500 138160 94440 96740 168615 0 24670 53100 69290 157250 131540 94730 88760 39970 37360 44130 81040 68380 137060 132200 16920 18590 52610 66790 122970 63200 5500 101610 72250 167990 75330 17680 70950 83870 94400 69370 98190 112360 45980 92682 106650 85040 101880 107730 118490 162330 8990 76100 153400 14890 112150 144900 114220 174562 120562 44130 20370 92800 116020 18640 101290 44800 49270 65300 74241 
68080 86480 13390 132830 26050 160040 16150 99430 30150 112490 115930 109840 121460 101940 90430 152492 24840 0 34500 76790 155651 120190 101990 82450 18830 16700 33410 74730 63140 136861 130671 21070 14560 36820 74290 103870 46500 20420 95300 64100 155840 59830 7110 78450 89920 83270 52670 80840 95660 39870 79380 114150 92540 81080 86590 112660 143230 19430 83600 132960 16620 93050 127060 97030 160390 108460 44520 14790 96880 95360 15100 108790 30340 59260 64150 60750 
35310 80020 40980 100060 60180 126760 29380 71640 38240 103840 108040 88860 88690 91820 60160 119722 53230 34590 0 66520 129430 87420 88010 52210 28510 23040 15310 46820 43310 113270 104380 55200 40350 5170 65220 73400 13730 50670 62690 34081 123030 62010 39130 68080 75940 50500 19900 48620 62890 28000 46610 104440 82360 61870 75950 81210 112760 51450 72930 105170 50750 62580 95330 64650 127620 75690 35000 48920 82900 74380 35790 99230 8520 61960 50170 27980 
59400 19680 69390 121190 90840 129992 61780 115340 47950 40130 44670 145820 116760 26700 44180 145243 68860 77150 66430 0 93040 84570 26570 44020 85620 78750 53960 44270 31680 71761 68060 85210 67850 63300 5510 113010 62100 73260 51470 44210 111090 125390 75930 2830 16060 54680 66010 90050 93130 40250 63670 38420 16810 126990 142850 57870 146470 77210 7930 140680 82610 104240 127110 103550 146771 94000 35090 86820 24990 133400 63290 33550 59930 37420 18940 55980 
98170 104443 154292 105030 179542 83980 139712 133930 136020 102450 106550 174600 108220 94370 71200 131110 157440 155842 129181 92850 0 62340 73072 79350 155141 149671 128930 87640 97240 30160 26910 174562 152672 126761 97790 128630 116791 161840 67000 97460 47170 190080 157872 91600 79113 80910 115410 123541 105040 116362 88550 83880 87412 175760 205181 48070 138230 165790 90290 141630 170112 127120 125430 119170 113290 90720 116792 170172 70583 167160 148222 93100 131740 129220 95490 104180 
52540 103260 120910 48570 145850 46080 107220 73510 110070 115640 120740 113050 51730 100240 41660 74590 131530 120260 87480 84700 61960 0 81141 45080 113430 107960 91030 52520 68290 59820 49400 140870 119370 85220 88980 68210 74550 132330 34850 60080 37270 143430 124800 84280 76590 41520 71410 66170 44620 87210 42920 103840 89450 115130 132880 33050 81710 134810 84850 85080 136420 66700 68880 58750 63450 30300 89780 134590 74301 105230 114810 105801 91490 116130 75310 62350 
72860 33290 94590 124412 116040 126383 85610 123891 73150 37420 41520 157711 121400 25240 47220 150294 94060 101740 87830 26330 72292 81511 0 48510 107170 100150 75360 51740 48150 49830 53060 110410 93050 84700 31440 121940 80360 98460 54110 61060 102120 146790 101130 23960 12770 59180 83660 99411 100130 62260 68170 24480 16260 145830 162210 51240 151913 102410 20950 147312 107810 112791 133662 112480 143162 98640 60290 112020 7600 145720 88490 26840 81330 60730 39740 72830 
25770 62920 81480 78230 106730 91400 66900 77901 67890 78900 84000 111340 73800 63500 9000 102230 89350 83030 52101 44360 79720 45580 48770 0 78061 72591 51710 9830 24610 63430 54540 101750 79860 49681 48640 73570 39711 92900 13880 20380 80420 110641 85060 43940 39550 11820 39870 53421 52530 44470 21080 70310 52760 98980 117630 31370 104161 95380 46250 99200 97300 66801 85060 64110 105040 51040 47040 97360 42130 98920 75410 69640 54520 74050 31630 28640 
61150 95060 27760 124150 37250 153110 24860 86100 39730 121210 125820 92500 110230 110520 86120 140850 39840 18800 28930 85370 155390 113380 107231 78170 0 8380 35730 72780 67830 139230 130340 32400 28930 34020 82870 90540 39580 34940 88650 60041 148990 43410 24640 87030 95161 76460 45540 69950 86980 46181 72450 122730 101120 63880 69860 107170 129900 32420 92151 117600 29310 79720 113730 84050 151180 101530 51570 24110 102121 78020 26230 117370 30270 68840 69391 53910 
55770 90380 24380 120320 42310 147730 21360 85620 36330 115960 120160 93680 108950 103940 80740 139982 37350 16720 23550 78640 150010 108000 100130 72790 8470 0 27920 67400 60170 133850 124960 37330 25550 28640 76610 90060 34200 34070 83270 54661 143610 51620 21260 80200 88060 71080 40160 67240 83150 39030 67070 116560 94480 65060 72760 101790 129420 33580 85050 118780 32880 79240 113250 83430 147880 96150 46030 30900 95020 79200 22850 111350 22860 64661 62290 48530 
40262 66050 32750 106632 58340 130512 20240 81900 28690 89950 94140 103810 95960 78940 58550 126992 44090 33260 15180 53640 128791 91180 75130 50570 35890 27980 0 42850 33570 110001 103811 53360 31210 14070 51610 81620 20940 44170 63420 32220 126790 72980 36860 55200 63060 54260 27170 56840 70160 14030 51562 91150 69480 76920 88750 80780 120980 46650 60050 115190 48910 70800 103550 72870 133442 79442 21030 47590 70020 89330 26650 85790 7520 49420 37290 32910 
23470 61640 73280 84820 98530 98220 58700 78481 59690 80691 85651 109040 80390 65291 17280 108820 81150 74830 47100 44491 87860 52400 51711 9300 73060 67590 43510 0 17630 71570 62680 93550 71660 44380 45560 76350 34710 84700 22150 15500 88010 105640 76860 44071 41461 17250 34480 54001 57200 36270 25690 73251 54551 94820 112550 39510 109800 87180 46331 104010 89100 67381 90440 66890 111630 57630 38840 89160 45071 96620 67210 71971 46320 67480 28050 23250 
30610 46900 61820 94680 87070 114090 47240 85800 47270 67950 71890 116180 88021 56690 31160 116453 68730 63370 43520 31390 97540 68270 48030 24340 68000 60490 33960 17750 0 78760 72560 82090 60200 39950 30820 83490 33770 73130 36560 15420 103100 102870 65400 32950 36550 33060 37380 61260 64340 23850 37330 68290 46590 96080 112460 51570 117660 75720 37160 111870 77640 74700 98300 74030 121490 67490 26420 77700 42190 103760 55750 63540 38520 53150 13310 27190 
83730 81931 135982 105720 158650 95740 121402 126900 115760 81250 85350 167860 108910 72840 55190 132860 136670 137532 113171 71861 30470 59660 50470 63340 139131 133661 111152 71630 79440 0 11900 153020 134362 110751 76971 121600 100781 141070 50990 81450 62790 175001 139562 69491 56601 64900 99660 109481 97970 98052 74460 62680 64810 163070 180610 34160 139980 145020 68001 143380 150420 120090 127180 112140 116950 87060 98482 151862 48071 160420 129912 71570 115730 107491 77110 88430 
75010 82440 129572 95490 154190 84810 114992 116810 111300 87490 91590 157770 98680 75310 46470 121930 132210 131122 104451 68130 27290 49430 52670 54620 130411 124941 104200 62910 72520 11900 0 148560 127952 102031 73070 111510 92061 136610 42270 72730 51860 165021 133152 66880 54610 56180 90940 100731 87880 91642 65740 69390 65600 153620 171231 24070 129050 140560 65570 132450 145392 110000 116250 102050 106020 76830 92072 145452 48650 150330 123502 76910 107010 104500 70770 79710 
88450 94990 25930 153200 6700 181300 35370 117840 38930 119230 121460 124240 141830 110490 109060 172590 17000 20830 54870 85340 174281 140560 110780 101080 32320 37070 52711 93360 81770 153110 148250 0 27070 57190 82840 122280 66870 13450 113930 82730 177161 64060 17310 87000 99920 103640 73040 101210 116030 58500 99750 122700 101090 94570 100080 131290 161640 8560 92150 149340 4540 111460 145470 115790 180760 128830 60180 9100 108850 109760 29120 117340 50710 65360 81350 81120 
68392 77300 4860 134762 32330 159922 13900 107410 20970 102880 106470 118110 125170 92760 87450 155625 18730 14810 40110 67610 152671 119940 93050 79470 29310 25940 31140 71750 60160 133881 127691 27190 0 39620 65110 109980 50210 16280 92320 61120 155550 72460 11400 69270 82190 83020 56380 85200 99370 36890 79692 104970 83360 90400 98160 109680 149340 18760 74420 140940 22900 99160 131910 101230 161572 107572 39140 24940 91120 103630 5290 99610 31810 50080 61170 61251 
33240 77150 41130 98550 62620 124690 28620 72860 37480 100470 104410 91710 87180 88570 58090 118212 52470 37030 5290 63270 127360 85350 84760 50140 33720 28250 14080 44330 39710 111200 102310 57640 39590 0 61970 72580 12160 52550 60620 30910 120960 67220 41570 64830 72690 48430 18390 47800 61380 25490 44540 100810 79110 64720 80600 79140 111940 53890 69680 106160 53190 61760 94510 63830 126110 73620 32490 51360 79500 77230 35030 95980 7760 61200 46920 25910 
58770 17080 66870 122840 88320 134312 59260 114710 45430 39440 43380 145190 116181 29610 48490 144613 66340 74630 65070 5510 97980 88890 31680 48330 83100 77020 52230 46080 31050 76871 73000 82690 65330 61940 0 112380 61470 70740 55790 43580 116030 123660 73410 7940 21170 58560 65380 89420 92500 38260 65660 41860 20250 126180 141120 62810 145840 74690 11940 140050 80090 103610 126480 102920 149650 95650 32570 84300 30100 132770 60770 36460 58200 32580 18310 55350 
52980 127780 110840 42840 126690 79710 98960 10550 107820 149380 153320 47970 28810 134833 78290 51020 122810 103410 73460 112250 128200 67980 121253 73350 90020 89380 81450 75192 83200 121430 111280 121840 109930 72440 111680 0 60850 120530 73700 69890 97360 90190 107950 113613 111003 64970 55970 25290 24170 89030 52510 142843 124093 55790 73860 88260 40070 120270 115873 34280 118750 11530 23900 10800 69640 38870 96030 113550 114613 42710 105370 141513 78100 125450 93620 61000 
22120 77910 51900 86670 72680 113570 39390 61240 48080 99510 103450 85300 75300 88250 47920 106332 63240 47090 14310 62400 117190 74400 80480 39970 40260 34790 21350 34580 34110 101030 92140 67700 50360 12730 61830 60960 0 63170 50450 21841 110010 72840 51630 63960 69000 38260 6510 36180 49500 28930 33420 99850 77600 63010 79390 68970 100320 63950 68170 94530 63250 50140 82890 52210 114230 62500 35930 61420 74710 70820 45800 95100 18530 65310 44320 14880 
81312 83190 15020 147682 19770 172842 26820 116590 27130 108080 109150 127000 137560 98690 100370 168545 5510 20100 50600 73540 161500 132860 98980 92390 35080 34080 44060 84670 72630 141310 136450 14140 16160 52540 71040 121030 62600 0 105240 74040 168510 70840 13110 75200 88120 95940 68770 97540 111760 49810 92612 110900 89290 97330 102840 122600 160390 6210 80350 150120 11990 110210 144220 113620 174492 120492 48380 16800 97050 112520 18210 105540 44730 54210 69550 74171 
33010 69940 93750 73650 119000 80660 79170 79190 80160 85420 90520 117031 70030 70020 7630 97650 101620 95300 62850 51380 67430 34840 53750 13690 88810 83340 63890 22120 36430 51140 42250 114020 92130 60580 55660 73890 50460 105170 0 32420 67190 121390 97330 50960 46370 14180 48940 58731 50300 56740 23740 76260 59230 106220 124310 19080 101111 107650 53270 96480 109570 70210 82830 64430 98021 46460 59310 109630 46910 104880 87680 76040 66700 82100 42600 37710 
17090 59370 62560 81160 87920 105040 48090 72280 50940 80420 84360 101900 74501 69160 29030 102933 72400 64220 33891 43860 98430 60230 60770 21080 59851 54381 32420 15320 15360 82140 73250 82940 61020 30830 43290 69970 21501 73980 32630 0 95840 92431 66250 45420 50250 23090 22920 47740 50820 28610 24380 80760 59060 83460 99981 50080 104130 76460 49630 98340 78490 61180 84780 60510 107970 53970 33620 78550 54130 88660 56460 76010 35230 63040 25780 12090 
88120 128330 156530 67650 182810 38210 142800 103230 145650 136800 140900 142731 70840 122990 73350 86040 167780 155890 123060 110860 46780 37240 101980 80180 149010 143540 126610 88100 102920 63000 52080 177361 154950 120800 115800 97300 110130 167950 67120 95660 0 178490 160430 110310 100610 77100 106990 97370 75310 122790 78500 120490 112200 146800 165110 53400 100790 170430 109770 104190 172911 97150 87990 89180 67630 58620 125360 170220 96890 135420 150390 126220 127070 145930 106430 97930 
94410 140940 71970 131400 60850 168270 69070 84030 83940 165190 177701 73620 117370 153170 119380 139690 74630 59920 62890 127870 190730 144370 149360 111430 44530 52590 73990 106040 103610 175051 165731 63460 73140 67980 125840 90610 72840 70170 121910 93301 179350 0 64550 129430 137290 109720 77560 83460 102560 86680 105710 165790 143710 40030 37970 141090 118470 66270 134280 106000 60830 86920 113800 92500 158320 118740 93680 55040 144250 62690 70440 160580 67800 113770 109940 87170 
72590 85400 10200 137340 22190 164550 18970 103940 28890 110980 114770 114350 125970 100860 92620 157002 17860 7090 39010 75710 157841 124700 101150 84640 24580 21210 36490 76920 65330 139051 132861 17210 11340 41330 73210 108380 51010 13440 97490 66290 160350 65090 0 77370 90290 87780 57180 85350 100170 42060 83890 113070 91460 85730 93350 114850 147740 12450 82520 137470 12760 97560 131570 101540 164900 112922 46570 14020 99070 99870 13390 107710 34580 58100 66340 65260 
60940 20060 71040 120760 92490 129562 63430 115991 49600 39090 43870 147360 116330 25660 43740 145224 70510 78800 67970 2820 91843 84140 24190 43580 87270 80290 55500 43840 33220 69381 67460 86860 69500 64840 7930 114040 63640 74910 51040 45750 110490 126930 77580 0 13680 54250 67550 91511 94670 41900 63240 37380 15770 128530 144390 57270 146843 78860 5560 142220 84260 104891 128430 104580 146341 93570 36740 88470 22610 134940 64940 32510 61470 39450 20480 57520 
63060 29300 83800 116340 105250 121942 73060 113761 62360 40130 45230 147581 111910 24730 38960 140804 83270 89190 75280 15540 78413 76520 12730 39160 94620 87600 62810 41610 36850 55951 55420 99620 82260 72150 20650 111810 69060 87670 46260 50710 101080 134240 90340 13170 0 49830 72670 89281 90640 49710 58820 32300 13990 133490 149870 47860 142423 91620 11770 137822 97020 102661 124172 102350 138721 89150 48460 101230 9180 135590 77700 31170 68780 51170 27190 62480 
20840 73370 84100 68670 109050 84250 70090 69310 72940 89350 94450 105321 64240 73950 16010 92670 94400 83460 50680 54810 80440 38430 59220 11650 76640 71170 54220 17360 32940 65190 56300 104070 82560 48410 58570 64930 38290 95520 14320 22950 74040 109220 88000 54390 50000 0 36770 47021 42970 50610 12560 80760 63210 94050 111800 33130 94601 98000 56700 89060 99620 59150 75500 55470 95480 41480 53390 97790 52580 93170 78000 80090 54680 82140 41420 25540 
19630 81010 57710 80610 78490 108060 45200 56300 53890 102610 106550 81380 69240 91350 47680 100272 69050 52900 20120 65500 115780 71700 83271 39730 45840 40370 27160 34340 37210 99910 91020 73510 56170 18540 64930 56020 6920 68980 49040 22791 107310 76820 57440 67060 72100 36850 0 31240 43440 34740 30930 102950 80700 63570 79950 67850 95380 69760 71270 89590 69060 45200 77950 47270 108170 56990 41740 67230 76631 68960 51610 98200 24340 71120 47420 12810 
31070 105320 86750 56600 106620 89770 74240 25940 83100 126920 130860 58710 42570 113283 60491 75111 98090 81030 48740 89790 123971 65810 99703 53482 70090 67260 56730 53642 61290 109791 100871 101640 85210 47720 89220 25660 36130 97550 58891 47980 97430 82890 85570 91350 89453 47001 31250 0 22540 64310 35951 121293 102543 51760 69510 77701 65020 97890 94323 59230 97190 14840 47070 16390 83520 38720 71310 93620 93063 47880 80650 119963 53380 100690 71710 36930 
34070 108300 100560 38720 121340 68280 88050 29660 96740 129900 133840 69200 27160 114700 56320 58382 111900 95750 62970 92790 104730 44660 99970 52120 87000 83220 70010 56282 64290 97960 87960 116360 99020 61390 92220 24360 49770 111830 50380 50980 75480 102080 100290 94350 90480 44840 43300 22740 0 76760 32380 121510 103960 70950 88700 64940 54800 112610 96963 49010 111910 22520 35450 14900 66280 16770 82440 110080 93060 61380 94460 120840 67190 112970 74710 42650 
44090 52310 38470 108530 63720 132410 23890 89470 24710 76210 80150 112410 101871 65520 52020 130303 46170 40020 27900 40370 116171 87140 62510 44040 46100 39060 14270 36320 23660 97381 91191 58740 36850 25520 37870 89190 28510 49890 56890 28600 122750 85700 42050 42030 50440 50750 34740 64410 76700 0 51750 77730 56120 88630 101470 73770 128550 52370 47180 122760 54290 78370 111120 80440 135340 81340 7650 54350 57400 97930 32400 72370 20240 37030 24670 34530 
11700 81230 80972 60730 105010 83980 69442 57270 74110 98670 103770 93021 55590 83270 26740 84043 92312 79420 46640 64130 88800 42720 68540 21240 72590 67120 51292 25630 37220 74590 65700 100030 79432 44760 65150 52890 33710 92392 23720 24460 78330 105170 83960 63710 59320 12860 31030 35771 32460 51780 0 90080 72530 83460 101210 42530 84500 94872 66020 78710 95580 47110 65150 43430 87540 33540 57130 93750 61900 81920 74872 89410 50860 86420 47640 21630 
94870 35590 106280 147492 128780 149463 98670 146041 84840 19380 23480 181831 143410 17640 69600 172304 105750 115090 104120 37990 84312 104591 24800 70520 123460 116440 90760 73640 67880 62790 69760 123150 104740 100760 41410 144090 99190 110160 76900 80410 120640 163080 113870 36960 32520 81190 103100 121561 122140 77140 90180 0 21970 169961 188851 72640 174933 114100 32270 170332 120550 134941 155672 134630 166242 120650 71980 124760 30680 172531 100180 12860 97020 65540 55140 93070 
73920 17700 85190 129180 106640 134583 77580 126461 63750 26980 32080 160281 124750 11580 51740 153644 84660 92950 81550 16900 86602 89300 16090 51860 100890 93870 69080 54310 46200 64140 65780 101010 83650 78420 20320 124510 76720 89060 59040 58730 112660 140510 91730 15390 13750 62530 80630 101981 103480 55980 71520 22490 0 142550 157970 59440 155263 93010 10890 150662 98410 115361 137012 115050 151362 101990 50890 102620 17820 147920 79090 18260 75050 46100 33460 70500 
74190 143120 88920 96530 95750 133400 84590 49160 96140 169611 173551 34720 82500 153780 106400 100790 101890 80850 61940 127090 174870 115000 145541 98880 63900 65090 77100 94680 96290 160690 151770 94450 90090 64720 125730 55740 62750 96990 106110 83430 146940 39560 85800 128650 133480 94040 63510 51740 70840 88610 83170 170571 143161 0 19510 124920 79570 94470 132860 67100 91360 55200 77360 59930 122210 87020 95610 86160 138321 23790 86920 160661 70310 124600 107430 73060 
91920 157750 96630 114540 97610 151240 93610 67170 107350 188461 192401 44810 100510 177151 124180 116340 107530 86490 76020 143450 205662 132950 161901 116660 69800 72800 88970 112190 112650 178420 169500 100090 97800 80380 141580 73750 79110 102630 123840 100171 165360 37440 93290 145010 149840 111770 79870 69470 88570 101660 100900 189421 159521 19520 0 142650 95120 100110 149220 82650 97000 72930 92910 77940 137760 104750 108660 91800 154681 38720 95100 184381 82780 135810 123790 90790 
51740 74990 111070 79450 136430 78850 96600 93860 97450 85050 89730 134380 82360 69650 23200 105470 118910 112730 81181 57520 48400 33030 50390 31350 107141 101671 80930 39640 51640 34180 24030 131450 109530 78761 62460 88560 68791 122490 19000 49460 53420 140571 114760 56970 47270 32910 67670 77461 64970 74030 42470 71620 58860 125250 143140 0 112910 124970 56430 111150 127000 86940 97500 79100 96220 59090 75702 127060 43550 123710 104970 75050 83740 93100 54330 56440 
88070 161360 150720 36260 165420 66160 138840 47870 147700 184454 189534 56070 35191 166744 107092 22800 162720 143290 113340 145830 137790 81700 152014 103792 129870 129260 121330 109301 117270 140000 129080 161690 149810 112320 145260 40440 100730 160410 101152 103960 100670 118100 147830 146914 142524 96750 95850 65170 54970 128910 84290 174424 156004 79730 95070 112830 0 160150 149224 13150 158600 51410 21410 49850 45250 56530 135910 153400 145104 58350 145250 180154 117980 166170 127750 96650 
83882 87120 17590 149410 14250 175412 29390 116010 31060 111360 112520 124530 138040 102620 102940 169072 9130 19160 51080 77470 165430 135430 102910 94960 32610 33280 46630 87240 75650 145240 140380 8620 18730 53400 74970 120450 63080 5580 107810 76610 171080 67110 12170 79130 92050 98510 69250 97420 112240 52380 95182 114830 93220 94860 100370 125170 159810 0 84280 149540 6670 109630 143640 113610 176970 123062 52310 12150 100980 110050 20780 109470 46650 57490 73480 76741 
64980 19730 76180 122550 97630 130112 68570 118151 54740 35910 40690 151400 118120 21340 45530 147014 75650 83940 72610 7900 89553 84690 21060 45370 91950 84930 60140 46000 37260 67091 66170 92000 74640 69480 11960 116200 67780 80050 52830 49790 109820 131570 82720 5550 11550 56040 71690 93671 96850 47040 65030 32680 11070 132570 148950 56600 148633 84000 0 144032 89400 107051 130382 106740 146891 95360 41880 93610 20320 138980 70080 28020 66110 41440 24520 61560 
82200 155490 141290 40420 153890 73730 132720 36340 141580 179392 184472 44540 33930 161682 102010 34420 154260 133860 106040 139960 141220 85120 146952 98370 118340 119530 115210 103431 111400 143430 132510 150160 141500 106200 139390 34320 94610 150980 96070 98090 104100 106570 138400 141520 137462 90880 89730 59050 49100 122790 78420 169362 150942 68200 83540 110630 13080 150720 144162 0 147070 45290 16200 43980 55840 56890 129790 141870 140042 46820 138110 175092 111860 160050 121880 90780 
84260 92530 21740 149010 9780 177110 31180 114950 36260 117160 119390 121350 137640 108030 104870 168672 14930 16640 50680 82880 170091 136370 108320 96890 29430 32880 48521 89170 77580 150650 145111 4800 22880 53000 80380 119390 62680 11380 109740 78540 172971 61540 13120 84540 97460 99450 68850 97020 111840 54310 95560 120240 98630 91680 97190 127100 158750 6570 89690 146450 0 108570 142580 112900 176570 124640 57720 6580 106390 106870 24930 114880 46520 63290 78590 76930 
44590 119390 100130 47730 115980 84600 88250 12820 97110 140990 144930 51960 33700 126393 72750 61950 112100 92700 62750 103860 127020 66800 112813 66592 79310 78670 70740 66752 74810 120250 110100 111130 99220 61730 103290 11640 50140 109820 69810 61500 97530 86340 97240 105173 102563 59430 45260 14580 22640 78320 46970 134403 115653 55210 72960 86720 51000 109560 107433 45210 108040 0 34830 8580 74650 38820 85320 102840 106173 42550 94660 133073 67390 114700 85230 50790 
68720 142010 133100 26260 149920 59570 120590 33100 129450 163602 167550 53911 18540 148202 88530 29680 144440 126640 95090 126480 125150 68950 133472 84330 113250 112610 103080 89951 97920 127360 116440 145070 131560 94070 125910 23790 82480 143760 82590 84610 88030 113420 131180 128040 123982 77400 77600 46760 35620 110660 64940 155012 137462 77090 92430 97150 21290 143500 130682 16200 141980 34760 0 31340 47520 40720 117090 136780 126562 55380 127000 154342 99730 146840 108400 77300 
43780 118580 102700 40850 120350 77720 90190 15840 99050 140180 144120 55380 26820 125633 69090 59361 114040 97070 64690 103050 119000 58780 112053 64150 83680 83040 72680 65992 74000 112230 102080 115500 101160 63670 102480 10860 52080 113710 64500 60690 89320 91980 101610 104413 101803 55770 47200 16360 14970 80260 43310 133643 114893 59880 77950 79060 49860 113930 106673 44070 112410 8510 31320 0 67770 30610 87260 107210 105413 46800 96600 132313 69330 116640 84420 51360 
94450 165190 162862 28810 185680 29360 151332 78570 157460 177702 183972 98690 41690 162302 104021 25960 174202 160090 127310 147061 112470 63080 143042 104400 150680 147560 133182 111840 121160 116580 105660 180700 161322 125730 149090 69480 114110 174282 97670 107850 67500 158150 164630 146641 138951 98150 107640 83360 66040 135130 87380 165932 151512 122350 137690 95870 45230 176762 147211 55850 176250 74870 47350 67940 0 53800 140670 174420 136202 100970 156762 167702 131530 170020 131580 104380 
40650 111370 109062 27190 133960 51510 97532 45190 103660 128310 133410 84730 23570 112910 52490 51190 120402 108370 75590 93770 90370 30300 98180 50600 101540 96070 79382 58040 67360 87340 76920 128980 107522 73710 95290 39890 62660 120482 46370 54050 58710 118670 112910 93350 88960 44350 56980 39330 17270 81330 33580 119720 102170 87540 105290 59120 56170 122962 95660 56920 124530 39110 40720 31140 54000 0 86870 122700 91490 77290 102962 119050 79810 116220 77780 50580 
49720 46000 40480 113870 66170 135570 28540 96450 22790 70500 74440 119390 107211 59810 54630 135643 44190 44670 34830 34660 116821 89750 60100 46650 51180 45990 21200 38930 26270 98031 91841 60540 38940 32450 32160 96170 35490 48590 59500 33650 125360 92630 46650 36320 49040 53550 41720 71390 82330 7710 57090 72020 50410 95560 108400 75680 135530 52540 41470 129740 57860 85350 117010 87420 140680 86680 0 59000 56000 104910 34380 66660 27170 31380 23270 40160 
82310 96650 23760 147060 14070 174270 30380 109660 40380 122330 124850 116060 133790 112150 104660 164410 20390 14690 48730 87000 169881 134420 112440 96680 24140 30930 47640 88960 77370 151091 144901 9220 24900 51050 84500 114100 60730 16700 109530 78330 170070 55800 14400 88660 101580 97500 66900 93510 109890 54100 93610 124360 102750 86390 91900 126890 153460 12030 93810 141160 6590 103280 137290 107610 174620 122690 58750 0 110510 101580 26950 119000 44570 68750 78380 74980 
66990 35280 93570 117462 115020 119433 81270 118021 72130 43700 47800 151841 115530 29230 41350 143482 93040 97400 83490 25310 70263 74561 7700 42640 102830 95810 71020 45870 43160 47801 48840 109390 92030 80340 30420 116070 75370 97440 47160 55190 97370 142450 99430 22940 9950 53310 77790 93541 94260 57920 62300 30780 18440 139430 155810 44290 146043 101390 21350 141442 106790 106921 127792 106610 136212 92090 56670 111000 0 139850 87470 33120 76990 60940 35400 66960 
73300 148100 103030 80830 113680 114140 97520 35780 109050 176531 180471 14470 69500 158440 105860 79240 116000 95490 74150 132570 165960 105470 145552 98550 78130 79320 88930 96390 103520 159260 149340 109950 103240 76930 132000 42740 70260 112490 104680 88750 135460 62150 100030 134130 135302 92790 68980 47960 61660 97670 81740 172873 147790 23780 38910 123490 58020 109970 138340 45550 106860 42750 55660 47010 100660 76540 104670 101660 138912 0 99850 165290 82520 134400 113940 77680 
63912 72820 6880 130282 34350 155442 9670 104010 16490 98400 101990 114710 120690 88280 83020 151145 18700 15040 35630 63130 148241 115460 88570 75040 26330 22960 26660 67320 55730 129451 123261 29210 5340 35140 60630 105500 45730 18300 87890 56690 151070 69480 13420 64790 77710 78540 51900 80720 94890 32460 75212 100490 78880 87000 95180 105250 144860 20780 69940 137540 24920 94680 127430 96750 157092 103092 34660 26960 86640 100230 0 95130 27330 45600 56720 56771 
91220 25110 101270 146740 122720 151143 93660 143761 79830 12400 17450 182001 142310 7340 68750 171204 100740 109030 98890 33550 93192 106271 26860 69420 117500 111210 86040 71610 63500 71170 77050 117090 99730 95720 36310 141810 94180 105140 76050 76030 126110 157850 107810 32520 31220 80090 98090 119281 121040 72130 89080 12970 17790 160230 184401 76000 179953 109090 27890 175352 114490 132661 154572 132350 167922 119550 66970 118700 32880 165590 95170 0 92010 54950 50760 87800 
39530 72150 33370 104730 55990 130980 20860 78450 29720 96050 100240 97030 93360 85040 61640 124392 44710 30400 8300 59740 132220 91640 81230 53660 30370 22860 7440 45940 38370 115020 107040 51010 31830 7810 57710 78170 18400 44790 66510 35310 127250 66910 34710 61300 69160 54720 24570 53390 67560 20130 50830 97250 75580 70040 82680 83870 117530 47030 66150 111740 46560 67350 100100 69420 132290 79910 27130 44730 76120 82550 27270 91890 0 53440 43390 32200 
79200 32250 51520 143270 71250 161412 45490 127970 30000 55410 57930 149870 136611 49270 74730 165043 49230 59280 62040 37400 129350 115850 60990 73650 68910 64890 49620 67410 52850 107451 104370 65620 49980 61550 32510 127010 65080 54010 82030 63050 145920 113810 58060 39490 51750 82250 71310 100980 112930 37300 86490 65660 46200 124890 136070 93460 166270 57690 41540 160480 63590 114940 146910 117010 170080 116080 31610 68860 60680 135390 45420 54820 53740 0 43340 70970 
41300 34470 62940 105370 87580 121230 48360 96490 44690 55520 59460 126970 98711 44260 35210 127143 65600 64490 50580 18960 95440 75410 39810 31480 69920 62900 38110 28610 13580 76650 70460 81950 61320 47450 18390 94180 44100 70000 42510 26110 106400 109540 66520 20520 27740 41460 48010 71950 75030 25010 48190 55860 34160 107160 123540 54310 128350 73950 24730 122560 78760 85390 108990 84720 132180 78180 23760 78820 34700 114550 56870 51110 44080 43780 0 37880 
10220 71160 62621 77790 86210 101670 51091 61780 55720 92210 96150 90300 68460 80950 36530 98653 73961 60620 27840 55650 104480 62470 72560 28580 53790 48320 32830 23190 27150 88610 79720 81230 61081 25960 55080 61250 14910 74041 37740 12080 98080 86370 65160 57210 62040 25550 12740 36920 42660 34600 21520 92550 70850 73080 90830 56550 96690 76521 61420 90900 76780 50680 77340 51260 104600 50600 40280 74950 65920 77880 56521 87800 32060 70810 37570 0 

0 Ciudad_0 0 0 32400 0
1 Ciudad_1 534 3839 7244 1068
2 Ciudad_2 643 4376 8288 1286
3 Ciudad_3 424 22759 26892 848
4 Ciudad_4 400 4075 6602 800
5 Ciudad_5 443 8208 10646 886
6 Ciudad_6 460 6927 9927 920
7 Ciudad_7 194 8366 11391 388
8 Ciudad_8 364 23218 25563 728
9 Ciudad_9 190 5641 9744 380
10 Ciudad_10 430 9896 12413 860
11 Ciudad_11 177 17645 20744 354
12 Ciudad_12 412 9085 13771 824
13 Ciudad_13 561 7736 11666 1122
14 Ciudad_14 482 13553 18226 964
15 Ciudad_15 259 22987 25825 518
16 Ciudad_16 764 8505 11990 1528
17 Ciudad_17 750 23992 27033 1500
18 Ciudad_18 804 15990 20626 1608
19 Ciudad_19 701 16965 19976 1402
20 Ciudad_20 381 11949 14252 762
21 Ciudad_21 475 5384 7909 950
22 Ciudad_22 481 12672 16769 962
23 Ciudad_23 651 16573 20883 1302
24 Ciudad_24 415 4996 8495 830
25 Ciudad_25 277 13116 16318 554
26 Ciudad_26 116 9760 12279 232
27 Ciudad_27 394 24606 28363 788
28 Ciudad_28 190 9240 13364 380
29 Ciudad_29 468 4344 8058 936
30 Ciudad_30 665 5369 9198 1330
31 Ciudad_31 657 17248 20188 1314
32 Ciudad_32 569 15649 18384 1138
33 Ciudad_33 100 13093 15803 200
34 Ciudad_34 111 7950 9986 222
35 Ciudad_35 788 4314 7729 1576
36 Ciudad_36 705 20587 23640 1410
37 Ciudad_37 338 20674 24141 676
38 Ciudad_38 397 7268 10640 794
39 Ciudad_39 107 26079 28553 214
40 Ciudad_40 711 7985 11115 1422
41 Ciudad_41 349 20101 24870 698
42 Ciudad_42 559 3090 6950 1118
43 Ciudad_43 193 24292 29030 386
44 Ciudad_44 443 14521 16616 886
45 Ciudad_45 652 5071 8792 1304
46 Ciudad_46 559 7253 12197 1118
47 Ciudad_47 520 19648 22827 1040
48 Ciudad_48 569 21571 24153 1138
49 Ciudad_49 259 23197 28188 518
50 Ciudad_50 304 3503 8054 608
51 Ciudad_51 257 20292 24132 514
52 Ciudad_52 491 23223 26451 982
53 Ciudad_53 351 24684 28320 702
54 Ciudad_54 502 5193 7217 1004
55 Ciudad_55 415 5187 8599 830
56 Ciudad_56 803 18163 22890 1606
57 Ciudad_57 108 14224 16910 216
58 Ciudad_58 199 20833 23421 398
59 Ciudad_59 435 10599 15169 870
60 Ciudad_60 455 15001 19758 910
61 Ciudad_61 516 10997 14546 1032
62 Ciudad_62 446 15333 20225 892
63 Ciudad_63 714 10249 14569 1428
64 Ciudad_64 281 4075 6632 562
65 Ciudad_65 312 11228 15202 624
66 Ciudad_66 343 5520 9117 686
67 Ciudad_67 362 24525 28119 724
68 Ciudad_68 609 9319 12439 1218
69 Ciudad_69 651 18653 20960 1302
70 Ciudad_70 186 7985 11265 372
71 Ciudad_71 247 18502 20683 494
72 Ciudad_72 355 21343 24124 710
73 Ciudad_73 660 19474 23008 1320
74 Ciudad_74 526 19040 23214 1052
75 Ciudad_75 604 19757 22751 1208

0 0.065438 0.0465703 -0.0520718 0.0835555 0.0146129 -0.0362063 0.0948817 -0.0198137 -0.0845209 0.0230668 -0.0336727 -0.0220803 0.00568658 0.0249673 0.0896088 0.0187253 -0.0372343 0.0372763 0.0444875 0.0739354 -0.0971799 -0.0913842 -0.00518882 -0.0119204 -0.0201365 0.0209589 0.0663953 0.00250151 0.0454662 -0.0185943 0.0367857 0.0242598 0.02622 -0.0608705 -0.0910881 -0.0055306 0.0527886 -0.0252196 0.0601543 -0.0766479 0.0138604 -0.00529084 -0.0744567 -0.0736979 0.00989634 -0.0527812 0.0494712 -0.0715185 -0.0108981 0.0291393 0.0861765 0.077717 0.026716 0.0803584 -0.0977374 0.058521 -0.0512738 -0.0704891 -0.0972287 0.090906 0.0169997 -0.00385017 0.0483163 0.006036 0.0146269 -0.0978347 0.0775747 0.0376215 0.038245 0.00417832 0.0222506 0.0800349 -0.0970786 0.0327657 -0.00709483 
-0.065438 0 -0.0523888 -0.012553 0.0118303 -0.0531924 -0.0564888 -0.0221385 -0.0579294 -0.0295962 -0.00508918 0.0551344 -0.0968538 -0.00721436 -0.0942753 -0.0828632 -0.0873487 0.0970105 -0.00472246 0.0233724 -0.0216308 0.0343 -0.01659 0.0208032 0.0440782 0.0645825 -0.0492285 -0.0857856 -0.0311792 0.0861603 0.0224014 0.0195212 -0.014722 0.0925285 0.0990225 -0.0124974 0.0190783 -0.0802421 -0.00459229 0.0909239 0.0704013 -0.0974296 -0.0146249 -0.0349221 -0.00785885 -0.000325536 -0.0969439 0.0684102 -0.0828799 0.0180107 0.0582444 -0.0633588 0.0477443 -0.0505408 0.0027431 0.0413678 -0.0971796 0.0224995 -0.0724456 -0.00658552 0.0597201 0.0919207 0.0529955 0.0378848 -0.0623818 -0.0966826 -0.0728426 -0.0121713 0.0758511 -0.0814074 0.0183176 0.0204051 0.0468268 -0.0694237 0.0825423 -0.02341 
-0.0465703 0.0523888 0 0.0890297 0.096631 -0.031281 -0.0139165 -0.0788358 0.0274934 -0.0381892 0.0204416 -0.0074731 -0.0973508 -0.080064 0.0939042 0.0790575 0.0305926 -0.035232 0.0335953 0.0861362 0.0726599 0.051071 0.0284473 -0.0452589 -0.0017848 0.000859198 -0.0569516 -0.040054 0.0086621 -0.00842234 -0.0787986 0.0194227 0.00574712 -0.0912495 -0.0668258 0.0344333 0.0156095 0.0141066 0.0796921 -0.0989335 -0.0978124 0.0690297 -0.00168235 0.0943443 -0.0770935 -0.0608603 0.00700146 0.0283646 -0.0467083 0.036225 0.047587 0.0186424 0.0195442 0.0307081 0.0985368 -0.0962341 -0.0504546 0.0862725 -0.00345617 -0.0912877 -0.0996529 -0.0669027 -0.0796757 -0.0844336 0.0943132 -0.0969071 -0.0658647 0.0183249 -0.0338671 0.0189223 0.0504596 -0.0963888 -0.0588715 -0.0957741 0.0815135 -0.0710171 
0.0520718 0.012553 -0.0890297 0 -0.0136465 -0.0843901 0.0935219 0.0985534 -0.0596262 0.0615875 -0.0011858 -0.0487554 0.0872489 0.0350713 -0.0522201 -0.0714837 -0.0265963 -0.0566394 0.0824122 0.0645385 0.0514007 -0.0576381 0.0424298 0.0562799 -0.0868793 0.00433593 -0.055483 -0.0445883 0.0789968 0.0923254 0.0482502 0.0408133 -0.0511368 -0.019576 0.0494004 -0.0190948 -0.0975341 0.0985617 0.0195605 -0.0798346 -0.0889193 -0.0798592 0.0771566 0.0161089 0.0898932 0.0523253 0.00498483 0.0388556 -0.0400568 0.0190969 0.0664258 -0.0170102 0.0257953 0.000385128 -0.0408831 0.0873547 -0.0118188 -0.0918051 0.0555007 -0.0919296 0.0493215 0.0673304 0.0333954 0.00724094 0.0735255 0.0250991 -0.0147391 -0.0289664 0.0180313 -0.0622924 -0.0865683 0.0887833 0.0762671 -0.0913318 0.0810788 0.0547396 
-0.0835555 -0.0118303 -0.096631 0.0136465 0 -0.0640974 0.0942866 0.0233324 -0.0573719 0.0368329 0.0299526 -0.0185127 -0.00397211 0.0989733 -0.0279379 0.049834 0.0105262 0.00170128 -0.0549129 0.0454785 -0.0985573 -0.0733283 0.0302947 -0.0800048 -0.0923326 -0.0934357 -0.0627607 0.0521587 -0.0361119 0.0524966 0.0789993 -0.0764873 -0.00171731 0.0123064 -0.0254705 -0.0358599 0.0910317 0.0399621 -0.038104 -0.0852075 -0.0811218 -0.0950011 0.0132481 0.0832503 0.00561014 -0.00727593 -0.013635 -0.0158998 0.0246661 0.0719458 0.0660389 -0.0286644 0.021922 -0.0858898 0.0252569 -0.0540443 -0.0958227 -0.0829932 0.0931842 0.012663 0.099895 -0.0411333 -0.040984 -0.00626522 -0.0359824 -0.0699186 0.0550832 -0.069718 -0.0361457 0.0582159 0.0600427 0.00930616 0.0660335 -0.0146963 0.0827638 -0.0765212 
-0.0146129 0.0531924 0.031281 0.0843901 0.0640974 0 -0.0993132 -0.0404243 -0.071133 0.0620259 0.0567958 0.0437343 -0.0675961 0.0159419 -0.0666445 -0.0131202 -0.00854774 0.0876441 -0.0829837 0.0929153 0.0418557 0.0140706 -0.0151917 0.0702303 0.00438546 -0.0609114 -0.0743594 0.0317752 -0.0779739 -0.0162758 0.0167834 0.0850851 0.020939 -0.0781731 -0.0967971 0.0536608 0.0447474 0.0797855 0.0252388 0.0459581 -0.0244401 0.0168483 -0.0139956 0.0351013 0.0782706 0.0911672 -0.0926703 -0.0162427 -0.0358137 0.0973309 -0.0576701 -0.0849666 0.0456825 0.0388748 -0.035267 0.00330409 0.0992072 0.0752809 0.0214441 0.0780879 -0.0512085 -0.051673 -0.0728272 0.0898422 -0.0325833 0.0229013 0.00232473 0.0841525 0.0910154 0.0213948 0.0600961 0.0386946 0.0863196 0.0820541 0.0936101 -0.0830008 
0.0362063 0.0564888 0.0139165 -0.0935219 -0.0942866 0.0993132 0 0.0819738 -0.0514329 0.0508301 0.014889 0.0825512 0.0493216 0.0518086 0.0265336 -0.0425372 0.0471072 0.0149954 -0.0621417 -0.0365033 -0.0790449 0.0200569 0.0186195 0.0283876 -0.0843106 0.0317358 0.0923711 0.0759258 0.0349398 0.0904389 0.097844 0.0768483 -0.0211765 -0.0945108 -0.0197734 -0.0122631 -0.0890451 -0.0519349 -0.00361858 0.0266149 0.0952302 0.0959975 0.093375 0.0748784 0.0959562 -0.0656244 -0.0552821 0.0838632 -0.0369493 0.0269257 -0.0295309 0.0567084 0.0206727 0.0609247 0.00843759 -0.0820671 0.0201372 0.0861239 -0.0877189 -0.0436548 0.0691043 -0.0696946 -0.015766 -0.0421761 0.0803311 0.0556311 0.0756222 -0.0646677 0.00813967 -0.0342643 -0.044325 0.0369277 0.00733493 -0.0408907 -0.0120845 -0.0863679 
-0.0948817 0.0221385 0.0788358 -0.0985534 -0.0233324 0.0404243 -0.0819738 0 0.0852314 -0.0813103 -0.0370151 0.0344317 0.00475539 -0.0638052 0.0204685 0.0117103 0.0633375 0.0256915 0.0377008 0.0576022 -0.0390437 -0.00955042 0.0625819 -0.0392232 -0.0540009 -0.0784071 -0.0406835 0.0577718 -0.00269961 -0.0789398 -0.0192102 0.0662537 0.0723793 0.0289866 -0.0515142 0.0853922 0.0207067 -0.0325385 -0.0861186 -0.00100219 -0.0918554 0.0930299 0.0390187 -0.0220474 -0.0103659 -0.0939199 0.0229664 -0.00201707 0.0944917 -0.0602859 -0.0327082 -0.00246403 0.0575228 0.0207871 -0.0296926 0.0532558 -0.0388888 0.0339319 0.0952021 0.0209168 -0.054389 0.0692166 -0.0996901 -0.0356508 0.032881 -0.0598324 0.0450917 -0.0931511 0.0741835 0.0181711 0.057022 -0.0542817 -0.0560807 0.0446974 0.0670851 -0.0801772 
0.0198137 0.0579294 -0.0274934 0.0596262 0.0573719 0.071133 0.0514329 -0.0852314 0 -0.0952932 0.0711016 0.00701204 0.0691147 -0.0605107 0.0173628 -0.0922484 -0.00790706 0.0983563 0.040599 0.0302879 -0.0565412 0.0182089 0.0907876 -0.00602717 -0.0348264 -0.0763347 0.0453509 0.0730436 -0.0606505 0.0537968 0.0100858 0.0181836 -0.0677851 -0.0308182 -0.0586849 -0.0537879 0.0498381 0.0375633 0.0246342 0.0632714 -0.0552765 -0.0777751 0.0169078 -0.0691931 0.090827 0.0212826 0.0151062 -0.017672 0.00533863 0.0225004 -0.0905449 -0.0461625 0.0778726 -0.0983482 -0.0293967 0.0306044 -0.0305784 -0.0458889 0.0744581 -0.0476105 -0.0131881 -0.0985812 0.0415779 -0.0236834 -0.0162934 -0.0743711 0.0841389 0.0795669 0.0351859 -0.0143481 0.0754986 -0.0171642 0.0260021 0.0967545 0.091923 -0.0332864 
0.0845209 0.0295962 0.0381892 -0.0615875 -0.0368329 -0.0620259 -0.0508301 0.0813103 0.0952932 0 -0.0962409 0.0386227 -0.0323237 0.0982199 -0.0621546 0.0135071 -0.0222601 -0.0230662 -0.0163988 0.0587506 -0.0753445 0.0186809 -0.0784898 -0.0781708 0.00754849 -0.0560307 0.00314962 -0.0133933 -0.0160635 -0.026337 -0.0191829 -0.0200569 -0.0775678 -0.0447745 -0.0932286 -0.0947431 0.0196489 -0.0621788 -0.0201196 -0.0972217 -0.0472623 -0.0195897 -0.0696182 0.0369717 0.068069 0.0844948 0.0502585 0.000620788 0.00369092 0.078193 -0.00953537 -0.0688726 0.0273145 -0.0437258 -0.0940967 0.0473679 -0.0188745 0.0310093 -0.0894772 -0.00197592 -0.0555051 0.00863284 -0.0836778 -0.0829127 -0.0813199 0.0965601 0.0283159 -0.0997948 0.0610821 -0.0915638 0.0504848 -0.0510535 -0.0980949 -0.0723652 -0.0910232 0.0735867 
-0.0230668 0.00508918 -0.0204416 0.0011858 -0.0299526 -0.0567958 -0.014889 0.0370151 -0.0711016 0.0962409 0 -0.0355303 -0.062651 0.0677781 0.0491955 -0.0284322 0.0579282 0.0486773 0.0422109 -0.0745602 -0.0968114 0.0771574 -0.0213875 0.0180486 0.0323867 -0.0083039 -0.00224773 0.0750338 -0.0768585 -0.0663994 0.0292234 -0.0757488 -0.027425 0.0150381 0.0489041 -0.0476856 -0.0759274 -0.0292841 -0.0210822 0.0603616 0.0168542 -0.00440158 -0.0202948 0.0515644 0.00783268 0.0684145 0.00115255 0.0493531 -0.017126 -0.0406873 0.031987 0.0127675 0.0985529 0.0681928 0.0980175 0.0816012 -0.0517021 0.0267655 0.0795901 -0.0865766 -0.0318728 0.0772528 -0.0323488 -0.09433 -0.0802724 0.00121305 0.062993 0.0256846 -0.0839158 0.0361154 -0.0495803 -0.0817634 -0.0547964 0.0520278 0.0618629 -0.0691934 
0.0336727 -0.0551344 0.0074731 0.0487554 0.0185127 -0.0437343 -0.0825512 -0.0344317 -0.00701204 -0.0386227 0.0355303 0 -0.0272468 0.011935 -0.0766081 0.0256791 -0.0145907 0.087084 -0.0473581 -0.0277052 0.00130355 -0.0886813 0.087645 0.0671333 0.0263412 0.0470476 0.000341896 0.0942592 -0.0485376 0.0684549 -0.0415695 0.0782621 0.0747506 -0.0426699 -0.0987982 -0.00908713 0.0984699 -0.0933549 -0.0459836 0.0311041 0.04427 -0.0743795 0.0580387 -0.00885543 -0.00453668 -0.0367283 -0.0972351 -0.0116457 0.0325767 0.0768944 -0.0438559 0.0673079 -0.0630053 0.0394167 -0.0502004 0.0134312 0.0703534 0.0383508 0.0301078 0.0927127 0.0818 -0.0621961 0.053998 -0.0485182 0.0156755 -0.0351328 0.0881924 -0.00400905 -0.00672545 -0.0317343 0.0531762 0.0314468 0.00967708 0.0659184 0.00559213 0.0171794 
0.0220803 0.0968538 0.0973508 -0.0872489 0.00397211 0.0675961 -0.0493216 -0.00475539 -0.0691147 0.0323237 0.062651 0.0272468 0 0.0629964 0.0384426 0.0687617 -0.00114605 -0.00505941 0.000360989 -0.0195967 0.0667516 0.0662505 -0.0969516 -0.0259335 -0.0881748 0.0462652 0.0103027 0.0221598 -0.0563555 0.0207667 0.03782 -0.0469053 0.0948635 0.0640659 -0.0680626 -0.0371496 -0.00814138 0.0548085 0.0611251 0.0248644 0.00455135 -0.00174007 0.0879693 -0.039456 0.096557 0.00759772 0.0358458 0.0499931 -0.00253457 0.031692 -0.0839958 -0.0630656 0.012086 -0.07148 0.0441478 0.0466329 0.0127963 0.0209609 -0.0508275 0.0525917 0.0495438 0.0842511 0.0151094 -0.0054988 0.00178107 0.00523826 -0.0609548 0.0971023 -0.0564718 0.0280811 0.00732867 -0.00146714 0.00330889 -0.050451 0.0370965 -0.0477987 
-0.00568658 0.00721436 0.080064 -0.0350713 -0.0989733 -0.0159419 -0.0518086 0.0638052 0.0605107 -0.0982199 -0.0677781 -0.011935 -0.0629964 0 0.0529082 0.0495909 -0.0599149 0.0198235 0.0248688 -0.0180246 -0.0758459 0.0723642 -0.0925414 0.0863765 -0.0186934 -0.0435478 -0.0246174 0.056546 -0.0232624 -0.0744824 -0.00700258 0.0735137 -0.0363758 0.0566061 0.0143577 -0.0638386 -0.00820378 0.0492599 0.0690577 0.0867817 -0.0254417 -0.0146959 -0.0144762 -0.0687074 0.0756344 -0.0056601 -0.0287886 0.0601782 -0.0429593 0.0365004 0.0952677 -0.0295652 0.0856353 -0.0199881 0.0393086 0.0323195 0.080209 -0.0331492 0.0624195 0.0699332 -0.0472783 0.0979009 -0.0491953 -0.0274237 0.0566255 0.0964924 -0.0716111 -0.030852 -0.000721647 0.0999297 0.0978864 0.0517096 0.0748097 -0.0763249 -0.0159799 0.0653672 
-0.0249673 0.0942753 -0.0939042 0.0522201 0.0279379 0.0666445 -0.0265336 -0.0204685 -0.0173628 0.0621546 -0.0491955 0.0766081 -0.0384426 -0.0529082 0 -0.0912646 0.00377695 -0.0223789 -0.0186741 0.0725158 -0.0440965 0.0760708 -0.0128145 0.00197933 -0.0243467 -0.090441 -0.0174272 -0.0586815 -0.0485225 0.0441737 -0.0575156 0.011731 -0.0485978 -0.0415842 0.0630178 0.0971745 0.0611025 0.0635538 0.0451899 0.0276286 -0.00482783 -0.0474385 -0.00951613 0.0757048 -0.0768013 0.0683287 -0.0932428 0.058059 0.0102862 0.000190988 0.0475188 -0.0583116 0.0439915 0.0533777 -0.0239962 -0.00581726 0.0981557 0.0408891 0.0510602 -0.0736111 0.00443204 -0.078951 -0.0699768 0.0827283 -0.0172645 0.0308873 0.00198121 0.0691055 -0.0961975 -0.0542433 0.000846151 0.00649399 0.0872979 0.0596745 -0.048036 0.0132758 
-0.0896088 0.0828632 -0.0790575 0.0714837 -0.049834 0.0131202 0.0425372 -0.0117103 0.0922484 -0.0135071 0.0284322 -0.0256791 -0.0687617 -0.0495909 0.0912646 0 -0.0630102 -0.0161576 -0.091446 0.0754886 0.04891 0.0803738 -0.0569726 -0.0310622 0.0147859 0.0794682 -0.0706418 -0.0593024 -0.0650792 -0.082021 0.00195237 -0.00721573 0.0598359 0.0775502 0.0483974 -0.0356741 -0.0910897 -0.0245737 -0.0374764 -0.0904938 -0.0532814 -0.0557357 -0.0396756 -0.0317628 0.0364083 -0.001987 0.000841282 -0.0954969 -0.037358 0.0616624 0.0942792 -0.0654427 0.0859165 -0.0546568 -0.0631477 0.0147132 -0.0905996 -0.0541176 -0.00767801 -0.0550809 0.0935231 0.0256224 -0.0656769 -0.00545267 0.0653109 -0.0519262 -0.0767751 -0.0268304 0.0229858 0.00498556 -0.0770733 0.02176 -0.0224603 -0.0842989 -0.0350053 0.0899648 
-0.0187253 0.0873487 -0.0305926 0.0265963 -0.0105262 0.00854774 -0.0471072 -0.0633375 0.00790706 0.0222601 -0.0579282 0.0145907 0.00114605 0.0599149 -0.00377695 0.0630102 0 -0.0499557 -0.0407949 -0.084277 0.0652644 -0.09128 0.0512621 -0.00211051 -0.0756201 -0.0655465 0.0917279 -0.0646503 -0.0949598 0.0062121 -0.0564638 -0.0634747 -0.0187384 0.0599246 -0.0594203 -0.0998685 0.0910958 0.0624172 -0.079533 -0.0558376 -0.068701 -0.0820113 -0.0769801 0.00384502 -0.0149001 -0.0269791 0.0339843 -0.0302682 -0.0773913 -0.072185 0.061401 -0.0850839 -0.0539508 0.0479926 -0.0433959 -0.00410782 0.0914185 -0.0157764 0.0139418 0.0583283 0.0366251 -0.00742662 0.0940803 -0.0195261 0.0304615 -0.0889787 0.068119 -0.0948144 0.0627452 0.0536299 0.0288081 0.098718 -0.0418469 -0.0101398 -0.0232123 -0.0349617 
0.0372343 -0.0970105 0.035232 0.0566394 -0.00170128 -0.0876441 -0.0149954 -0.0256915 -0.0983563 0.0230662 -0.0486773 -0.087084 0.00505941 -0.0198235 0.0223789 0.0161576 0.0499557 0 0.0434988 -0.0360671 0.0521784 0.0667614 0.058916 0.0678819 0.00697282 -0.0899348 -0.0263112 0.0340904 0.0790946 0.0235744 -0.0885028 0.0983704 0.0538198 0.0316723 -0.0676611 -0.0925294 0.0751947 -0.0176149 -0.00680808 -0.000555793 0.0898652 -0.00678037 0.00203306 0.090583 0.0748017 -0.0979529 0.0053821 0.0925926 0.0611655 -0.0860009 0.0586677 0.0778663 0.0937275 0.0446838 -0.0525189 -0.0541105 0.0028723 -0.0579093 -0.0640726 -0.0879519 -0.088649 -0.0438684 0.0543148 0.0279618 -0.0940855 0.0273972 -0.0254636 0.0873081 0.00728556 -0.00172663 -0.0803561 0.0503247 -0.0430849 0.0756115 -0.0561353 0.00283438 
-0.0372763 0.00472246 -0.0335953 -0.0824122 0.0549129 0.0829837 0.0621417 -0.0377008 -0.040599 0.0163988 -0.0422109 0.0473581 -0.000360989 -0.0248688 0.0186741 0.091446 0.0407949 -0.0434988 0 0.0217321 -0.0685804 -0.0719215 0.00991013 -0.0893615 -0.0584674 0.00785629 0.0369769 -0.0603623 0.046061 0.0375259 -0.0183779 0.064014 -0.00280018 -0.0765999 -0.0961116 -0.0367342 -0.0487776 -0.0120905 0.0899369 0.0680645 0.0650881 -0.0770207 -0.00391551 -0.0638576 0.0337776 0.076771 -0.0541011 -0.0965596 -0.0123656 -0.0895036 -0.0111611 -0.066817 0.0598721 0.00518939 -0.0698772 0.0391399 -0.0593014 -0.0656838 -0.0665349 0.0946011 -0.0662764 -0.0104619 0.0626197 -0.0536593 0.0594983 -0.0808681 -0.0547424 -0.0745674 0.0288194 -0.0854304 -0.0266483 0.0667504 0.0557411 0.063081 0.0146202 0.0956599 
-0.0444875 -0.0233724 -0.0861362 -0.0645385 -0.0454785 -0.0929153 0.0365033 -0.0576022 -0.0302879 -0.0587506 0.0745602 0.0277052 0.0195967 0.0180246 -0.0725158 -0.0754886 0.084277 0.0360671 -0.0217321 0 0.0375513 -0.0764324 -0.0928952 -0.0169281 -0.0833845 -0.0165818 0.0997425 0.0952626 -0.00608547 0.0605582 -0.0640805 -0.0193471 0.00825341 -0.0485391 -0.0796858 0.0547843 -0.0483142 -0.0411009 0.0764508 0.0304733 0.0681551 -0.0452101 0.0259073 -0.0580704 -0.0798103 -0.0656195 -0.0389901 -0.0478753 0.0094896 -0.0324456 0.0512226 -0.0655188 -0.0831399 -0.0577416 -0.0446228 0.0720746 -0.0309363 -0.0044715 0.029502 0.0870107 -0.00640207 0.0332947 -0.0596042 -0.0907903 0.0292518 -0.0630666 -0.0150623 -0.0905775 0.0296702 -0.000466072 -0.0793086 -0.0574402 0.0750121 0.0524156 0.00838537 -0.0842862 
-0.0739354 0.0216308 -0.0726599 -0.0514007 0.0985573 -0.0418557 0.0790449 0.0390437 0.0565412 0.0753445 0.0968114 -0.00130355 -0.0667516 0.0758459 0.0440965 -0.04891 -0.0652644 -0.0521784 0.0685804 -0.0375513 0 -0.0803714 0.0518808 0.0216341 0.0113355 0.0377371 0.0148624 -0.00532197 0.091973 -0.058864 -0.0347154 0.0842058 0.0417562 -0.0484774 0.0190437 0.041183 0.0127563 0.0720861 0.0124138 0.0522684 -0.0479415 0.0919321 -0.0315688 0.0922968 -0.00982086 -0.0112893 -0.0715904 0.0402021 -0.00437765 0.0278843 0.0357395 -0.000619546 -0.0805956 0.0149281 -0.0295087 0.00221756 -0.0897767 0.0187961 -0.0826895 0.00466705 0.0271172 -0.00842478 -0.00590032 -0.0382397 0.0213412 0.0162872 0.0465971 -0.00115935 -0.00728663 -0.0658436 -0.0286973 0.0459081 -0.0121676 0.0874295 0.0964377 0.067073 
0.0971799 -0.0343 -0.051071 0.0576381 0.0733283 -0.0140706 -0.0200569 0.00955042 -0.0182089 -0.0186809 -0.0771574 0.0886813 -0.0662505 -0.0723642 -0.0760708 -0.0803738 0.09128 -0.0667614 0.0719215 0.0764324 0.0803714 0 -0.0574785 0.0919131 0.0165314 -0.0576973 0.0783225 -0.00233419 -0.0109416 0.00197687 -0.00538566 -0.0264374 -0.0414442 -0.0219927 0.0325533 0.0845897 0.0368589 0.00326695 0.0283929 -0.0751846 0.0956541 0.0514995 -0.0260944 -0.0624072 -0.0017454 0.0836591 -0.0839609 -0.0699241 -0.0160039 -0.00552725 0.0123467 0.0853391 -0.0633066 0.0720253 0.015525 0.0775918 -0.0930054 0.0125773 -0.0876996 0.0243492 -0.0444382 0.0895529 -0.0677307 0.0746511 0.0488388 -0.0849264 -0.0536912 0.0757995 0.0389943 -0.0768807 0.0161752 0.0650203 0.0757331 -0.038553 -0.00520746 0.00360194 
0.0913842 0.01659 -0.0284473 -0.0424298 -0.0302947 0.0151917 -0.0186195 -0.0625819 -0.0907876 0.0784898 0.0213875 -0.087645 0.0969516 0.0925414 0.0128145 0.0569726 -0.0512621 -0.058916 -0.00991013 0.0928952 -0.0518808 0.0574785 0 -0.0611244 0.0106692 0.08755 0.0842587 -0.0555718 0.0228689 0.0756756 -0.0329471 0.0483713 0.0868585 -0.0448302 0.0821889 -0.0245767 0.0525362 0.000254353 -0.0525174 0.0622467 0.00425188 -0.0608431 0.0978972 0.0568921 0.0872613 0.0302131 0.0806363 0.0468019 0.0222999 -0.0663787 -0.00792409 -0.0978873 -0.0638704 -0.051042 -0.0511934 0.0976796 -0.0106588 0.044809 -0.0116457 -0.0415888 0.0230342 -0.0830447 -0.0428286 -0.0815239 -0.049775 -0.0791332 -0.0767367 -0.0827601 -0.0684661 0.0293558 0.0550372 0.0815077 -0.0155616 0.0779686 0.0016759 -0.0814483 
0.00518882 -0.0208032 0.0452589 -0.0562799 0.0800048 -0.0702303 -0.0283876 0.0392232 0.00602717 0.0781708 -0.0180486 -0.0671333 0.0259335 -0.0863765 -0.00197933 0.0310622 0.00211051 -0.0678819 0.0893615 0.0169281 -0.0216341 -0.0919131 0.0611244 0 -0.0457205 0.0254256 -0.0385558 -0.0478013 -0.0781272 0.0629643 -0.0190239 0.0972081 -0.00624771 -0.0426512 0.0562053 0.0621082 0.0570827 0.0569687 0.0129933 0.0846021 -0.0751978 -0.0900421 0.0715404 -0.0341217 -0.0578741 0.0990413 0.0721073 0.0295161 0.0539693 0.0947725 0.0455024 0.0632289 0.0659217 -0.0726597 0.0367302 0.0246033 0.0158957 0.00251915 0.00429196 0.071686 -0.00233509 -0.0186152 -0.0140725 0.0603425 0.066236 0.027294 0.00666129 -0.0966939 0.0661116 0.0859343 -0.0828859 0.0857251 -0.00739318 0.0600654 0.0910847 0.00116082 
0.0119204 -0.0440782 0.0017848 0.0868793 0.0923326 -0.00438546 0.0843106 0.0540009 0.0348264 -0.00754849 -0.0323867 -0.0263412 0.0881748 0.0186934 0.0243467 -0.0147859 0.0756201 -0.00697282 0.0584674 0.0833845 -0.0113355 -0.0165314 -0.0106692 0.0457205 0 0.0552305 -0.00609917 -0.0391533 0.0815008 -0.0646323 0.0300924 -0.0816387 0.0430125 0.0993025 0.0420919 -0.0275545 -0.00185175 -0.0784423 -0.0789108 -0.0125331 -0.0946203 0.0915978 -0.0709204 0.0146436 -0.0421544 -0.022674 -0.0804336 -0.0910836 0.0211755 0.00788016 0.0201795 -0.0671158 -0.0825699 0.00696892 -0.0875836 0.0390576 0.0905122 0.0968229 0.052842 0.0327767 -0.0946495 0.0220067 0.00623279 0.0328708 0.0104882 -0.0889299 -0.0135402 -0.0538271 -0.0917954 -0.0680769 -0.024811 -0.0173314 -0.0738223 -0.0297524 0.0199389 0.0986338 
0.0201365 -0.0645825 -0.000859198 -0.00433593 0.0934357 0.0609114 -0.0317358 0.0784071 0.0763347 0.0560307 0.0083039 -0.0470476 -0.0462652 0.0435478 0.090441 -0.0794682 0.0655465 0.0899348 -0.00785629 0.0165818 -0.0377371 0.0576973 -0.08755 -0.0254256 -0.0552305 0 -0.0792378 -0.0995632 0.0120442 0.00238523 0.022372 0.0896146 -0.0275353 0.0660993 -0.0331499 0.057365 -0.0884552 -0.0259602 -0.0860708 -0.00706372 -0.0661279 -0.0261973 -0.0487052 0.055862 -0.00474811 -0.0254481 0.0388889 -0.081585 0.000731151 -0.0394519 -0.0235224 0.0067372 -0.0599022 0.0113492 -0.0392223 -0.0490563 -0.00984407 0.0951024 0.0755738 0.0887561 0.0944856 -0.0107186 0.027277 0.0236906 0.0986438 -0.0659876 -0.0667977 -0.0596227 0.0290406 0.0510765 0.0524452 -0.0701369 0.0976665 -0.000969381 -0.0185406 -0.0933612 
-0.0209589 0.0492285 0.0569516 0.055483 0.0627607 0.0743594 -0.0923711 0.0406835 -0.0453509 -0.00314962 0.00224773 -0.000341896 -0.0103027 0.0246174 0.0174272 0.0706418 -0.0917279 0.0263112 -0.0369769 -0.0997425 -0.0148624 -0.0783225 -0.0842587 0.0385558 0.00609917 0.0792378 0 -0.0296512 0.0835223 -0.0766587 0.096739 -0.00700493 0.0737145 -0.0807366 0.0790266 -0.0751708 -0.0318759 0.0388954 -0.0396636 0.0279721 0.0468707 -0.0171849 -0.0324291 0.0377645 -0.0045791 -0.0383252 0.0593985 0.0782027 -0.0435468 0.0378041 -0.046579 0.0634704 0.0607116 0.00390009 0.0367964 0.0819057 0.000978828 0.00209336 0.033334 0.00643014 -0.0653866 -0.0286899 0.0944081 0.0673952 -0.0250595 -0.0150975 0.0679153 0.087018 0.0729023 -0.0626822 0.0116425 -0.0395469 0.0259596 -0.041922 0.0150429 -0.0703603 
-0.0663953 0.0857856 0.040054 0.0445883 -0.0521587 -0.0317752 -0.0759258 -0.0577718 -0.0730436 0.0133933 -0.0750338 -0.0942592 -0.0221598 -0.056546 0.0586815 0.0593024 0.0646503 -0.0340904 0.0603623 -0.0952626 0.00532197 0.00233419 0.0555718 0.0478013 0.0391533 0.0995632 0.0296512 0 -0.0772354 0.0158385 0.0233858 -0.068979 0.0645633 0.0851112 -0.0172371 -0.0473219 0.0763481 0.0694093 -0.0724316 -0.0604271 0.0181297 -0.0562833 -0.00553364 -0.0778388 -0.0502315 -0.0604217 0.03851 0.0748262 0.0414459 0.0351512 -0.0422046 0.0926874 -0.0389257 -0.0759922 -0.00216161 0.0202192 -0.0955067 -0.0417032 -0.0971809 -0.0718475 -0.00308399 0.027811 -0.0172539 0.00866581 -0.017131 -0.0833424 -0.0298029 0.0437107 0.0938698 -0.0935025 0.0727939 -0.00387415 0.062081 -0.0703016 -0.0553051 -0.0720065 
-0.00250151 0.0311792 -0.0086621 -0.0789968 0.0361119 0.0779739 -0.0349398 0.00269961 0.0606505 0.0160635 0.0768585 0.0485376 0.0563555 0.0232624 0.0485225 0.0650792 0.0949598 -0.0790946 -0.046061 0.00608547 -0.091973 0.0109416 -0.0228689 0.0781272 -0.0815008 -0.0120442 -0.0835223 0.0772354 0 -0.0184465 0.0271366 0.0490353 -0.00920985 0.0531893 -0.0595446 -0.00408816 -0.038339 -0.00151955 0.0352681 0.00363239 -0.0540985 -0.0501787 -0.0279615 0.0258458 0.0436957 -0.0136269 0.0410664 -0.0476371 -0.0127166 -0.0103246 -0.0553978 -0.0179159 -0.0933863 0.0799621 -0.097117 -0.0887074 0.056615 -0.0465706 -0.012325 -0.0790392 -0.057423 -0.015567 0.0847959 -0.0448535 -0.035192 -0.0573746 -0.0661121 0.0350727 -0.0487066 0.0547156 -0.0132248 0.0148632 0.0221453 0.0476298 0.0746504 -0.0634423 
-0.0454662 -0.0861603 0.00842234 -0.0923254 -0.0524966 0.0162758 -0.0904389 0.0789398 -0.0537968 0.026337 0.0663994 -0.0684549 -0.0207667 0.0744824 -0.0441737 0.082021 -0.0062121 -0.0235744 -0.0375259 -0.0605582 0.058864 -0.00197687 -0.0756756 -0.0629643 0.0646323 -0.00238523 0.0766587 -0.0158385 0.0184465 0 0.0314716 -0.0505399 0.0813125 -0.000110961 -0.0463371 -0.0488268 -0.0450203 0.0118899 0.0858415 0.0455206 0.0156903 0.033173 0.0733018 0.0392962 0.0430941 0.0555445 -0.0599879 0.0826241 0.0377278 -0.00086986 0.0888786 -0.0150092 0.017613 -0.0771062 0.0114084 -0.0191425 0.0527302 -0.0743956 -0.0448604 0.0368282 -0.0100383 0.0309435 0.0695977 -0.0771243 0.0443031 -0.0867406 -0.0766613 0.0103545 -0.0828026 -0.0131738 0.0188973 -0.0298808 0.099009 0.0403032 0.0379225 0.0907184 
0.0185943 -0.0224014 0.0787986 -0.0482502 -0.0789993 -0.0167834 -0.097844 0.0192102 -0.0100858 0.0191829 -0.0292234 0.0415695 -0.03782 0.00700258 0.0575156 -0.00195237 0.0564638 0.0885028 0.0183779 0.0640805 0.0347154 0.00538566 0.0329471 0.0190239 -0.0300924 -0.022372 -0.096739 -0.0233858 -0.0271366 -0.0314716 0 -0.0668881 0.0650549 0.0583354 0.0392495 -0.00225671 0.0764179 -0.0340346 -0.0982471 0.082354 -0.0406649 -0.0507319 0.099463 -0.0310311 0.0992026 0.0957762 -0.0667361 0.0693962 -0.0634984 -0.0743283 0.0150334 0.0245241 0.0638692 0.094299 0.0667808 -0.0476029 0.038466 0.0206173 -0.00499312 0.0103654 0.0395365 0.00890771 -0.0352673 0.0898818 0.0931267 0.0428815 -0.0791969 -0.0744331 0.0757042 0.0321448 -0.0427628 -0.090111 -0.0168592 0.0510525 -0.0161336 -0.0975833 
-0.0367857 -0.0195212 -0.0194227 -0.0408133 0.0764873 -0.0850851 -0.0768483 -0.0662537 -0.0181836 0.0200569 0.0757488 -0.0782621 0.0469053 -0.0735137 -0.011731 0.00721573 0.0634747 -0.0983704 -0.064014 0.0193471 -0.0842058 0.0264374 -0.0483713 -0.0972081 0.0816387 -0.0896146 0.00700493 0.068979 -0.0490353 0.0505399 0.0668881 0 -0.0122032 0.0377005 0.0241616 0.021085 -0.0334191 -0.0540278 -0.0577529 0.066254 0.0195055 -0.0611925 0.0512173 -0.0499032 -0.00677044 0.0553504 -0.0694173 -0.0292263 0.08629 -0.0549761 -0.06879 -0.0343651 0.00890248 -0.043284 0.0423475 0.0790079 -0.0356466 -0.0883881 -0.0267292 0.0603712 -0.0382723 0.0945597 -0.0144084 -0.0796199 -0.0935109 0.0831729 -0.0108556 -0.0340577 -0.0160643 0.0272201 0.0513689 0.0517184 -0.00875696 0.053794 0.0845202 0.0589978 
-0.0242598 0.014722 -0.00574712 0.0511368 0.00171731 -0.020939 0.0211765 -0.0723793 0.0677851 0.0775678 0.027425 -0.0747506 -0.0948635 0.0363758 0.0485978 -0.0598359 0.0187384 -0.0538198 0.00280018 -0.00825341 -0.0417562 0.0414442 -0.0868585 0.00624771 -0.0430125 0.0275353 -0.0737145 -0.0645633 0.00920985 -0.0813125 -0.0650549 0.0122032 0 -0.0521442 -0.0285177 0.0975278 0.0830244 0.0498118 -0.0732635 -0.0623436 -0.042028 0.0617043 -0.0933321 0.00650409 0.0817185 0.0683307 0.0761462 0.0709347 -0.0136323 0.0487769 -0.0550665 -0.080617 -0.0293641 -0.000295962 -0.060902 0.0792867 -0.0733172 0.0573079 -0.0936106 0.0832997 0.0336077 -0.0523562 -0.0556599 -0.0304659 0.0550333 -0.0604243 0.0690598 -0.0474921 -0.0762293 -0.017209 -0.0548014 -0.05641 0.0359367 0.0256281 0.0604105 0.0471326 
-0.02622 -0.0925285 0.0912495 0.019576 -0.0123064 0.0781731 0.0945108 -0.0289866 0.0308182 0.0447745 -0.0150381 0.0426699 -0.0640659 -0.0566061 0.0415842 -0.0775502 -0.0599246 -0.0316723 0.0765999 0.0485391 0.0484774 0.0219927 0.0448302 0.0426512 -0.0993025 -0.0660993 0.0807366 -0.0851112 -0.0531893 0.000110961 -0.0583354 -0.0377005 0.0521442 0 0.0391563 -0.0447461 -0.06646 0.00734693 -0.0404043 0.0515337 0.0870805 0.094978 0.0603344 0.0863953 0.0103242 0.00434403 0.0198421 0.0314092 -0.0196069 -0.0433463 0.0697067 0.0900487 0.09487 0.0587945 0.0821785 0.0215623 -0.0608169 0.0481207 0.0334576 -0.046826 -0.0910255 -0.0421238 -0.0178736 0.0183687 -0.0625014 -0.0664201 0.00465109 -0.0868677 0.00989291 -0.0288876 -0.0827973 0.0539499 0.0609707 -0.0860985 -0.00733677 -0.0753531 
0.0608705 -0.0990225 0.0668258 -0.0494004 0.0254705 0.0967971 0.0197734 0.0515142 0.0586849 0.0932286 -0.0489041 0.0987982 0.0680626 -0.0143577 -0.0630178 -0.0483974 0.0594203 0.0676611 0.0961116 0.0796858 -0.0190437 -0.0325533 -0.0821889 -0.0562053 -0.0420919 0.0331499 -0.0790266 0.0172371 0.0595446 0.0463371 -0.0392495 -0.0241616 0.0285177 -0.0391563 0 -0.0487692 0.0136196 0.0260665 0.0108816 0.0675339 0.010702 -0.00347366 0.0823188 -0.0703547 0.0418152 0.0422738 0.0273886 -0.0121447 0.0402415 -0.0641957 0.0244924 -0.0890139 -0.0987247 -0.00790282 -0.0215577 0.0223675 -0.0324288 -0.0503009 -0.0799515 0.0120607 -0.0545564 -0.00661449 0.0144832 0.0182918 -0.0938477 0.0680595 0.00392706 -0.0245807 0.0998186 -0.069486 -0.0103948 0.00712904 -0.000496849 -0.0459767 0.0997439 0.0482605 
0.0910881 0.0124974 -0.0344333 0.0190948 0.0358599 -0.0536608 0.0122631 -0.0853922 0.0537879 0.0947431 0.0476856 0.00908713 0.0371496 0.0638386 -0.0971745 0.0356741 0.0998685 0.0925294 0.0367342 -0.0547843 -0.041183 -0.0845897 0.0245767 -0.0621082 0.0275545 -0.057365 0.0751708 0.0473219 0.00408816 0.0488268 0.00225671 -0.021085 -0.0975278 0.0447461 0.0487692 0 -0.0700357 -0.0731481 -0.0518543 -0.0251068 -0.0863562 0.0946294 0.0158571 0.0247213 -0.0335314 -0.0540631 -0.0056534 -0.0536852 0.0814195 0.054045 -0.0554156 0.0858185 0.0911039 -0.0784886 0.03438 -0.0551503 -0.0328899 -0.0711996 0.0693186 0.0115652 0.0304955 0.0404776 -0.0301841 -0.038431 -0.0508016 0.0932777 0.0633821 0.0341706 0.0351029 -0.0755685 -0.012654 0.0585879 0.0311916 0.00802951 0.0119768 0.0211258 
0.0055306 -0.0190783 -0.0156095 0.0975341 -0.0910317 -0.0447474 0.0890451 -0.0207067 -0.0498381 -0.0196489 0.0759274 -0.0984699 0.00814138 0.00820378 -0.0611025 0.0910897 -0.0910958 -0.0751947 0.0487776 0.0483142 -0.0127563 -0.0368589 -0.0525362 -0.0570827 0.00185175 0.0884552 0.0318759 -0.0763481 0.038339 0.0450203 -0.0764179 0.0334191 -0.0830244 0.06646 -0.0136196 0.0700357 0 0.0461092 0.0652715 -0.0738123 -0.0604325 0.0778178 0.0523906 -0.0963058 0.0264849 -0.0283971 0.0891698 -0.0153842 0.0822669 0.0570543 -0.00428117 0.0161756 0.0331575 -0.016556 -0.0206211 0.0180419 0.0751615 0.0180296 0.0643925 0.00534357 -0.0141547 -0.0383881 -0.0971344 -0.0298523 -0.0427947 -0.0654062 0.0256473 -0.0975088 -0.0111808 0.0727879 0.0527976 -0.0232616 -0.0378465 0.0242114 -0.0220912 -0.0920058 
-0.0527886 0.0802421 -0.0141066 -0.0985617 -0.0399621 -0.0797855 0.0519349 0.0325385 -0.0375633 0.0621788 0.0292841 0.0933549 -0.0548085 -0.0492599 -0.0635538 0.0245737 -0.0624172 0.0176149 0.0120905 0.0411009 -0.0720861 -0.00326695 -0.000254353 -0.0569687 0.0784423 0.0259602 -0.0388954 -0.0694093 0.00151955 -0.0118899 0.0340346 0.0540278 -0.0498118 -0.00734693 -0.0260665 0.0731481 -0.0461092 0 0.0519426 -0.00648043 -0.00626665 0.0647875 -0.0537763 0.0210277 -0.0811928 0.0666365 -0.0206467 0.0746213 0.0790025 0.0749086 -0.0459646 0.0552831 0.00264653 -0.0954644 -0.0401969 0.0852885 0.00867118 0.0490408 0.0808182 -0.0302664 -0.0138732 -0.0927358 -0.0810205 -0.0468063 -0.0365436 0.0138118 0.0443463 0.0419171 0.0660182 -0.0953016 -0.0806851 0.000943875 -0.0112064 -0.0682497 -0.00759776 0.0825663 
0.0252196 0.00459229 -0.0796921 -0.0195605 0.038104 -0.0252388 0.00361858 0.0861186 -0.0246342 0.0201196 0.0210822 0.0459836 -0.0611251 -0.0690577 -0.0451899 0.0374764 0.079533 0.00680808 -0.0899369 -0.0764508 -0.0124138 -0.0283929 0.0525174 -0.0129933 0.0789108 0.0860708 0.0396636 0.0724316 -0.0352681 -0.0858415 0.0982471 0.0577529 0.0732635 0.0404043 -0.0108816 0.0518543 -0.0652715 -0.0519426 0 -0.0367297 0.0794003 0.0865375 0.0548076 0.0202223 -0.054652 -0.070318 0.0682442 0.0922367 -0.0605443 0.0441361 0.0899524 -0.0164431 -0.0309376 0.0425836 0.0294478 0.070844 0.036089 -0.0206099 -0.0415572 -0.0643166 -0.0226516 -0.0759227 -0.0189271 -0.0668353 -0.0945137 0.00183929 0.0212339 -0.0470788 0.0631405 0.00352769 -0.0769927 -0.00268445 -0.0274629 0.0788029 -0.061898 0.0227275 
-0.0601543 -0.0909239 0.0989335 0.0798346 0.0852075 -0.0459581 -0.0266149 0.00100219 -0.0632714 0.0972217 -0.0603616 -0.0311041 -0.0248644 -0.0867817 -0.0276286 0.0904938 0.0558376 0.000555793 -0.0680645 -0.0304733 -0.0522684 0.0751846 -0.0622467 -0.0846021 0.0125331 0.00706372 -0.0279721 0.0604271 -0.00363239 -0.0455206 -0.082354 -0.066254 0.0623436 -0.0515337 -0.0675339 0.0251068 0.0738123 0.00648043 0.0367297 0 0.0873599 0.0977759 0.0803654 0.0814384 -0.0505527 -0.0701084 0.0905406 0.0515551 0.0767037 -0.0402624 0.0114576 0.0862898 0.0596521 0.00155167 -0.0568296 0.072113 -0.076955 0.0629993 -0.0336875 0.0495552 0.0536575 0.0398774 0.0817409 0.080285 0.0923449 0.0333221 -0.028824 0.00106314 0.0907548 0.0854352 0.0991237 0.0516406 -0.0748838 -0.0873612 0.04888 -0.0499203 
0.0766479 -0.0704013 0.0978124 0.0889193 0.0811218 0.0244401 -0.0952302 0.0918554 0.0552765 0.0472623 -0.0168542 -0.04427 -0.00455135 0.0254417 0.00482783 0.0532814 0.068701 -0.0898652 -0.0650881 -0.0681551 0.0479415 -0.0956541 -0.00425188 0.0751978 0.0946203 0.0661279 -0.0468707 -0.0181297 0.0540985 -0.0156903 0.0406649 -0.0195055 0.042028 -0.0870805 -0.010702 0.0863562 0.0604325 0.00626665 -0.0794003 -0.0873599 0 -0.00851878 -0.0462762 0.0965735 0.0843401 -0.098685 0.0932766 -0.0793806 0.0241193 0.0449808 -0.023192 0.0659055 -0.0769257 -0.0660364 -0.0302543 0.0197427 0.088989 -0.0940359 -0.00375233 0.0952551 -0.00886776 -0.0774073 -0.0412931 -0.0226286 -0.0235738 0.05674 0.0298272 0.0584893 0.00962622 -0.0287131 0.0610279 -0.0561612 -0.038407 -0.0043411 0.000622253 0.0148594 
-0.0138604 0.0974296 -0.0690297 0.0798592 0.0950011 -0.0168483 -0.0959975 -0.0930299 0.0777751 0.0195897 0.00440158 0.0743795 0.00174007 0.0146959 0.0474385 0.0557357 0.0820113 0.00678037 0.0770207 0.0452101 -0.0919321 -0.0514995 0.0608431 0.0900421 -0.0915978 0.0261973 0.0171849 0.0562833 0.0501787 -0.033173 0.0507319 0.0611925 -0.0617043 -0.094978 0.00347366 -0.0946294 -0.0778178 -0.0647875 -0.0865375 -0.0977759 0.00851878 0 0.0353493 0.0842969 0.093344 0.0564404 -0.0386583 -0.0197311 -0.015559 0.0671093 0.0643813 0.050602 -0.0702017 -0.0499148 0.033605 -0.0739952 0.067429 0.0330333 -0.0709714 -0.0498675 -0.0244251 -0.087427 0.0246045 -0.0649592 -0.0574927 -0.0447282 0.00764201 0.0264569 0.0504605 0.0853046 -0.024048 -0.00704357 0.0378225 0.0326336 0.0383915 -0.0942448 
0.00529084 0.0146249 0.00168235 -0.0771566 -0.0132481 0.0139956 -0.093375 -0.0390187 -0.0169078 0.0696182 0.0202948 -0.0580387 -0.0879693 0.0144762 0.00951613 0.0396756 0.0769801 -0.00203306 0.00391551 -0.0259073 0.0315688 0.0260944 -0.0978972 -0.0715404 0.0709204 0.0487052 0.0324291 0.00553364 0.0279615 -0.0733018 -0.099463 -0.0512173 0.0933321 -0.0603344 -0.0823188 -0.0158571 -0.0523906 0.0537763 -0.0548076 -0.0803654 0.0462762 -0.0353493 0 0.0678406 0.0309876 0.0985502 -0.0673252 -0.0054383 -0.00635915 -0.00119797 0.0767066 -0.0522249 -0.0380913 -0.0262134 -0.0281836 -0.0366312 0.00357832 0.0909252 -0.0507877 0.0984309 -0.058183 0.0656738 -0.0401405 0.0456206 0.0787453 0.05236 -0.0755301 0.0263973 -0.0421067 0.0397576 0.00822187 0.0629387 -0.0034895 -0.0285727 -0.0615213 0.00599038 
0.0744567 0.0349221 -0.0943443 -0.0161089 -0.0832503 -0.0351013 -0.0748784 0.0220474 0.0691931 -0.0369717 -0.0515644 0.00885543 0.039456 0.0687074 -0.0757048 0.0317628 -0.00384502 -0.090583 0.0638576 0.0580704 -0.0922968 0.0624072 -0.0568921 0.0341217 -0.0146436 -0.055862 -0.0377645 0.0778388 -0.0258458 -0.0392962 0.0310311 0.0499032 -0.00650409 -0.0863953 0.0703547 -0.0247213 0.0963058 -0.0210277 -0.0202223 -0.0814384 -0.0965735 -0.0842969 -0.0678406 0 -0.020771 -0.0656377 0.0448904 0.0683366 0.0905905 0.00262389 0.0901459 -0.0674849 0.0876295 -0.0973476 -0.0447586 0.07356 -0.08303 -0.0757168 -0.00508382 0.00966071 0.0954115 -0.0453754 -0.0700061 0.0697547 -0.0737741 0.0722781 0.00796426 -0.0827788 0.085503 0.0568923 0.0703291 0.0747686 -0.089151 0.0591828 0.0989446 0.044886 
0.0736979 0.00785885 0.0770935 -0.0898932 -0.00561014 -0.0782706 -0.0959562 0.0103659 -0.090827 -0.068069 -0.00783268 0.00453668 -0.096557 -0.0756344 0.0768013 -0.0364083 0.0149001 -0.0748017 -0.0337776 0.0798103 0.00982086 0.0017454 -0.0872613 0.0578741 0.0421544 0.00474811 0.0045791 0.0502315 -0.0436957 -0.0430941 -0.0992026 0.00677044 -0.0817185 -0.0103242 -0.0418152 0.0335314 -0.0264849 0.0811928 0.054652 0.0505527 -0.0843401 -0.093344 -0.0309876 0.020771 0 -0.00899854 0.0937038 -0.0378997 0.0290153 0.0696163 -0.0871045 0.0364152 0.0361223 -0.0430814 -0.0299851 -0.00228466 0.0864429 -0.0857606 -0.027687 0.0289197 -0.00588289 -0.0362837 -0.0493305 -0.0837586 -0.0545792 -0.0830645 -0.0579886 0.052474 -0.0181606 0.0154361 0.0932178 0.0217906 0.0848526 -0.025926 0.072501 0.0622624 
-0.00989634 0.000325536 0.0608603 -0.0523253 0.00727593 -0.0911672 0.0656244 0.0939199 -0.0212826 -0.0844948 -0.0684145 0.0367283 -0.00759772 0.0056601 -0.0683287 0.001987 0.0269791 0.0979529 -0.076771 0.0656195 0.0112893 -0.0836591 -0.0302131 -0.0990413 0.022674 0.0254481 0.0383252 0.0604217 0.0136269 -0.0555445 -0.0957762 -0.0553504 -0.0683307 -0.00434403 -0.0422738 0.0540631 0.0283971 -0.0666365 0.070318 0.0701084 0.098685 -0.0564404 -0.0985502 0.0656377 0.00899854 0 0.0519579 -0.0390511 -0.0441797 0.0353468 -0.0794126 -0.0904942 -0.0281774 -0.00366156 -0.0194328 0.00984654 -0.0857753 0.0332941 -0.0465702 -0.0313331 -0.0683985 0.078727 -0.0248877 0.0487399 -0.0358932 0.00711365 -0.0633486 -0.0552632 0.0716666 -0.0219397 0.0496228 0.00533813 -0.0312964 -0.0524653 -0.0714417 0.0664481 
0.0527812 0.0969439 -0.00700146 -0.00498483 0.013635 0.0926703 0.0552821 -0.0229664 -0.0151062 -0.0502585 -0.00115255 0.0972351 -0.0358458 0.0287886 0.0932428 -0.000841282 -0.0339843 -0.0053821 0.0541011 0.0389901 0.0715904 0.0839609 -0.0806363 -0.0721073 0.0804336 -0.0388889 -0.0593985 -0.03851 -0.0410664 0.0599879 0.0667361 0.0694173 -0.0761462 -0.0198421 -0.0273886 0.0056534 -0.0891698 0.0206467 -0.0682442 -0.0905406 -0.0932766 0.0386583 0.0673252 -0.0448904 -0.0937038 -0.0519579 0 0.0640425 -0.0554895 -0.0729494 -0.0267529 0.0932213 0.0134063 -0.0443927 -0.0909996 0.0184134 -0.0678391 0.0423206 0.0324933 0.0223251 0.059364 0.0270851 -0.0287039 0.0927632 0.0540093 -0.0269323 -0.0756404 0.0828794 -0.0886052 -0.0655166 -0.0291475 0.0705699 -0.0633842 -0.0336579 0.0369064 -0.0840068 
-0.0494712 -0.0684102 -0.0283646 -0.0388556 0.0158998 0.0162427 -0.0838632 0.00201707 0.017672 -0.000620788 -0.0493531 0.0116457 -0.0499931 -0.0601782 -0.058059 0.0954969 0.0302682 -0.0925926 0.0965596 0.0478753 -0.0402021 0.0699241 -0.0468019 -0.0295161 0.0910836 0.081585 -0.0782027 -0.0748262 0.0476371 -0.0826241 -0.0693962 0.0292263 -0.0709347 -0.0314092 0.0121447 0.0536852 0.0153842 -0.0746213 -0.0922367 -0.0515551 0.0793806 0.0197311 0.0054383 -0.0683366 0.0378997 0.0390511 -0.0640425 0 -0.0126188 -0.0109984 -0.0551157 -0.0520183 -0.0847054 0.0522345 -0.00702563 -0.0267424 0.00211498 0.0728295 -0.08976 -0.0659156 -0.0613068 0.00117097 0.0495171 -0.0857334 -0.0705667 0.0626851 -0.0213531 -0.0484819 -0.0728423 0.067583 -0.0597571 0.0986109 -0.0381494 -0.00363419 -0.000302847 -0.0492973 
0.0715185 0.0828799 0.0467083 0.0400568 -0.0246661 0.0358137 0.0369493 -0.0944917 -0.00533863 -0.00369092 0.017126 -0.0325767 0.00253457 0.0429593 -0.0102862 0.037358 0.0773913 -0.0611655 0.0123656 -0.0094896 0.00437765 0.0160039 -0.0222999 -0.0539693 -0.0211755 -0.000731151 0.0435468 -0.0414459 0.0127166 -0.0377278 0.0634984 -0.08629 0.0136323 0.0196069 -0.0402415 -0.0814195 -0.0822669 -0.0790025 0.0605443 -0.0767037 -0.0241193 0.015559 0.00635915 -0.0905905 -0.0290153 0.0441797 0.0554895 0.0126188 0 -0.0828499 -0.0793423 0.0530957 -0.0880802 0.0849753 -0.067797 0.0270622 0.0207057 0.0971423 -6.69267e-05 -0.0781394 -0.00362769 -0.0218323 -0.0328885 -0.0789773 0.076711 0.0693706 0.0805655 -0.0316357 0.0642791 0.0780796 -0.0945401 -0.0818444 0.0973927 -0.0442175 -0.0389698 0.00244736 
0.0108981 -0.0180107 -0.036225 -0.0190969 -0.0719458 -0.0973309 -0.0269257 0.0602859 -0.0225004 -0.078193 0.0406873 -0.0768944 -0.031692 -0.0365004 -0.000190988 -0.0616624 0.072185 0.0860009 0.0895036 0.0324456 -0.0278843 0.00552725 0.0663787 -0.0947725 -0.00788016 0.0394519 -0.0378041 -0.0351512 0.0103246 0.00086986 0.0743283 0.0549761 -0.0487769 0.0433463 0.0641957 -0.054045 -0.0570543 -0.0749086 -0.0441361 0.0402624 -0.0449808 -0.0671093 0.00119797 -0.00262389 -0.0696163 -0.0353468 0.0729494 0.0109984 0.0828499 0 0.060967 -0.0305675 0.0159225 -0.0793019 0.0902805 -0.0326145 0.0118732 -0.0805893 0.0798637 -0.0460429 -0.0909656 -0.0750618 -0.00793965 0.0609526 0.0903668 0.0328884 -0.071506 -0.0575178 -0.0492415 0.0304478 -0.0210238 -0.03182 0.0953467 -0.0456003 0.0436387 -0.0387536 
-0.0291393 -0.0582444 -0.047587 -0.0664258 -0.0660389 0.0576701 0.0295309 0.0327082 0.0905449 0.00953537 -0.031987 0.0438559 0.0839958 -0.0952677 -0.0475188 -0.0942792 -0.061401 -0.0586677 0.0111611 -0.0512226 -0.0357395 -0.0123467 0.00792409 -0.0455024 -0.0201795 0.0235224 0.046579 0.0422046 0.0553978 -0.0888786 -0.0150334 0.06879 0.0550665 -0.0697067 -0.0244924 0.0554156 0.00428117 0.0459646 -0.0899524 -0.0114576 0.023192 -0.0643813 -0.0767066 -0.0901459 0.0871045 0.0794126 0.0267529 0.0551157 0.0793423 -0.060967 0 -0.0207259 -0.0334833 0.0469441 -0.0412875 -0.0181141 -0.00096683 0.0649366 -0.0134525 0.046778 0.0610272 0.0550016 0.0354723 -0.0792383 -0.086958 0.00109104 -0.0614728 -0.0284552 0.0818837 0.0542448 -0.0926329 0.0414665 -0.0520044 0.0820789 -0.0418633 -0.051722 
-0.0861765 0.0633588 -0.0186424 0.0170102 0.0286644 0.0849666 -0.0567084 0.00246403 0.0461625 0.0688726 -0.0127675 -0.0673079 0.0630656 0.0295652 0.0583116 0.0654427 0.0850839 -0.0778663 0.066817 0.0655188 0.000619546 -0.0853391 0.0978873 -0.0632289 0.0671158 -0.0067372 -0.0634704 -0.0926874 0.0179159 0.0150092 -0.0245241 0.0343651 0.080617 -0.0900487 0.0890139 -0.0858185 -0.0161756 -0.0552831 0.0164431 -0.0862898 -0.0659055 -0.050602 0.0522249 0.0674849 -0.0364152 0.0904942 -0.0932213 0.0520183 -0.0530957 0.0305675 0.0207259 0 -0.0812788 0.0431843 0.0848119 0.0771602 -0.0594456 0.0985526 0.0667655 -0.0620074 -0.0988254 0.0141721 0.0790688 0.0111532 0.0275641 -0.0345023 -0.0188824 0.0605341 0.0271086 0.00395631 0.0187146 0.0869922 0.0161221 -0.00597994 -0.0721747 -0.0814104 
-0.077717 -0.0477443 -0.0195442 -0.0257953 -0.021922 -0.0456825 -0.0206727 -0.0575228 -0.0778726 -0.0273145 -0.0985529 0.0630053 -0.012086 -0.0856353 -0.0439915 -0.0859165 0.0539508 -0.0937275 -0.0598721 0.0831399 0.0805956 0.0633066 0.0638704 -0.0659217 0.0825699 0.0599022 -0.0607116 0.0389257 0.0933863 -0.017613 -0.0638692 -0.00890248 0.0293641 -0.09487 0.0987247 -0.0911039 -0.0331575 -0.00264653 0.0309376 -0.0596521 0.0769257 0.0702017 0.0380913 -0.0876295 -0.0361223 0.0281774 -0.0134063 0.0847054 0.0880802 -0.0159225 0.0334833 0.0812788 0 0.0907324 0.0788827 0.0357874 0.00384196 0.0101832 -0.0572958 -0.0140747 0.0922382 0.0609531 -0.0413708 0.000585915 -0.0852219 0.046351 -0.0111642 0.0210278 -0.0796319 -0.032851 -0.0839823 0.000988637 -0.0648883 -0.0890652 0.05839 -0.00333351 
-0.026716 0.0505408 -0.0307081 -0.000385128 0.0858898 -0.0388748 -0.0609247 -0.0207871 0.0983482 0.0437258 -0.0681928 -0.0394167 0.07148 0.0199881 -0.0533777 0.0546568 -0.0479926 -0.0446838 -0.00518939 0.0577416 -0.0149281 -0.0720253 0.051042 0.0726597 -0.00696892 -0.0113492 -0.00390009 0.0759922 -0.0799621 0.0771062 -0.094299 0.043284 0.000295962 -0.0587945 0.00790282 0.0784886 0.016556 0.0954644 -0.0425836 -0.00155167 0.0660364 0.0499148 0.0262134 0.0973476 0.0430814 0.00366156 0.0443927 -0.0522345 -0.0849753 0.0793019 -0.0469441 -0.0431843 -0.0907324 0 0.00740446 0.0299897 0.0243877 0.065964 -0.0114595 0.0532614 0.017678 0.0162901 0.0591365 -0.0511496 0.0638238 -0.0998003 0.0336758 -0.0584775 0.0717704 0.0250095 -0.062222 0.0565356 0.0632037 0.0214831 -0.00614474 -0.0649493 
-0.0803584 -0.0027431 -0.0985368 0.0408831 -0.0252569 0.035267 -0.00843759 0.0296926 0.0293967 0.0940967 -0.0980175 0.0502004 -0.0441478 -0.0393086 0.0239962 0.0631477 0.0433959 0.0525189 0.0698772 0.0446228 0.0295087 -0.015525 0.0511934 -0.0367302 0.0875836 0.0392223 -0.0367964 0.00216161 0.097117 -0.0114084 -0.0667808 -0.0423475 0.060902 -0.0821785 0.0215577 -0.03438 0.0206211 0.0401969 -0.0294478 0.0568296 0.0302543 -0.033605 0.0281836 0.0447586 0.0299851 0.0194328 0.0909996 0.00702563 0.067797 -0.0902805 0.0412875 -0.0848119 -0.0788827 -0.00740446 0 0.000775963 0.0960136 -0.024357 -0.0285387 -0.0379652 -0.0299317 0.0922392 -0.0152025 0.0433835 0.0417353 0.0470992 0.0392133 0.0528007 0.0593912 0.0774308 0.039527 -0.048492 -0.00288138 -0.0754311 -0.0105324 0.0141889 
0.0977374 -0.0413678 0.0962341 -0.0873547 0.0540443 -0.00330409 0.0820671 -0.0532558 -0.0306044 -0.0473679 -0.0816012 -0.0134312 -0.0466329 -0.0323195 0.00581726 -0.0147132 0.00410782 0.0541105 -0.0391399 -0.0720746 -0.00221756 -0.0775918 -0.0976796 -0.0246033 -0.0390576 0.0490563 -0.0819057 -0.0202192 0.0887074 0.0191425 0.0476029 -0.0790079 -0.0792867 -0.0215623 -0.0223675 0.0551503 -0.0180419 -0.0852885 -0.070844 -0.072113 -0.0197427 0.0739952 0.0366312 -0.07356 0.00228466 -0.00984654 -0.0184134 0.0267424 -0.0270622 0.0326145 0.0181141 -0.0771602 -0.0357874 -0.0299897 -0.000775963 0 -0.0107238 0.0864778 -0.0281075 -0.0967369 0.034247 -0.0674121 -0.0400564 0.0812045 -0.00923158 0.0854233 -0.0194386 0.0950076 0.0903929 -0.0163806 -0.0453234 -0.028874 -0.0283238 0.0437504 -0.0745909 0.0804972 
-0.058521 0.0971796 0.0504546 0.0118188 0.0958227 -0.0992072 -0.0201372 0.0388888 0.0305784 0.0188745 0.0517021 -0.0703534 -0.0127963 -0.080209 -0.0981557 0.0905996 -0.0914185 -0.0028723 0.0593014 0.0309363 0.0897767 0.0930054 0.0106588 -0.0158957 -0.0905122 0.00984407 -0.000978828 0.0955067 -0.056615 -0.0527302 -0.038466 0.0356466 0.0733172 0.0608169 0.0324288 0.0328899 -0.0751615 -0.00867118 -0.036089 0.076955 -0.088989 -0.067429 -0.00357832 0.08303 -0.0864429 0.0857753 0.0678391 -0.00211498 -0.0207057 -0.0118732 0.00096683 0.0594456 -0.00384196 -0.0243877 -0.0960136 0.0107238 0 0.0947389 0.00282979 0.01878 -0.042433 -0.0422171 -0.0463347 0.00443607 0.0355619 -0.0242604 -0.0912875 -0.0986653 -0.0782754 0.0123166 -0.00849434 0.0536279 0.0188668 -0.0771256 -0.0421494 0.0406717 
0.0512738 -0.0224995 -0.0862725 0.0918051 0.0829932 -0.0752809 -0.0861239 -0.0339319 0.0458889 -0.0310093 -0.0267655 -0.0383508 -0.0209609 0.0331492 -0.0408891 0.0541176 0.0157764 0.0579093 0.0656838 0.0044715 -0.0187961 -0.0125773 -0.044809 -0.00251915 -0.0968229 -0.0951024 -0.00209336 0.0417032 0.0465706 0.0743956 -0.0206173 0.0883881 -0.0573079 -0.0481207 0.0503009 0.0711996 -0.0180296 -0.0490408 0.0206099 -0.0629993 0.0940359 -0.0330333 -0.0909252 0.0757168 0.0857606 -0.0332941 -0.0423206 -0.0728295 -0.0971423 0.0805893 -0.0649366 -0.0985526 -0.0101832 -0.065964 0.024357 -0.0864778 -0.0947389 0 -0.00397878 0.0939009 0.0466149 0.0108039 -0.0153725 -0.060233 -0.0128927 0.0918382 0.0295417 0.0609687 0.0967218 0.00398869 -0.0680048 0.0257875 0.0327171 -0.00483276 -0.0132295 0.0706087 
0.0704891 0.0724456 0.00345617 -0.0555007 -0.0931842 -0.0214441 0.0877189 -0.0952021 -0.0744581 0.0894772 -0.0795901 -0.0301078 0.0508275 -0.0624195 -0.0510602 0.00767801 -0.0139418 0.0640726 0.0665349 -0.029502 0.0826895 0.0876996 0.0116457 -0.00429196 -0.052842 -0.0755738 -0.033334 0.0971809 0.012325 0.0448604 0.00499312 0.0267292 0.0936106 -0.0334576 0.0799515 -0.0693186 -0.0643925 -0.0808182 0.0415572 0.0336875 0.00375233 0.0709714 0.0507877 0.00508382 0.027687 0.0465702 -0.0324933 0.08976 6.69267e-05 -0.0798637 0.0134525 -0.0667655 0.0572958 0.0114595 0.0285387 0.0281075 -0.00282979 0.00397878 0 -0.0853765 0.0593398 -0.0791962 0.08332 0.0170862 -0.026662 -0.0686616 0.0282149 -0.0935749 0.0573854 0.0484192 0.0901532 0.0138362 -0.00555456 0.0303883 0.0322626 -0.0996572 
0.0972287 0.00658552 0.0912877 0.0919296 -0.012663 -0.0780879 0.0436548 -0.0209168 0.0476105 0.00197592 0.0865766 -0.0927127 -0.0525917 -0.0699332 0.0736111 0.0550809 -0.0583283 0.0879519 -0.0946011 -0.0870107 -0.00466705 -0.0243492 0.0415888 -0.071686 -0.0327767 -0.0887561 -0.00643014 0.0718475 0.0790392 -0.0368282 -0.0103654 -0.0603712 -0.0832997 0.046826 -0.0120607 -0.0115652 -0.00534357 0.0302664 0.0643166 -0.0495552 -0.0952551 0.0498675 -0.0984309 -0.00966071 -0.0289197 0.0313331 -0.0223251 0.0659156 0.0781394 0.0460429 -0.046778 0.0620074 0.0140747 -0.0532614 0.0379652 0.0967369 -0.01878 -0.0939009 0.0853765 0 -0.0190445 -0.0190719 0.080787 -0.00680105 -0.0811756 -0.0939798 0.0854772 -0.0619656 -0.0599206 -0.0822028 0.0296785 0.0386794 -0.0267122 -0.0906868 0.0865188 0.045202 
-0.090906 -0.0597201 0.0996529 -0.0493215 -0.099895 0.0512085 -0.0691043 0.054389 0.0131881 0.0555051 0.0318728 -0.0818 -0.0495438 0.0472783 -0.00443204 -0.0935231 -0.0366251 0.088649 0.0662764 0.00640207 -0.0271172 0.0444382 -0.0230342 0.00233509 0.0946495 -0.0944856 0.0653866 0.00308399 0.057423 0.0100383 -0.0395365 0.0382723 -0.0336077 0.0910255 0.0545564 -0.0304955 0.0141547 0.0138732 0.0226516 -0.0536575 0.00886776 0.0244251 0.058183 -0.0954115 0.00588289 0.0683985 -0.059364 0.0613068 0.00362769 0.0909656 -0.0610272 0.0988254 -0.0922382 -0.017678 0.0299317 -0.034247 0.042433 -0.0466149 -0.0593398 0.0190445 0 -0.01494 -0.0952818 -0.0511786 0.0926605 0.0310588 -0.0106665 0.074333 -0.0198305 0.0967119 -0.0534942 0.0892347 -0.0726177 -0.0971204 -0.0270741 -0.0224754 
-0.0169997 -0.0919207 0.0669027 -0.0673304 0.0411333 0.051673 0.0696946 -0.0692166 0.0985812 -0.00863284 -0.0772528 0.0621961 -0.0842511 -0.0979009 0.078951 -0.0256224 0.00742662 0.0438684 0.0104619 -0.0332947 0.00842478 -0.0895529 0.0830447 0.0186152 -0.0220067 0.0107186 0.0286899 -0.027811 0.015567 -0.0309435 -0.00890771 -0.0945597 0.0523562 0.0421238 0.00661449 -0.0404776 0.0383881 0.0927358 0.0759227 -0.0398774 0.0774073 0.087427 -0.0656738 0.0453754 0.0362837 -0.078727 -0.0270851 -0.00117097 0.0218323 0.0750618 -0.0550016 -0.0141721 -0.0609531 -0.0162901 -0.0922392 0.0674121 0.0422171 -0.0108039 0.0791962 0.0190719 0.01494 0 0.0399013 0.0102885 -0.082277 -0.0569382 0.0723133 0.00674149 0.0454849 0.0876346 0.032867 0.0787979 -0.00309086 -0.0913526 -0.0392517 -0.00879592 
0.00385017 -0.0529955 0.0796757 -0.0333954 0.040984 0.0728272 0.015766 0.0996901 -0.0415779 0.0836778 0.0323488 -0.053998 -0.0151094 0.0491953 0.0699768 0.0656769 -0.0940803 -0.0543148 -0.0626197 0.0596042 0.00590032 0.0677307 0.0428286 0.0140725 -0.00623279 -0.027277 -0.0944081 0.0172539 -0.0847959 -0.0695977 0.0352673 0.0144084 0.0556599 0.0178736 -0.0144832 0.0301841 0.0971344 0.0810205 0.0189271 -0.0817409 0.0412931 -0.0246045 0.0401405 0.0700061 0.0493305 0.0248877 0.0287039 -0.0495171 0.0328885 0.00793965 -0.0354723 -0.0790688 0.0413708 -0.0591365 0.0152025 0.0400564 0.0463347 0.0153725 -0.08332 -0.080787 0.0952818 -0.0399013 0 -0.0219024 0.0311857 0.0225821 0.0817003 -0.0925496 0.0136208 0.00783226 -0.0803288 0.00681314 -0.0121556 0.000898725 -0.0104065 -0.0591502 
-0.0483163 -0.0378848 0.0844336 -0.00724094 0.00626522 -0.0898422 0.0421761 0.0356508 0.0236834 0.0829127 0.09433 0.0485182 0.0054988 0.0274237 -0.0827283 0.00545267 0.0195261 -0.0279618 0.0536593 0.0907903 0.0382397 -0.0746511 0.0815239 -0.0603425 -0.0328708 -0.0236906 -0.0673952 -0.00866581 0.0448535 0.0771243 -0.0898818 0.0796199 0.0304659 -0.0183687 -0.0182918 0.038431 0.0298523 0.0468063 0.0668353 -0.080285 0.0226286 0.0649592 -0.0456206 -0.0697547 0.0837586 -0.0487399 -0.0927632 0.0857334 0.0789773 -0.0609526 0.0792383 -0.0111532 -0.000585915 0.0511496 -0.0433835 -0.0812045 -0.00443607 0.060233 -0.0170862 0.00680105 0.0511786 -0.0102885 0.0219024 0 0.0379161 -0.0660744 -0.00210503 0.0885025 -0.0556751 0.00446767 -0.060274 -0.0910639 -0.0725759 0.0564784 -0.0723192 -0.0673546 
-0.006036 0.0623818 -0.0943132 -0.0735255 0.0359824 0.0325833 -0.0803311 -0.032881 0.0162934 0.0813199 0.0802724 -0.0156755 -0.00178107 -0.0566255 0.0172645 -0.0653109 -0.0304615 0.0940855 -0.0594983 -0.0292518 -0.0213412 -0.0488388 0.049775 -0.066236 -0.0104882 -0.0986438 0.0250595 0.017131 0.035192 -0.0443031 -0.0931267 0.0935109 -0.0550333 0.0625014 0.0938477 0.0508016 0.0427947 0.0365436 0.0945137 -0.0923449 0.0235738 0.0574927 -0.0787453 0.0737741 0.0545792 0.0358932 -0.0540093 0.0705667 -0.076711 -0.0903668 0.086958 -0.0275641 0.0852219 -0.0638238 -0.0417353 0.00923158 -0.0355619 0.0128927 0.026662 0.0811756 -0.0926605 0.082277 -0.0311857 -0.0379161 0 0.0951385 0.0874254 -0.0215534 0.0594489 0.0693321 0.0738053 -0.0142784 -0.0912303 0.00148913 0.0539477 0.00157064 
-0.0146269 0.0966826 0.0969071 -0.0250991 0.0699186 -0.0229013 -0.0556311 0.0598324 0.0743711 -0.0965601 -0.00121305 0.0351328 -0.00523826 -0.0964924 -0.0308873 0.0519262 0.0889787 -0.0273972 0.0808681 0.0630666 -0.0162872 0.0849264 0.0791332 -0.027294 0.0889299 0.0659876 0.0150975 0.0833424 0.0573746 0.0867406 -0.0428815 -0.0831729 0.0604243 0.0664201 -0.0680595 -0.0932777 0.0654062 -0.0138118 -0.00183929 -0.0333221 -0.05674 0.0447282 -0.05236 -0.0722781 0.0830645 -0.00711365 0.0269323 -0.0626851 -0.0693706 -0.0328884 -0.00109104 0.0345023 -0.046351 0.0998003 -0.0470992 -0.0854233 0.0242604 -0.0918382 0.0686616 0.0939798 -0.0310588 0.0569382 -0.0225821 0.0660744 -0.0951385 0 -0.0209385 0.0113822 -0.0148461 0.0269809 -0.0475823 -0.0552909 -0.0231214 -0.0508889 -0.0257766 0.00900395 
0.0978347 0.0728426 0.0658647 0.0147391 -0.0550832 -0.00232473 -0.0756222 -0.0450917 -0.0841389 -0.0283159 -0.062993 -0.0881924 0.0609548 0.0716111 -0.00198121 0.0767751 -0.068119 0.0254636 0.0547424 0.0150623 -0.0465971 0.0536912 0.0767367 -0.00666129 0.0135402 0.0667977 -0.0679153 0.0298029 0.0661121 0.0766613 0.0791969 0.0108556 -0.0690598 -0.00465109 -0.00392706 -0.0633821 -0.0256473 -0.0443463 -0.0212339 0.028824 -0.0298272 -0.00764201 0.0755301 -0.00796426 0.0579886 0.0633486 0.0756404 0.0213531 -0.0805655 0.071506 0.0614728 0.0188824 0.0111642 -0.0336758 -0.0392133 0.0194386 0.0912875 -0.0295417 -0.0282149 -0.0854772 0.0106665 -0.0723133 -0.0817003 0.00210503 -0.0874254 0.0209385 0 -0.0686556 0.0885092 0.0876917 0.0442145 -0.0578987 0.0822025 -0.0186922 0.0735654 0.096725 
-0.0775747 0.0121713 -0.0183249 0.0289664 0.069718 -0.0841525 0.0646677 0.0931511 -0.0795669 0.0997948 -0.0256846 0.00400905 -0.0971023 0.030852 -0.0691055 0.0268304 0.0948144 -0.0873081 0.0745674 0.0905775 0.00115935 -0.0757995 0.0827601 0.0966939 0.0538271 0.0596227 -0.087018 -0.0437107 -0.0350727 -0.0103545 0.0744331 0.0340577 0.0474921 0.0868677 0.0245807 -0.0341706 0.0975088 -0.0419171 0.0470788 -0.00106314 -0.0584893 -0.0264569 -0.0263973 0.0827788 -0.052474 0.0552632 -0.0828794 0.0484819 0.0316357 0.0575178 0.0284552 -0.0605341 -0.0210278 0.0584775 -0.0528007 -0.0950076 0.0986653 -0.0609687 0.0935749 0.0619656 -0.074333 -0.00674149 0.0925496 -0.0885025 0.0215534 -0.0113822 0.0686556 0 -0.0320532 0.036582 -0.0796019 0.013946 0.0957467 -0.0865809 0.0301156 0.0388525 
-0.0376215 -0.0758511 0.0338671 -0.0180313 0.0361457 -0.0910154 -0.00813967 -0.0741835 -0.0351859 -0.0610821 0.0839158 0.00672545 0.0564718 0.000721647 0.0961975 -0.0229858 -0.0627452 -0.00728556 -0.0288194 -0.0296702 0.00728663 -0.0389943 0.0684661 -0.0661116 0.0917954 -0.0290406 -0.0729023 -0.0938698 0.0487066 0.0828026 -0.0757042 0.0160643 0.0762293 -0.00989291 -0.0998186 -0.0351029 0.0111808 -0.0660182 -0.0631405 -0.0907548 -0.00962622 -0.0504605 0.0421067 -0.085503 0.0181606 -0.0716666 0.0886052 0.0728423 -0.0642791 0.0492415 -0.0818837 -0.0271086 0.0796319 -0.0717704 -0.0593912 -0.0903929 0.0782754 -0.0967218 -0.0573854 0.0599206 0.0198305 -0.0454849 -0.0136208 0.0556751 -0.0594489 0.0148461 -0.0885092 0.0320532 0 -0.0799218 -0.0469697 0.0032653 0.0750978 0.0688898 -0.00640674 0.0882862 
-0.038245 0.0814074 -0.0189223 0.0622924 -0.0582159 -0.0213948 0.0342643 -0.0181711 0.0143481 0.0915638 -0.0361154 0.0317343 -0.0280811 -0.0999297 0.0542433 -0.00498556 -0.0536299 0.00172663 0.0854304 0.000466072 0.0658436 0.0768807 -0.0293558 -0.0859343 0.0680769 -0.0510765 0.0626822 0.0935025 -0.0547156 0.0131738 -0.0321448 -0.0272201 0.017209 0.0288876 0.069486 0.0755685 -0.0727879 0.0953016 -0.00352769 -0.0854352 0.0287131 -0.0853046 -0.0397576 -0.0568923 -0.0154361 0.0219397 0.0655166 -0.067583 -0.0780796 -0.0304478 -0.0542448 -0.00395631 0.032851 -0.0250095 -0.0774308 0.0163806 -0.0123166 -0.00398869 -0.0484192 0.0822028 -0.0967119 -0.0876346 -0.00783226 -0.00446767 -0.0693321 -0.0269809 -0.0876917 -0.036582 0.0799218 0 -0.0225929 0.0815753 -0.0811007 0.0812886 0.0931392 0.0152116 
-0.00417832 -0.0183176 -0.0504596 0.0865683 -0.0600427 -0.0600961 0.044325 -0.057022 -0.0754986 -0.0504848 0.0495803 -0.0531762 -0.00732867 -0.0978864 -0.000846151 0.0770733 -0.0288081 0.0803561 0.0266483 0.0793086 0.0286973 -0.0161752 -0.0550372 0.0828859 0.024811 -0.0524452 -0.0116425 -0.0727939 0.0132248 -0.0188973 0.0427628 -0.0513689 0.0548014 0.0827973 0.0103948 0.012654 -0.0527976 0.0806851 0.0769927 -0.0991237 -0.0610279 0.024048 -0.00822187 -0.0703291 -0.0932178 -0.0496228 0.0291475 0.0597571 0.0945401 0.0210238 0.0926329 -0.0187146 0.0839823 0.062222 -0.039527 0.0453234 0.00849434 0.0680048 -0.0901532 -0.0296785 0.0534942 -0.032867 0.0803288 0.060274 -0.0738053 0.0475823 -0.0442145 0.0796019 0.0469697 0.0225929 0 0.062429 0.0140357 0.0337976 0.0542383 -0.0135284 
-0.0222506 -0.0204051 0.0963888 -0.0887833 -0.00930616 -0.0386946 -0.0369277 0.0542817 0.0171642 0.0510535 0.0817634 -0.0314468 0.00146714 -0.0517096 -0.00649399 -0.02176 -0.098718 -0.0503247 -0.0667504 0.0574402 -0.0459081 -0.0650203 -0.0815077 -0.0857251 0.0173314 0.0701369 0.0395469 0.00387415 -0.0148632 0.0298808 0.090111 -0.0517184 0.05641 -0.0539499 -0.00712904 -0.0585879 0.0232616 -0.000943875 0.00268445 -0.0516406 0.0561612 0.00704357 -0.0629387 -0.0747686 -0.0217906 -0.00533813 -0.0705699 -0.0986109 0.0818444 0.03182 -0.0414665 -0.0869922 -0.000988637 -0.0565356 0.048492 0.028874 -0.0536279 -0.0257875 -0.0138362 -0.0386794 -0.0892347 -0.0787979 -0.00681314 0.0910639 0.0142784 0.0552909 0.0578987 -0.013946 -0.0032653 -0.0815753 -0.062429 0 -0.0075575 0.0873091 -0.0534573 -0.0373459 
-0.0800349 -0.0468268 0.0588715 -0.0762671 -0.0660335 -0.0863196 -0.00733493 0.0560807 -0.0260021 0.0980949 0.0547964 -0.00967708 -0.00330889 -0.0748097 -0.0872979 0.0224603 0.0418469 0.0430849 -0.0557411 -0.0750121 0.0121676 -0.0757331 0.0155616 0.00739318 0.0738223 -0.0976665 -0.0259596 -0.062081 -0.0221453 -0.099009 0.0168592 0.00875696 -0.0359367 -0.0609707 0.000496849 -0.0311916 0.0378465 0.0112064 0.0274629 0.0748838 0.038407 -0.0378225 0.0034895 0.089151 -0.0848526 0.0312964 0.0633842 0.0381494 -0.0973927 -0.0953467 0.0520044 -0.0161221 0.0648883 -0.0632037 0.00288138 0.0283238 -0.0188668 -0.0327171 0.00555456 0.0267122 0.0726177 0.00309086 0.0121556 0.0725759 0.0912303 0.0231214 -0.0822025 -0.0957467 -0.0750978 0.0811007 -0.0140357 0.0075575 0 0.00376226 -0.0231888 -0.0930761 
0.0970786 0.0694237 0.0957741 0.0913318 0.0146963 -0.0820541 0.0408907 -0.0446974 -0.0967545 0.0723652 -0.0520278 -0.0659184 0.050451 0.0763249 -0.0596745 0.0842989 0.0101398 -0.0756115 -0.063081 -0.0524156 -0.0874295 0.038553 -0.0779686 -0.0600654 0.0297524 0.000969381 0.041922 0.0703016 -0.0476298 -0.0403032 -0.0510525 -0.053794 -0.0256281 0.0860985 0.0459767 -0.00802951 -0.0242114 0.0682497 -0.0788029 0.0873612 0.0043411 -0.0326336 0.0285727 -0.0591828 0.025926 0.0524653 0.0336579 0.00363419 0.0442175 0.0456003 -0.0820789 0.00597994 0.0890652 -0.0214831 0.0754311 -0.0437504 0.0771256 0.00483276 -0.0303883 0.0906868 0.0971204 0.0913526 -0.000898725 -0.0564784 -0.00148913 0.0508889 0.0186922 0.0865809 -0.0688898 -0.0812886 -0.0337976 -0.0873091 -0.00376226 0 0.0119484 -0.0729217 
-0.0327657 -0.0825423 -0.0815135 -0.0810788 -0.0827638 -0.0936101 0.0120845 -0.0670851 -0.091923 0.0910232 -0.0618629 -0.00559213 -0.0370965 0.0159799 0.048036 0.0350053 0.0232123 0.0561353 -0.0146202 -0.00838537 -0.0964377 0.00520746 -0.0016759 -0.0910847 -0.0199389 0.0185406 -0.0150429 0.0553051 -0.0746504 -0.0379225 0.0161336 -0.0845202 -0.0604105 0.00733677 -0.0997439 -0.0119768 0.0220912 0.00759776 0.061898 -0.04888 -0.000622253 -0.0383915 0.0615213 -0.0989446 -0.072501 0.0714417 -0.0369064 0.000302847 0.0389698 -0.0436387 0.0418633 0.0721747 -0.05839 0.00614474 0.0105324 0.0745909 0.0421494 0.0132295 -0.0322626 -0.0865188 0.0270741 0.0392517 0.0104065 0.0723192 -0.0539477 0.0257766 -0.0735654 -0.0301156 0.00640674 -0.0931392 -0.0542383 0.0534573 0.0231888 -0.0119484 0 0.0722334 
0.00709483 0.02341 0.0710171 -0.0547396 0.0765212 0.0830008 0.0863679 0.0801772 0.0332864 -0.0735867 0.0691934 -0.0171794 0.0477987 -0.0653672 -0.0132758 -0.0899648 0.0349617 -0.00283438 -0.0956599 0.0842862 -0.067073 -0.00360194 0.0814483 -0.00116082 -0.0986338 0.0933612 0.0703603 0.0720065 0.0634423 -0.0907184 0.0975833 -0.0589978 -0.0471326 0.0753531 -0.0482605 -0.0211258 0.0920058 -0.0825663 -0.0227275 0.0499203 -0.0148594 0.0942448 -0.00599038 -0.044886 -0.0622624 -0.0664481 0.0840068 0.0492973 -0.00244736 0.0387536 0.051722 0.0814104 0.00333351 0.0649493 -0.0141889 -0.0804972 -0.0406717 -0.0706087 0.0996572 -0.045202 0.0224754 0.00879592 0.0591502 0.0673546 -0.00157064 -0.00900395 -0.096725 -0.0388525 -0.0882862 -0.0152116 0.0135284 0.0373459 0.0930761 0.0729217 -0.0722334 0 
