75

16000 4500

30 55 80

8

0 60540 76060 60860 90700 50920 52880 65320 30000 63790 80600 71790 90680 60110 79390 45300 36350 55420 21440 9630 90420 42080 94981 73620 85480 80700 61600 79240 70260 95160 26380 68640 95010 44970 19600 22820 37110 47580 51150 78380 80940 56640 26720 46180 84230 31540 91690 54100 59690 67790 56670 80770 60220 61530 59760 94760 59590 37310 87200 40550 97210 98570 83530 69730 47920 54560 59610 86980 62960 55750 47590 59120 14240 16320 34350 32140 
60160 0 109651 111630 117421 62590 22300 31440 77250 75860 116290 36270 147040 59860 135750 92550 65670 45260 63140 69320 145251 89701 86050 28780 46550 134201 36790 73150 58760 116950 58980 19550 79010 85020 58160 71740 76520 47640 109030 104560 20840 92960 75560 72400 45890 53750 67180 75000 106491 41840 8620 88460 111440 95690 118430 53430 31590 62430 113380 77630 153570 153751 29720 129420 42230 70000 72660 46320 122650 60050 84780 46850 64150 62650 87390 64740 
76300 110040 0 34950 21620 122310 111290 127270 50040 43420 154720 134220 113590 130240 98650 37710 110511 123100 96201 72330 132080 111510 87460 104901 147910 135210 86770 149940 73220 26880 100541 124560 162770 117830 93761 97581 42210 116740 51960 154581 130151 20020 99280 120341 146660 60250 158130 128261 129370 92960 108550 155001 38210 135710 52950 119930 84760 110900 164340 115311 120120 130780 117071 77010 115060 42710 132580 149410 73430 126450 121770 73300 64840 62310 103780 106301 
60660 111560 35160 0 51300 109610 105250 121230 36210 61710 124410 127830 79810 118110 64870 20110 95760 112960 80200 53660 98300 86830 108810 115561 141520 101430 97430 137240 89940 56560 85790 119660 152980 93860 79010 74020 38880 105360 18130 130830 131960 26930 75620 103690 140270 61000 149660 111610 100610 103620 107690 139830 3750 112050 18480 130590 95420 96720 138190 92510 86340 97000 127731 43230 105460 58210 119020 143020 39650 113750 98110 88800 51450 49780 79230 91550 
90370 117740 21510 50760 0 136380 118990 134970 64110 44420 170950 142570 129400 143670 114460 54000 124581 134400 110271 86400 147890 128240 83240 111871 156440 151020 93740 164670 69460 6610 114611 132260 175010 134060 107831 111651 56280 130170 67770 169550 137121 36550 113350 135371 155010 71530 169830 143291 145660 99930 116250 169630 54020 151130 68760 126900 91730 124970 179530 130150 135930 146590 124041 92820 127250 50410 147610 157940 89240 140520 137190 77310 78910 76380 120070 120371 
51370 62811 121410 109420 136050 0 41630 44690 76160 98670 57140 47140 107830 13130 98150 91460 17050 22270 31510 58400 98810 46540 117160 82810 60430 86500 75580 30890 88470 137590 25010 57620 50460 36030 31840 39020 82460 16530 96310 42800 74880 101990 37030 14730 55570 66790 55600 12990 57400 81720 55510 32310 108520 37230 103850 105340 70920 14360 51620 27610 114360 107310 92091 107410 22000 90370 11150 63180 101810 8220 30550 77560 60490 62070 44690 20560 
53400 22771 110720 105530 118851 41650 0 16140 71150 78970 95930 23740 136210 38610 125430 86450 48130 24010 48980 62460 131450 75900 93850 47491 37610 120400 47720 51840 66240 118380 44410 21800 57700 68340 44370 58310 71770 26710 102930 83010 39060 91300 61140 52730 36180 52830 52420 54060 91600 53910 15821 67190 105340 76020 112330 71140 43060 42760 91830 60950 142740 139950 52051 122560 20900 71430 51270 39110 115790 38660 66840 55330 58050 56550 72820 49010 
65530 31600 126320 121130 134681 44430 15980 0 86750 94800 100730 8170 146470 36190 136430 102050 55600 22450 59240 74590 141710 86160 109680 58480 22240 129761 62800 48920 82070 134210 54670 14170 50120 75760 54980 68570 87370 30720 116110 82030 31430 106900 71400 57530 20610 68660 40110 56690 100661 68990 26180 64270 120940 80820 124720 83120 58140 50230 90850 68370 153000 150210 57390 134690 25500 87260 50290 23740 127920 37810 73260 71160 72930 72150 83080 56680 
29410 77370 49370 36460 64010 75420 71060 87040 0 45720 104910 93640 94610 83920 79670 17380 63621 78770 49311 24800 103840 65560 91480 84971 107330 96920 66840 103050 68880 68470 53651 85470 118360 70300 46871 50150 12490 71170 35160 105791 97770 29950 51750 73451 106080 29570 115040 81371 82250 73030 73500 106850 36270 88180 47800 100000 64830 64010 114320 68421 101140 109090 97141 63190 71270 39780 85690 108830 56420 79560 74240 61530 17950 15590 57830 59411 
63100 75430 43020 61420 43980 98790 78540 94520 45990 0 141761 102120 135920 104930 120980 47620 92780 95060 80530 63440 147140 103760 48630 67761 115990 143640 49630 124350 30630 42040 82810 91820 134480 104081 77310 81931 34710 91430 71740 135050 93011 34830 85831 102270 114560 34030 129200 109640 121900 55820 75620 130450 64680 121071 79420 82790 47620 91040 144150 99661 142450 152210 79931 103400 87910 9370 109150 117490 97280 102930 106701 33200 52720 48940 95710 88570 
80290 118091 153670 123910 170900 57600 95820 101040 105130 142681 0 103520 73390 68910 77700 113210 52950 79070 61350 83650 55830 39680 166801 133561 114300 43460 125451 68400 138111 175480 59990 115200 92820 37600 65650 60040 115510 71820 106430 30660 134560 131980 55580 44940 109440 107260 104940 45560 24360 131591 111530 54620 120580 23070 111170 156151 120791 55350 29750 42260 79920 64370 143661 96550 78350 133451 53390 117050 95470 64500 36520 126681 92800 94880 48810 56380 
72360 36720 133150 127960 142671 46870 23970 8410 93580 102790 103170 0 149600 37740 139560 108880 58040 24830 65250 81420 144090 88710 117670 63600 16970 132201 70790 48120 90060 142200 59260 19290 45200 78200 61630 74230 94200 33160 122940 82010 32310 113730 75740 59970 13260 75700 32760 58480 103101 76980 33560 63880 127770 83260 131550 88240 66130 52680 90830 70810 156130 152590 62510 141520 27960 95250 51840 18470 134750 39530 75700 79150 79770 78980 86100 59120 
89680 145360 113240 79430 129380 106790 134970 145270 94320 135600 72850 148621 0 119040 15130 91370 92760 125021 87940 89470 23520 62600 181731 160030 164541 30820 150240 128600 159061 134640 91030 153240 153020 72950 92250 78660 102480 115780 68690 97700 166290 105010 74820 94310 159961 118060 161510 97510 53960 156430 141470 118070 76100 80270 64130 182430 147320 96330 97051 81810 8280 19220 169940 41020 122240 129770 105340 166161 42960 114130 77670 148730 98620 100700 64300 90590 
60130 59681 129340 118800 143380 13120 38500 36430 84510 105030 68410 37850 119960 0 110390 99810 29290 14600 43750 68710 110080 58670 122360 83680 49200 97770 80660 22430 93670 143870 37250 49630 39230 48160 43460 51260 90390 14910 108550 48640 66890 109920 49270 26860 44340 73150 44370 23540 68670 86800 52731 31000 118610 48500 116090 105980 76000 26560 57460 39740 126490 118580 88961 119650 18970 96730 16900 51950 114050 4910 42680 82760 68840 70420 56930 32800 
79920 135590 98550 64740 114690 97540 125330 136020 79630 120910 77560 139371 15420 109790 0 76680 83510 115771 78690 77900 33580 55700 169020 150260 155291 38390 140320 124700 145480 119950 81780 143480 147120 66840 83000 69410 87790 106530 54000 99170 156520 90320 65570 87510 150711 105550 152260 93610 56720 146660 131710 116000 61410 79190 49440 172660 137550 87080 104510 74620 21950 32710 160170 26330 112990 115080 101440 156911 28270 104880 73770 137980 84950 88350 55050 81340 
44780 92740 37110 19930 54000 90790 86430 102410 17390 47590 113110 109010 91510 99290 76570 0 78991 94140 64681 38480 105750 74950 94690 95731 122700 102170 77600 118420 74120 58460 69021 100840 133730 81790 62241 61870 19050 86540 26730 118680 113140 17690 63470 88821 121450 41170 130410 96741 89870 83790 88870 122220 21120 99900 34540 110760 75590 79380 126040 80360 98040 108700 107901 58390 86640 41760 101060 124200 53320 94930 85960 71910 33320 30960 67220 74781 
36520 65820 110541 95300 125181 16980 47730 55670 64511 92790 52530 58150 93840 29230 83800 79811 0 35730 16290 44280 88770 33340 114010 81050 74070 76920 73180 47200 85320 128880 9890 67240 66560 22880 16990 24070 71591 25110 81640 44130 84500 91121 22360 11790 69490 59160 71700 19710 48750 79320 59910 46800 94400 32620 89180 103630 68520 5540 52950 15490 100370 97270 90960 93060 32300 84490 25640 75690 87140 24320 21590 74410 48841 50431 30340 5340 
55550 45081 121680 114220 134141 22210 23900 22490 79930 95020 78610 24870 126571 14600 116531 95240 35700 0 43961 64610 120280 65890 111800 69801 40220 107970 69380 29650 83420 133670 37151 35650 39590 55380 42680 51371 82730 12730 106130 59710 52910 102260 52711 35410 35340 65020 39600 34240 78870 75570 38131 43200 114030 58700 114740 94290 64720 30330 68530 47990 133101 128780 74361 122231 9000 86720 27970 42410 115461 15360 51140 72510 64260 65840 63071 36780 
21340 62700 96140 79410 110780 31300 49010 59310 50080 80340 60730 65350 88540 43550 78500 65330 16260 43751 0 28390 85780 30230 107230 77590 79470 74730 69620 61520 79330 115240 6940 68520 80880 26610 5160 10090 57190 34250 68210 57820 83100 76720 13180 26090 76690 46710 83351 34010 46900 75760 58190 61150 78510 41150 75750 100070 64960 17690 66640 19990 95070 94280 87500 80950 38810 71991 39990 80970 74180 38640 27140 68420 34320 36400 25570 12050 
9670 69650 71720 53040 86360 59310 61740 74180 24750 63440 83150 80650 89010 68500 77720 38590 44570 64280 28670 0 92020 43800 96071 82730 94340 82300 68010 87630 73401 90820 34770 77750 103870 48540 27990 26880 33350 56270 42320 85200 90050 52300 29990 54400 93090 32600 100550 62320 61290 74200 65780 89160 52140 66420 50930 101170 66000 45700 92560 46880 95540 99220 92640 61900 56780 54210 68000 95840 55130 64140 52480 64870 12000 15400 36070 40360 
90970 145053 132200 98390 148340 99000 131282 141582 103610 146300 55310 144301 23570 110310 33840 105660 88961 120470 86332 92990 0 60500 192103 160183 159410 12420 151930 117680 162820 153600 87342 151053 142100 66231 90752 77660 113700 111341 87510 82860 165453 122140 73820 86340 151450 122240 151480 86960 41660 158120 140543 104130 94920 66870 82950 190643 147413 92642 78771 75411 29840 9030 170283 59840 118531 140110 94790 162131 61780 105900 70951 150420 102140 104220 63140 86902 
42200 89471 110990 86430 128340 46690 75610 85910 65700 103630 39670 88740 62870 58770 56140 75090 33400 65661 30550 44220 60310 0 136121 104601 104660 48330 96491 69670 107791 132800 31670 95120 94090 11350 34970 23850 75780 55780 69070 47730 109871 91570 20000 33220 100080 72590 101240 38580 21130 102631 84961 63340 83220 28230 74880 127191 91831 36970 54530 19850 69400 68680 114701 66220 62880 94200 46410 106280 63600 53860 18740 96511 53370 55450 9380 31230 
94962 86340 87260 107920 83240 117650 94950 110930 91490 48860 165910 118530 184492 122760 169330 94080 114060 112650 107370 96432 191961 135731 0 78671 131950 180911 60540 142440 28700 78790 107250 104950 152110 133370 102590 113640 80820 109070 118200 154700 103921 81290 117540 122390 130970 67780 146070 129760 152521 66730 87310 149310 111180 145210 125920 93700 58530 111160 163800 125980 188992 195002 90841 151410 105500 53730 128010 131720 145550 121790 133130 39610 85712 81932 128373 113080 
72780 28760 103131 114681 110051 82690 47441 58220 84031 66391 132520 63050 160620 83420 149330 95031 80240 70401 76880 81940 159411 103861 76581 0 72630 148361 20030 98291 49291 108111 73510 45630 104151 99980 71900 84880 77161 70700 116231 121310 40980 89521 88780 89000 71970 55401 93260 95020 120651 22660 33831 113601 115541 111820 128671 26410 20380 77340 130410 92590 167150 167911 16080 142120 65400 62701 93070 71740 135310 83310 99740 37381 74590 72763 101190 79270 
86050 46830 146840 141650 156361 59960 37660 22170 107270 116480 114190 17220 165790 48740 155750 122570 74230 40380 79760 95110 158850 104900 131360 72830 0 146540 82670 51340 103750 155890 75190 27470 43540 94390 75500 89090 107890 49350 136630 86650 34490 127420 91920 73700 5380 89390 26580 69380 114510 87810 45370 67230 141460 94340 145630 94300 78010 68860 95470 86580 173630 167350 66540 155600 44150 108940 62740 3900 148830 51750 89520 92730 93450 92670 102290 75310 
80590 133612 135570 101760 151710 87040 119841 130141 96890 142770 43350 132470 31820 98350 38740 102130 77130 108510 74891 82610 12370 48540 180662 148742 145480 0 140632 105720 151932 156970 75680 139612 130140 54400 79311 67280 106980 99510 84920 70900 154012 118610 63440 74380 139490 111860 139520 75000 29700 146772 129102 92170 98250 54910 86280 171332 135972 80880 66691 63580 38350 20910 158842 64110 106700 133720 82830 148230 65110 93940 59120 140040 91760 93840 52760 75240 
61460 36580 86090 97640 93010 75310 47720 63110 66990 49350 124710 70500 151370 80230 140080 77990 72860 69530 69500 67930 151110 96061 59540 21440 82720 140561 0 98980 32250 91070 66130 55720 105090 92170 64520 76110 60120 66730 99190 113500 52350 72480 80010 81190 82060 38360 99810 87620 112851 6810 38490 106840 98500 104010 111630 34590 5940 69960 122600 84780 157900 159260 36250 126722 62830 45660 85670 82490 119952 79450 91930 20340 59250 55722 92280 71890 
79070 73421 148700 137740 163361 30710 52200 48880 103450 123810 68550 47850 128980 22240 124450 118750 47060 29420 61520 87650 117710 69600 141330 98141 51320 105400 98290 0 112730 162890 55020 62080 25090 59240 61850 68710 109750 36260 125460 41010 79160 129280 66720 39530 46460 93810 37510 31170 76300 104480 66471 16560 137550 55480 133000 122771 93510 44370 46070 51820 135510 126210 102701 134070 37790 115510 24240 54070 130960 23280 52090 101300 87780 89360 71260 50570 
69290 58670 72900 89770 69220 89080 66430 82410 68570 30710 137340 90010 160692 94190 145450 73810 85490 84060 78850 73122 161750 107211 28530 51001 103880 151711 32870 113870 0 64770 78680 77280 123080 104800 74070 85120 60130 80500 98430 126130 76251 63140 89020 93820 102450 43890 117090 101190 124001 39060 59640 120740 93030 116640 106820 66030 30860 82590 135230 97410 165192 169900 63171 128440 76930 33980 99440 104050 121670 93220 104560 11940 62402 58622 102080 84510 
94870 117380 26920 56080 6640 137930 118840 134820 68610 42260 175570 142420 134720 143840 119780 58500 129081 134250 114771 90900 153210 132740 78720 109711 156290 156340 91580 164520 64940 0 119111 132110 174860 139150 112331 116151 60780 130220 73090 173720 134961 41050 120181 139951 154860 72730 169680 147871 150160 97770 116100 169600 59340 155710 74080 124740 89570 128250 182820 134730 141250 151910 121881 98140 127100 48260 148300 157790 94560 142070 141770 75150 83410 80880 124570 124871 
26620 58810 100641 85660 115281 24690 44200 54500 54611 82950 59390 59620 91800 36940 81760 69911 9970 36841 6810 34640 87040 31490 106690 74040 74660 75360 66170 54910 78310 118980 0 63710 74270 26040 7090 14970 61691 27520 73560 52140 79210 81221 16730 19800 70960 49320 76441 27720 47190 72310 53990 54540 84760 39810 81100 96620 61510 11080 60960 18650 98330 95540 83950 85830 33150 74650 33380 76160 79060 32030 25800 67400 38941 40531 28410 5760 
69110 19540 124761 120580 132531 57440 22000 14450 86200 92660 115000 19280 154830 49450 143540 101500 67320 35520 68170 78270 150800 95090 104640 45540 27320 139750 55380 62180 77350 132060 63600 0 63360 87530 63910 77500 86820 43730 117980 95230 17690 106350 80330 70540 26660 67610 47950 69760 110790 60520 18870 77530 120390 93830 127380 70180 50720 61950 104050 80140 161360 159300 44370 138370 38050 85110 63490 27090 131600 50880 86030 65440 73100 71600 92010 68200 
95080 79071 161510 154170 174101 50510 57850 50360 119460 134550 93130 45410 153560 39290 147780 134760 66680 39530 81140 104140 142290 94180 150860 103791 43770 129980 105150 25080 122390 173630 74640 63600 0 83820 80850 88650 122260 52260 145660 65210 75570 141930 86660 64110 38910 104550 20910 55750 100880 111340 72121 39950 153980 80060 153480 128421 100490 63950 69460 76400 161720 150790 107230 157620 48530 126250 48820 45860 151440 42300 76670 111280 103790 105370 94320 70190 
44730 84990 116960 92980 134190 36220 67930 75790 69990 104611 37650 78270 73640 48300 66950 81180 22930 55430 27250 48510 66480 11340 133530 100460 94190 54630 92350 59410 105010 138890 26170 87440 83830 0 31670 24480 80070 45310 76070 40260 104700 97540 20020 22750 89610 71700 90770 28320 26310 98490 80170 53080 90220 21070 83610 123050 87690 26680 47270 9380 80170 74980 110560 77350 52500 95381 36150 95810 74730 43390 8480 93580 57660 59740 14800 25190 
19870 57850 93891 79470 108531 31630 44780 55240 47861 77290 64790 61710 92980 43520 82940 63161 17060 42780 5180 28240 90220 34670 102460 72740 75400 79170 64850 61850 74560 112991 7090 64450 80850 31050 0 14510 54941 32350 68920 59230 78250 74471 17600 26890 73160 43660 80250 34810 51340 70990 53340 61480 78830 45210 77530 95050 60190 18020 68050 24050 99510 98720 82650 84960 35280 68990 40320 76900 78190 38970 31200 63650 32191 33781 30010 12850 
22710 71270 96800 73260 111440 38900 58370 68670 49830 82591 60000 74710 79240 51150 69200 61460 24130 51201 10230 27250 77180 23710 113240 85360 88830 67460 76230 68640 85630 115900 15160 77880 88480 24370 14520 0 58560 42690 58840 59710 91670 77380 4670 30460 86050 49680 90801 38380 42140 82420 67390 66600 72360 40930 66380 107760 72650 25560 67070 21390 85770 85330 95270 71110 48170 73361 46210 90330 64340 46240 26990 74720 35690 37770 16270 19820 
36550 76540 41570 38700 56210 82540 71740 87720 12550 34840 114950 94320 102820 90340 87880 19050 70741 83200 56431 33800 113880 75600 81110 78021 108010 106960 59890 110170 60540 60670 60771 86150 122790 79961 53991 57811 0 76840 40980 112911 96450 22150 61711 80571 106760 24430 118070 88491 92290 66080 74180 113970 39560 96521 52980 93050 57880 71130 122671 75541 109350 119130 90191 71400 75160 28900 92810 109510 64630 86680 82581 54320 25090 22490 67870 66531 
47910 48361 116110 106580 130150 15650 27180 31060 72290 91800 71490 33540 116740 14200 106700 87590 25180 12890 33840 56970 111280 55900 108820 71350 49460 99430 67430 35740 80440 130450 27410 43990 52100 45390 32890 42380 77160 0 98490 57870 61250 96690 43380 28290 44880 59920 51990 28060 70951 73570 40660 43500 106390 51580 107100 93650 62770 19810 66690 38000 123270 119780 77641 113240 7790 83500 26220 51080 106470 13970 43890 69530 56620 58200 53240 26260 
51130 109390 51670 17860 67810 96140 103040 115640 35170 71710 106620 122110 68980 108390 54040 26730 81810 105740 68290 42480 87200 69200 118810 117341 135800 85450 99210 125880 98810 73070 73590 117490 145330 76420 68600 58790 40980 97730 0 113710 129790 40380 59270 87700 134550 61940 142200 94910 82820 105400 105520 123130 14530 94930 13610 132370 97200 83270 121070 75390 75510 85900 129511 36400 98240 66450 102740 137300 30790 103480 80990 93900 46840 47900 61790 77530 
78220 105211 154550 130450 170240 42850 82860 82220 106831 134980 30790 82090 98240 48940 99000 118650 44010 59730 57840 84910 82460 47730 154610 121370 86890 70090 113260 40990 125920 174030 52210 95380 65030 39670 59310 59840 113911 58770 113730 0 112990 133840 55380 33550 82030 100880 77450 30260 45390 119400 97091 25590 127880 25940 121270 143960 108600 43960 9820 40130 104770 91000 131470 112980 63230 126510 32720 89640 110360 45060 34700 114490 91161 92751 53970 47660 
81540 21790 129541 133010 136461 75420 39980 32430 98630 92801 134780 32310 168420 67430 157130 113930 85300 53500 84520 90700 166631 111081 102991 41030 34440 155581 52330 79330 75701 134521 80330 18410 75550 105510 79540 93120 96930 61710 130410 114800 0 113370 96940 88530 38380 74160 55500 87740 127871 56010 29260 94690 132820 111810 139810 59810 48050 79930 123830 98120 174950 175131 32050 150800 56030 89111 81470 30760 144030 68860 104010 63791 85530 84030 108740 86090 
56280 92670 19420 26630 36530 102290 91620 107600 30020 34780 132410 114200 105270 110220 90330 17690 90491 103080 76181 52310 122290 91490 81880 90991 127890 118950 72860 129920 63010 40990 80521 106030 142700 97810 73741 77561 22190 96720 40340 134380 112580 0 79260 100321 126640 40260 137950 108241 106410 79050 90860 134141 29890 115690 44630 106020 70850 90880 143480 95291 111800 122460 103161 68690 95040 31310 112560 129390 65110 106430 101750 61900 44820 42290 83760 86281 
26430 74810 98660 75120 113300 36870 61090 71390 51690 86311 55550 75851 75470 49120 65430 63320 22540 52251 13140 30210 73410 19940 116960 88900 91550 63690 79950 66610 89350 119820 16880 80600 86450 19920 17430 4750 61770 43570 59280 55260 95210 79240 0 28430 87191 53400 91590 36350 38370 86140 70460 64570 73430 36480 66820 111300 76190 24000 62620 16940 82000 81560 98810 71360 49470 77081 44180 93050 64780 44210 22540 78440 39360 41440 12500 18260 
46520 72030 120541 103000 135571 14360 51780 57000 74511 101860 44900 59480 94740 26440 88230 89811 11690 35170 26290 54280 86360 33450 121910 88720 73740 74050 80610 39830 93220 140031 19890 69930 63770 22940 26990 30330 81591 27780 87620 33970 87190 101121 28340 0 68880 68230 68910 9270 44950 86750 64430 37490 101770 24990 95160 111310 75950 11310 42790 14520 101270 94860 98820 97410 34310 93560 17100 76490 93120 21530 17460 81840 58841 60431 34600 15340 
84690 46060 145480 140290 155001 55120 36300 20740 105910 115120 109350 13150 160970 43900 150930 121210 69410 35540 76620 93750 151080 100080 130000 72060 5450 138770 81900 46500 102390 154530 70630 26700 38700 89570 73000 85600 106530 44530 135270 81810 38530 126060 87110 68860 0 88030 22620 64540 109670 87040 44600 62390 140100 89500 144270 96700 77240 64040 90630 81740 168810 159580 69710 154240 39330 107580 57900 8200 147470 46910 84680 91480 92090 91310 97470 70490 
31250 53610 59680 61180 71240 67050 52900 68880 29580 33980 108900 76020 119890 73190 105630 41530 59110 65210 46860 32650 121440 72650 67530 56181 89710 111720 38050 94460 43990 72630 49140 66920 104800 71760 43640 49610 24170 59690 61780 100870 73520 40260 53510 68600 88460 0 100080 75970 90140 44240 51510 98570 62040 87640 74220 71210 36040 57370 109970 66480 124390 129590 68351 89150 58010 25680 77410 91210 82380 71190 73630 33050 21930 18150 64920 54900 
92340 67270 157040 151300 168891 55580 51850 40300 116720 128920 105160 32710 162420 44360 152850 132020 71750 39760 83721 101400 151410 101130 144660 93270 26750 139100 99150 37390 116190 168420 76911 47910 20950 90620 80160 91131 117930 52000 143210 77520 55520 137460 91730 69320 22780 100080 0 64870 110000 105340 64800 52260 151110 89830 151920 115470 94490 68840 81770 82200 170840 159910 87570 161890 46800 121350 57940 25810 155120 47370 85140 105280 101050 102140 99390 75260 
54480 75261 128400 110960 143531 13060 54080 56750 82471 109650 45330 58410 98270 23620 93740 97771 19650 34260 34250 62240 87000 38890 129750 95260 69620 74690 88030 31360 101060 147991 27850 69910 55780 28530 34950 38290 89450 28980 94750 30260 87170 108980 36300 8820 64760 76020 64790 0 45590 94170 67960 28220 108900 25420 102290 117790 83370 19100 39080 21110 104800 95500 104541 103360 34450 101350 8100 72370 100250 19590 21380 89630 66801 68391 40550 23300 
59790 106482 129500 99920 146400 57690 91830 100801 82820 122260 24350 103281 53480 69000 55580 90540 49170 79160 47680 61810 41760 21720 153132 121612 115000 29450 113502 76740 124802 150860 47890 111340 101160 26420 52100 42481 92910 71211 82440 45140 126882 107020 38631 45030 110140 90180 110170 45650 0 119642 101890 65280 96590 27480 87180 144202 108842 52920 48970 35620 60010 50260 131712 72540 78111 112830 53480 117750 71460 64590 30110 113522 70960 73040 29840 47450 
67340 41910 91970 103520 98890 80450 53140 68530 72870 55230 129850 75920 157250 85370 145960 83870 78000 74950 74640 73810 156751 101201 65420 24170 87740 145701 5970 104200 38130 96950 71270 60740 110510 97310 69660 81990 66000 71870 105070 118640 56090 78360 85890 86330 87080 44240 105230 92770 117991 0 44010 111990 104380 109150 117510 37320 11820 75100 127740 89920 163780 165140 38980 132602 68100 51540 90820 86850 125832 84590 97070 26220 65130 61602 98160 77030 
56620 8540 108251 108090 116021 55050 15280 26080 73710 76040 109270 32620 143150 52710 131860 89010 59260 38240 58420 65780 140531 84981 87110 33590 45110 129481 38370 66130 59820 115550 54180 18720 71990 80220 53440 67750 74330 40100 105490 96950 28940 91320 70840 65380 44450 51840 64560 67460 101370 44560 0 81440 107900 88670 114890 58220 33510 55410 105770 72830 149680 149031 37820 125880 34690 68600 65210 45240 119110 52600 79410 47910 60610 59110 82590 59940 
81190 88251 154400 139150 169780 32290 67070 64390 107580 130630 54700 63870 118310 31160 115840 122880 46870 43170 61330 88220 104540 63430 149320 112971 67340 92170 107100 16520 120630 169600 54830 77590 39820 53070 61660 66480 113880 44260 122940 25510 94740 133690 64490 37010 62480 98310 52240 28190 65180 113240 81301 0 137090 42780 130480 135660 102440 44180 29760 49300 124840 113080 117531 129190 48370 121890 21760 70090 126570 30370 45920 109200 91910 93490 66620 50380 
60170 111630 37880 3600 54020 109680 105320 121300 36280 64430 120810 127900 76210 118180 61270 21120 94890 113030 79050 52510 94430 83390 111530 116281 141590 97830 98150 137310 92660 59280 85270 119730 153050 90610 78490 72870 39600 105430 14530 127900 132030 29650 73460 101890 140340 61720 149730 109100 97010 104340 107760 137320 0 109120 14820 131310 96140 96200 135260 89580 82740 93130 128451 39630 105530 60930 116930 143090 36050 113820 95180 91520 51520 49850 75980 90580 
61920 96140 135880 112340 153110 37670 75890 81110 88910 121991 23040 83590 80600 48980 79040 100540 33020 59140 41650 67430 67130 28510 146070 112830 94980 54760 104720 55310 117380 158450 40290 94040 79730 21300 45950 41730 97770 51890 95620 25820 111300 116460 37270 25010 90120 88000 90150 25630 27470 110860 88540 42650 109770 0 101790 135420 100060 35420 30750 22560 87130 75670 122930 93020 58420 112761 33460 97730 90400 44570 16590 105950 74900 76980 35600 36450 
60130 118880 52540 18200 68680 103680 112200 124640 46130 79090 111440 131110 63900 115930 48960 34330 89350 114740 75830 51270 82120 74910 126190 128301 145080 85520 110170 133420 106960 73940 81130 126980 153260 83960 77390 66330 51940 106730 11300 121250 139280 44310 66810 95240 143830 72910 151290 102450 87640 116360 115010 130670 14830 101780 0 143330 108160 90810 128330 82930 70430 80820 140471 26200 107240 74600 110280 146580 22620 111020 88530 104860 56330 58860 69330 85070 
94360 53480 118990 130540 125910 104720 71010 83040 99890 82250 154790 87870 182710 106400 171420 110890 102270 94300 98910 100830 189591 126131 92440 26810 94470 170631 34090 122991 65150 123970 95540 70450 128851 122250 93920 106910 93020 92900 132090 143580 60030 105380 110810 111270 96790 71260 115930 117050 142921 36720 58531 136270 131400 134090 144530 0 37930 99370 152680 114860 189240 190181 29940 161082 87600 78560 115100 90790 154312 106290 122010 53240 92150 88622 123280 101300 
60000 31330 84630 96180 91550 70720 43000 58390 65530 47890 120120 65630 148420 75640 137130 76530 68270 64810 64910 66470 147021 91471 58080 21800 77470 135971 5750 94060 30790 89610 61540 50470 100370 87580 59930 72820 58660 62140 97730 108910 48020 71020 76720 76600 76810 36900 95090 83030 108261 11940 33240 102250 97040 99420 110170 37870 0 65370 118010 80190 154950 155521 34220 125262 58110 44200 81080 77240 118492 74860 87340 18880 57790 54270 88990 67300 
37450 62410 109870 95500 124510 14180 42460 50400 64620 91120 55000 52880 97120 26430 87080 79920 5560 30460 17590 44480 92410 36710 110700 77740 68800 80570 69870 44400 82010 127700 11090 61970 63760 26630 17920 25370 70920 19840 83040 44070 79230 90450 23760 11800 64220 57490 68900 19170 52400 76010 55110 44030 94600 35090 90580 100320 65210 0 52890 19240 103650 100920 87650 94720 27030 82820 22870 70420 88540 21520 25130 71100 48950 50530 33620 6640 
86620 113611 163850 138070 179790 51250 91260 90620 114640 144530 30120 90490 97880 57340 104420 126270 52410 68130 66240 93160 79020 54930 164120 130880 95290 66650 122770 45790 135430 183540 60610 103780 69090 47290 67710 67460 122950 67170 121350 9420 122690 143390 63000 41950 90430 110410 81510 38660 49190 128910 105491 29650 135500 30740 128450 153470 118110 52360 0 48290 104410 87560 140980 119680 71630 136060 41120 98040 117060 53460 42320 124000 99561 101151 61590 56060 
41280 78360 115330 91790 130990 28550 61300 69160 68360 101171 41890 71640 81970 40630 74450 79990 16300 48800 20900 46880 75050 19670 126900 93830 87560 63200 85720 52760 98380 135450 19540 80810 77180 9160 25200 21180 77130 38680 75070 40110 98070 95910 16720 15080 82980 67250 83100 21670 35030 91860 73540 49890 89220 22310 82610 116420 81060 20050 48450 0 88500 83550 103930 83630 45870 91931 29510 89180 80570 35720 8280 86950 54260 56340 20820 18560 
96720 152400 120280 86470 136420 113830 142010 152310 101360 142640 79890 155661 7790 126080 22170 98410 99800 132061 94980 96510 29810 69640 188551 167070 172180 37860 157280 135640 165881 141680 98070 160280 160720 79990 99290 85700 109520 122820 75730 104740 173330 112050 81860 101350 167600 124880 169030 104550 61000 163470 148510 125110 83140 87310 71170 189470 154360 103370 104091 88850 0 25390 176980 48060 129280 136810 112380 173800 50000 121170 84710 155770 105660 107740 71340 97630 
98680 153353 131030 97220 147170 107470 139582 149882 108640 151330 63780 152601 19680 118780 32780 109160 97261 128940 94632 100700 9140 68820 193871 168483 167880 20890 159640 126150 170530 152430 95642 159353 150570 74531 98960 85370 118730 119641 86340 91330 173753 122800 81530 94810 159920 129950 159950 95430 50130 165830 148843 112600 93750 75340 81780 191073 155713 100942 87241 83711 25950 0 178583 58670 126831 145140 103260 170601 60610 114370 79251 158130 109850 111930 70850 95202 
82280 29300 116111 127661 123031 91930 51190 56890 97011 79371 142260 61720 170180 88750 158890 108011 89740 74150 86380 91440 169151 113601 89561 16030 66290 158101 35960 102040 62271 121091 83010 44300 105840 109720 81400 94380 90141 76530 129211 131050 31850 102501 98280 98740 70230 68381 87350 104340 130391 38590 37510 117350 128521 121560 140550 29600 33570 86840 140150 102330 176710 177651 0 151620 71120 75681 101550 62610 144810 88940 109480 50361 84090 82590 110750 88770 
69720 129700 76810 43000 92950 107140 121790 134230 63240 103010 96890 140700 41210 119390 26270 58030 92840 120831 79860 61830 59430 66250 151900 142890 154670 63780 126430 134650 128840 98210 84790 137800 156750 77390 84150 69990 71400 112320 34300 113030 150100 68580 70470 97110 153420 89160 160880 103560 73720 132620 125830 129170 39670 93050 26080 160311 124420 94300 119600 84070 47740 58130 152800 0 116830 98280 111390 156170 10080 114480 84570 121430 68560 71960 63460 88560 
47710 42831 114150 106380 127761 21430 21650 25270 72090 88640 77510 27750 122810 18550 112770 87390 31890 8680 38460 56770 117990 62400 105420 66230 43670 106140 63620 37930 77040 127290 32470 38200 48270 52100 34840 47440 75200 7070 98290 62790 55460 94730 48950 34310 39090 57960 46200 33840 77441 69810 35540 47970 106190 57600 106900 88530 58960 26520 71610 44710 129340 126490 72111 116870 0 80340 31050 45290 110100 18440 50040 66130 56420 58000 59310 32970 
53910 70530 42340 57860 49210 90550 71780 87760 40000 9410 132571 95360 130040 96690 115100 41740 84540 87220 71361 54250 140700 94250 53830 64181 109230 134130 46050 116470 34220 47270 74570 85050 126810 94891 68921 72741 28720 83190 66360 126490 89431 31300 76641 94030 107800 25790 122090 101400 112390 52240 69040 122080 61120 111881 74750 79210 44040 82800 135590 90471 136570 145770 76351 98170 80070 0 100910 110730 91400 94690 97511 32580 43530 39750 86520 80330 
60200 72251 131840 118250 147650 11300 51070 50430 86590 109280 53070 51940 106010 17150 101480 101890 25880 27940 40340 67230 94740 46630 128240 93340 63150 82430 86110 24230 99550 148250 33840 63590 48650 36270 40680 46030 92890 27220 102490 32460 80850 112420 44040 16560 58290 77320 57860 8200 53330 92250 65301 21490 116640 33160 110030 115870 81450 23190 41280 28850 112540 103240 101531 111100 31440 100900 0 65900 107990 13270 29120 88120 70920 72500 48290 29390 
87100 46400 147890 142700 157411 62800 38710 23220 108320 117530 117030 17750 166930 51580 156890 123620 75370 42160 80810 96160 161690 106040 131500 71980 4040 149380 82240 54180 104210 156940 76240 27040 45960 95530 76550 90140 108940 50490 137680 89490 30950 128470 92970 76540 8220 90440 25910 72220 117350 86960 45440 70070 142510 97180 146680 90760 77580 70000 98310 88140 174770 170190 63000 156650 45290 109990 65580 0 149880 54590 92360 92300 94500 93720 103430 76450 
63430 123410 73370 39560 89510 101800 115500 127940 56950 97820 96350 134410 43110 114050 28170 54000 87470 115461 74490 55540 61330 63590 145720 136520 148380 64800 120140 131480 122550 94770 79420 131510 151380 74730 78710 64620 65110 106950 30860 110370 143810 65140 65100 93300 147130 82870 154590 100390 73180 126330 119540 126510 36230 90390 22640 154021 118130 88930 116940 80870 49640 60030 146430 10010 110540 91990 108220 149880 0 109140 81910 115140 62270 65670 60800 83190 
55790 59651 125420 114460 140060 8240 38470 37830 80170 102680 63660 39640 115080 4910 105510 95480 24410 15340 38870 64370 105330 53790 121170 83550 52210 93020 79590 23490 92480 141600 32370 50990 42240 43280 39120 46380 86470 14730 103670 44720 68250 106000 44390 21980 47350 70800 47380 19250 63920 85730 52701 30390 114270 43750 111210 105850 74930 21720 53540 34860 121610 113830 88931 114770 18840 94380 12980 54960 109170 0 37800 81570 64500 66080 52050 27920 
47310 84730 121270 97730 138500 30890 66300 73530 74300 107191 36070 76010 78110 42970 73190 85930 21650 51700 27270 52820 70710 18290 133270 100200 90270 58860 92090 52340 104750 143640 25910 85810 76760 7930 31570 27120 83160 43680 81010 34710 103070 101850 22660 17420 85410 73620 85440 21250 30210 98230 78950 46010 95160 16160 88550 122790 87430 25050 42300 8140 84640 79210 110300 84140 50840 97961 29080 93020 81520 38060 0 93320 60290 62370 21440 24210 
58830 46730 72890 88410 76870 78120 55580 71560 61590 33210 126410 79160 150260 83150 138390 71920 74560 73210 68730 65110 150000 96211 39200 39061 92340 140280 20930 102460 12320 74930 67830 65340 111520 93870 63950 75000 54180 69650 93790 115200 64311 61850 78900 82890 91600 33670 106240 90260 113001 27120 47700 109780 91670 105710 105300 54090 18920 71660 124300 86480 156790 158150 51231 121460 66080 32460 88480 92110 114690 82260 93630 0 54820 51040 91170 73590 
12990 64330 64030 51600 78670 60000 57980 72130 17970 53030 91680 78600 97540 68500 84980 33270 48201 63350 33300 12000 100550 52330 85661 74990 92290 90830 59460 87630 62991 83130 38231 72430 102940 56830 31451 34560 25080 55750 46800 90240 84740 44610 38260 58031 91040 22190 99620 65951 69820 65650 60460 91430 51410 73390 56200 92620 57450 48590 99060 52410 104070 107750 84900 68500 55850 43800 70270 93790 61730 64140 59450 54460 0 5050 44600 43991 
15800 62880 61400 49970 76040 60930 56570 72550 15590 48820 93981 79150 100350 69430 88120 30890 49131 64280 34821 15140 103370 55140 81451 73381 92840 93650 55250 88560 58781 80500 39161 70980 103870 58351 32381 36201 22450 56680 47590 91301 83280 41980 40101 58961 91590 17980 100550 66881 72630 61440 59010 92360 49780 74911 58920 88410 53240 49520 100121 53931 106880 110560 83280 71640 56780 39590 71200 94340 64870 65070 60971 50250 4420 0 47410 44921 
34290 87340 103080 78980 119970 44530 72710 83010 57790 95520 48600 86361 65290 56780 55250 67180 30500 62761 25650 36310 63230 9250 128282 101450 102281 53510 92400 72300 102990 124430 28650 92220 94110 15820 29960 16380 67870 53520 61870 55030 107740 83660 12530 34500 97701 64680 99250 41210 29170 98590 82650 67600 76020 35840 69410 123850 88720 34070 62040 21720 71820 71380 111360 63370 59980 86290 49040 103901 60750 51870 23000 90890 45460 47540 0 28330 
32300 64490 106321 91080 120961 20240 48760 56760 60291 88630 55510 59240 91500 32490 81460 75591 5200 36820 12070 40060 86800 31090 112680 79720 75160 74950 71850 50460 83990 124660 5670 68270 69820 24570 12770 19750 67371 26200 77420 47370 84890 86901 18140 15030 70580 55000 74960 22950 46780 77990 59670 50090 90180 35600 84960 102300 67190 6630 56190 17180 98030 95290 89630 89100 33330 80330 28930 76780 82920 27580 23550 73080 44621 46211 28000 0 

0 Ciudad_0 0 0 32400 0
1 Ciudad_1 500 23650 27055 1000
2 Ciudad_2 281 6745 10657 562
3 Ciudad_3 321 5026 9159 642
4 Ciudad_4 413 22935 25462 826
5 Ciudad_5 402 17675 20113 804
6 Ciudad_6 186 16017 19017 372
7 Ciudad_7 325 15651 18676 650
8 Ciudad_8 793 15103 17448 1586
9 Ciudad_9 762 3048 7151 1524
10 Ciudad_10 252 22283 24800 504
11 Ciudad_11 681 22337 25436 1362
12 Ciudad_12 606 9995 14681 1212
13 Ciudad_13 333 16721 20651 666
14 Ciudad_14 216 6851 11524 432
15 Ciudad_15 551 2413 5251 1102
16 Ciudad_16 629 7220 10705 1258
17 Ciudad_17 329 2884 5925 658
18 Ciudad_18 559 4386 9022 1118
19 Ciudad_19 103 7122 10133 206
20 Ciudad_20 443 16806 19109 886
21 Ciudad_21 813 15850 18375 1626
22 Ciudad_22 125 13413 17510 250
23 Ciudad_23 464 5877 10187 928
24 Ciudad_24 811 8151 11650 1622
25 Ciudad_25 424 25006 28208 848
26 Ciudad_26 611 9319 11838 1222
27 Ciudad_27 320 18811 22568 640
28 Ciudad_28 140 14455 18579 280
29 Ciudad_29 241 6086 9800 482
30 Ciudad_30 681 9263 13092 1362
31 Ciudad_31 499 15870 18810 998
32 Ciudad_32 827 18814 21549 1654
33 Ciudad_33 806 11997 14707 1612
34 Ciudad_34 659 12461 14497 1318
35 Ciudad_35 811 21877 25292 1622
36 Ciudad_36 414 17538 20591 828
37 Ciudad_37 706 14333 17800 1412
38 Ciudad_38 567 20800 24172 1134
39 Ciudad_39 267 18702 21176 534
40 Ciudad_40 276 11098 14228 552
41 Ciudad_41 632 15496 20265 1264
42 Ciudad_42 570 8178 12038 1140
43 Ciudad_43 289 20229 24967 578
44 Ciudad_44 329 9537 11632 658
45 Ciudad_45 498 19099 22820 996
46 Ciudad_46 210 6450 11394 420
47 Ciudad_47 724 17981 21160 1448
48 Ciudad_48 810 3571 6153 1620
49 Ciudad_49 618 3458 8449 1236
50 Ciudad_50 573 8686 13237 1146
51 Ciudad_51 289 15962 19802 578
52 Ciudad_52 479 10026 13254 958
53 Ciudad_53 552 9217 12853 1104
54 Ciudad_54 142 26991 29015 284
55 Ciudad_55 691 14501 17913 1382
56 Ciudad_56 446 20685 25412 892
57 Ciudad_57 650 18100 20786 1300
58 Ciudad_58 792 19653 22241 1584
59 Ciudad_59 604 9066 13636 1208
60 Ciudad_60 229 14054 18811 458
61 Ciudad_61 246 4841 8390 492
62 Ciudad_62 748 22198 27090 1496
63 Ciudad_63 580 14425 18745 1160
64 Ciudad_64 253 11764 14321 506
65 Ciudad_65 214 8793 12767 428
66 Ciudad_66 249 22450 26047 498
67 Ciudad_67 559 18871 22465 1118
68 Ciudad_68 404 24746 27866 808
69 Ciudad_69 252 5782 8089 504
70 Ciudad_70 692 9378 12658 1384
71 Ciudad_71 441 24346 26527 882
72 Ciudad_72 452 11459 14240 904
73 Ciudad_73 467 13950 17484 934
74 Ciudad_74 367 22330 26504 734
75 Ciudad_75 802 11915 14909 1604

0 0.0511322 0.0246169 0.00307343 0.0493824 -0.00658299 0.09778 -0.0579009 0.0254736 -0.0541832 0.0189372 0.0567096 -0.045037 0.0948516 -0.0053392 -0.0758253 -0.0174903 0.0156914 0.00205408 0.044475 -0.0181576 -0.0691639 0.00771276 -0.0613986 0.0177735 -0.091206 0.0137428 0.0226081 -0.0358418 -0.0812551 0.0292682 0.00617719 -0.0898457 -0.00854986 0.0560987 0.0963174 0.050011 0.00170675 0.00580208 0.071746 0.0436357 0.0582487 -0.0893826 0.0643661 0.0815964 -0.0746924 0.0493539 0.0644377 0.0454669 -0.0694075 -0.0169824 0.0533465 -0.0841065 0.0939262 -0.0560773 0.0349234 0.0142345 -0.0266078 -0.0786572 0.0262902 0.0911381 0.0938975 0.00472478 0.060883 0.0482129 -0.0961477 -0.0569762 -0.0476854 -0.0995824 -0.0422986 0.0216426 0.042799 -0.0783695 0.0802372 -0.0696855 0.066161 
-0.0511322 0 0.0366223 -0.0463182 0.067405 -0.0753237 0.0592934 0.0260444 -0.0706577 -0.0935317 -0.0305609 0.0757758 0.0210869 0.0489676 -0.0832883 0.066847 0.0137798 -0.0805104 -0.0646073 0.0610937 0.0904024 0.0252779 -0.00662181 0.0442651 0.0465822 -0.0891001 0.000146488 0.0268292 -0.0167752 -0.0162361 -0.00310155 0.0372987 0.0985507 0.0801571 0.0610453 -0.0416662 0.0194837 -0.00194965 0.0360932 0.0934186 -0.0923218 0.0567122 0.0863654 0.0918534 -0.0479875 -0.0418401 0.0858583 -0.0270644 -0.0702129 0.00289738 0.0338449 0.0275085 0.0630149 -0.0775447 -0.076689 -0.00877181 -0.0510785 0.00488395 0.070678 -0.0186497 -0.0330616 -0.088742 0.0625483 -0.0361093 0.0670463 0.058341 0.0406302 0.0575816 0.0262684 0.0590535 -0.00851529 0.0895491 0.0748297 0.0665371 0.0238757 -0.0781171 
-0.0246169 -0.0366223 0 0.059644 -0.0879869 0.0328284 0.0970577 -0.0844218 0.0766159 -0.0227282 0.0989042 0.0155842 -0.00899988 0.0561382 -0.094261 -0.0193634 -0.0640315 -0.0147922 -0.00334419 0.0366833 0.0764488 0.082758 -0.06033 -0.0437266 -0.0647905 -0.0152976 0.0567579 -0.00601846 -0.0388708 -0.0243742 -0.00659332 0.0953823 -0.012248 0.0268737 -0.0150859 0.0236189 0.0627523 -0.0156165 -0.0201016 -0.00698126 0.0427856 0.0334253 -0.0259675 -0.0880911 -0.0173336 0.0218094 0.0241279 -0.0404146 0.0623572 0.088772 0.0020346 -0.0112371 0.094642 0.0745069 0.00944135 0.0152595 -0.0884961 -0.0169022 0.0757953 -0.0449888 0.000446314 0.0160557 -0.000761871 0.0900617 -0.00481745 0.00663947 0.00968771 -0.0285272 0.079574 -0.0985596 0.0895818 -0.0647285 -0.0607357 -0.0429412 0.0168732 0.0774521 
-0.00307343 0.0463182 -0.059644 0 0.069018 0.0807694 -0.00585747 0.0232259 -0.00680921 0.0875387 -0.0870921 0.0947502 -0.0583488 0.0709312 0.0148166 0.0318687 0.0750983 -0.0916835 -0.0271709 0.0304906 -0.0790219 0.0910467 -0.0127005 -0.059574 0.0764879 -0.0199679 -0.0721416 0.0651736 -0.075295 -0.0792294 0.0633047 -0.0767756 -0.0464688 0.0779321 0.0820774 -0.0248671 -0.0346803 0.0749947 -0.00521742 0.0858671 0.0838311 0.0411463 0.0101162 -0.0638206 -0.0531094 -0.0397941 0.0234282 0.0698791 -0.0908346 -0.0164324 0.0508727 0.0263943 0.0668654 -0.048952 0.0252679 -0.0358317 -0.0296793 0.0212354 -0.0538917 -0.0197451 -0.098814 -0.0531006 0.0224453 -0.0770234 -0.0884707 -0.0911587 0.0232587 0.0286541 -0.0992566 0.0833986 0.0902821 -0.010156 0.0740373 0.0617923 -0.000140933 0.058022 
-0.0493824 -0.067405 0.0879869 -0.069018 0 0.014623 -0.0813576 0.0572674 -0.0728362 -0.0596365 0.0927741 -0.0408823 0.0434454 -0.094562 -0.088358 -0.0200506 -0.013943 0.0211652 -0.0703586 0.0354011 0.097589 0.0480018 -0.0485732 -0.042508 -0.0166882 -0.00780121 0.0911677 -0.0138161 0.074329 0.00172737 0.0220631 0.00348202 -0.00402868 -0.057699 -0.0874885 0.0960439 -0.091668 -0.0732496 -0.096391 0.0957971 0.00646501 0.022338 0.0851958 0.0200131 -0.023064 -0.00681095 0.023482 0.0856106 -0.0850451 0.0910233 -0.0676156 -0.0980168 0.0692414 0.00770786 -0.0650076 -0.0959271 0.0668322 0.0998635 -0.0328218 0.0325694 0.00433758 0.0355995 0.0174612 -0.0226736 -0.0551806 -0.0188808 -0.0646111 -0.0854859 0.0101772 0.00114183 -0.0370288 -0.0905196 0.0947899 0.0489461 -0.0738899 0.0561121 
0.00658299 0.0753237 -0.0328284 -0.0807694 -0.014623 0 -0.0370578 0.0537999 -0.0971245 0.00360691 0.0213302 0.0497324 0.00217226 -0.0650256 -0.00592359 0.0493597 0.0890038 0.0125314 0.0534348 -0.00836615 0.0116428 -0.00501783 -0.0766301 0.0175169 0.0701222 -0.0909897 -0.030526 0.041887 0.0747265 0.0993935 0.0917463 -0.09361 -0.0724219 0.0266144 0.0169693 0.0660933 0.0322429 -0.0853763 -0.0727186 0.044249 -0.0954821 0.0526947 0.0798514 -0.0553509 -0.0302361 -0.0878825 -0.00199414 0.00527323 -0.0496453 -0.0118464 0.0530499 0.0275239 0.0579054 -0.0903084 -0.0985789 0.0319774 0.046794 0.0393168 0.076115 0.0452621 0.0866181 0.0267641 0.0616781 -0.0503579 -0.0161101 -0.0269399 -0.0762334 -0.0115417 0.0157234 -0.0413741 0.0481987 -0.0111885 -0.00700648 0.0977118 0.0573195 0.0703931 
-0.09778 -0.0592934 -0.0970577 0.00585747 0.0813576 0.0370578 0 -0.0294047 0.0643783 0.00948489 0.0185479 -0.048133 0.0869735 0.0794582 -0.0171773 0.0413621 0.0123015 -0.00704149 -0.0968121 -0.0882038 -0.031186 0.0790049 -0.0874245 0.0256712 -0.00621275 0.066467 0.0295362 0.070731 0.0139378 -0.00197758 -0.0914049 0.0387677 0.0427898 -0.0834183 -0.0381573 -0.083198 0.0351703 -0.0837015 -0.0409627 -0.0161622 -0.0287511 0.0351671 -0.0284771 -0.010882 0.0343634 0.0719833 0.08687 0.0626334 0.0104462 -0.0638613 -0.0761141 -0.0391854 0.0342409 0.00311535 0.095913 -0.0666026 -0.0346075 0.0407581 -0.0839372 0.014672 -0.0312711 0.0959763 0.0914495 -0.0945063 0.0439387 -0.00657321 -0.0767081 -0.0341649 -0.053027 0.0294839 -0.0741072 0.037473 -0.0182371 -0.0471348 0.0454325 -0.0280429 
0.0579009 -0.0260444 0.0844218 -0.0232259 -0.0572674 -0.0537999 0.0294047 0 -0.0863397 -0.097526 -0.000519443 0.033081 0.0281781 0.0822182 0.0999238 -0.0720922 0.0819455 0.00311396 0.0452211 -0.0403042 -0.0823916 -0.0637749 -0.0186114 -0.00356404 0.0825092 -0.0749661 0.000549665 0.0400618 -0.0829626 -0.0441464 0.0130694 0.0339502 -0.0609816 -0.0240598 0.0111417 0.0783575 -0.0789068 -0.0222435 -0.00659067 0.000961602 0.0191738 -0.0589672 0.081046 0.0491336 -0.0335596 0.0630163 -0.00757773 -0.016927 -0.0351907 0.0811774 -0.0584254 0.0629709 -0.0924335 -0.0458 0.0430873 -0.000568243 0.054142 -0.0239647 0.0330339 -0.0535117 -0.0752569 -0.0711599 0.00954168 -0.0141573 -0.0390327 -0.0935434 0.0789319 0.0817945 0.000784936 0.0967033 -0.0970312 0.0334209 -0.0647284 0.0670103 -0.0104473 0.00418279 
-0.0254736 0.0706577 -0.0766159 0.00680921 0.0728362 0.0971245 -0.0643783 0.0863397 0 0.0598518 0.0767835 -0.0381822 -0.0724347 0.0947042 0.0546173 -0.0801257 0.0399701 -0.0574612 0.0515067 0.0815006 -0.056386 0.0657227 -0.0976358 0.000604866 -0.0735584 0.0683711 -0.0655391 0.00588825 -0.0589232 0.0998953 0.0415694 0.0544141 -0.0852733 0.0619612 0.0465001 0.031692 -0.0411329 0.0958033 -0.031928 0.0276127 0.0342153 0.0519458 0.0294961 0.0821482 0.086109 -0.0159969 -0.0242552 -0.0498388 -0.00230021 0.0387872 -0.00600862 0.0740559 0.00800392 0.0417019 -0.0255529 -0.0104818 0.0459459 0.0650478 -0.0970379 -0.0607302 -0.0571733 0.0924918 0.0358667 0.0676504 -0.00759695 0.00896381 0.0610868 0.0547054 0.0817951 -0.0802077 0.0487375 0.0045619 -0.0459904 -0.0259521 -0.0518202 -0.0190676 
0.0541832 0.0935317 0.0227282 -0.0875387 0.0596365 -0.00360691 -0.00948489 0.097526 -0.0598518 0 0.0155841 -0.0645205 0.0360349 -0.0274626 -0.0669022 0.0861048 0.0011904 -0.0178791 0.0980223 -0.0755109 -0.0318581 0.0294615 -0.0957218 -0.0620005 -0.0415573 0.0197774 -0.0512127 -0.0807861 0.0137411 -0.00722374 0.00520599 0.0477522 -0.0245837 -0.0336425 0.0498703 0.0588092 0.0295588 0.0300344 0.0414774 0.0662271 -0.0520052 0.0894018 0.0292856 0.077647 -0.0319696 0.0150858 0.0476613 -0.000939085 0.0376218 0.0975691 0.0685181 -0.00317936 0.0944416 0.0446898 -0.0691097 -0.00757009 0.0154923 0.0424155 -0.0846588 0.046478 0.0974959 -0.0878102 -0.0411976 0.040112 0.0024245 -0.0483543 0.0527305 0.0250018 -0.0559154 -0.016746 0.0702123 -0.0106731 0.0154662 0.0422094 0.0160754 -0.0491019 
-0.0189372 0.0305609 -0.0989042 0.0870921 -0.0927741 -0.0213302 -0.0185479 0.000519443 -0.0767835 -0.0155841 0 0.0999874 0.0613868 -0.0429239 -0.0900047 0.0464673 -0.0678142 -0.032134 -0.0991746 0.0416429 0.058998 -0.0882675 -0.0594735 -0.0798666 -0.0607828 0.0798614 0.012815 -0.0689111 -0.085913 -0.0886036 -0.0672937 0.0560167 -0.00301532 0.0824974 0.00522897 -0.0951016 -0.0379082 -0.0907093 0.0055843 -0.00930629 0.0966848 0.0107091 0.0708844 0.0423387 -0.0301816 -0.0584743 -0.0435423 0.0314862 -0.0621818 -0.0245854 -0.0454472 -0.0378603 0.0805339 -0.038374 0.0811839 -0.0318391 -0.0416063 -0.0101793 0.0544229 -0.0719767 0.0030636 -0.0588564 0.0521468 0.0697479 -0.013425 -0.0365121 0.0554107 -0.0463033 0.0397862 0.0809382 -0.0401075 -0.0780146 -0.0479438 -0.0823511 0.0183898 0.0159599 
-0.0567096 -0.0757758 -0.0155842 -0.0947502 0.0408823 -0.0497324 0.048133 -0.033081 0.0381822 0.0645205 -0.0999874 0 -0.0405494 0.0754712 0.0579739 0.0986454 -0.0964356 0.0086821 0.0746927 0.0988508 -0.00885739 -0.0758315 -0.0813492 0.0146772 -0.0891385 0.0581422 0.0338277 -0.0542825 0.0788367 -0.0259108 -0.039487 0.0816742 0.0635367 0.0485738 0.0755835 0.067156 -0.0544289 -0.0303435 -0.0444454 -0.0201109 0.0731272 -0.0265306 -0.0641298 0.0474554 -0.0827203 -0.0700229 0.0614011 0.0756011 -0.0269495 -0.0520545 0.00695703 0.000678067 0.0644851 -0.0114217 -0.033752 -0.0286643 0.0471748 0.0545076 -0.063023 0.00332558 -0.04152 -0.0492084 -0.0075822 0.0459205 -6.66386e-05 -0.0631478 0.0328581 0.0998029 0.0712019 -0.0292204 0.0259259 -0.0142573 0.0958349 -0.0730035 -0.0286675 -0.0243098 
0.045037 -0.0210869 0.00899988 0.0583488 -0.0434454 -0.00217226 -0.0869735 -0.0281781 0.0724347 -0.0360349 -0.0613868 0.0405494 0 -0.0311562 0.017373 0.0140555 -0.0517739 0.0531047 -0.0540599 0.0542085 0.0500297 0.0933089 0.0847437 0.0565184 -0.0701259 0.0703941 0.0826199 -0.0472329 0.0372276 0.0658383 -0.0672357 -0.0717674 0.0284474 -0.099902 -0.0222306 -0.0975885 0.0591957 -0.000210733 -0.00365007 0.0572014 0.0156101 -0.0142148 -0.000323405 -0.0148858 0.035056 0.0848495 0.0631965 -0.0180051 -0.0284651 -0.0377137 0.0838614 -0.0680681 0.0696208 -0.0204303 0.04206 0.066844 -0.0737702 0.00260598 0.00957813 0.053837 0.075052 -0.0679323 0.07905 -0.00108719 0.0479877 0.00343064 -0.0514948 0.0320173 0.0643318 -0.0540718 -0.071012 -0.0784392 -0.0533841 -0.0923463 -0.0385319 0.0843002 
-0.0948516 -0.0489676 -0.0561382 -0.0709312 0.094562 0.0650256 -0.0794582 -0.0822182 -0.0947042 0.0274626 0.0429239 -0.0754712 0.0311562 0 0.0565316 0.0380701 0.0802543 0.0449149 0.0533215 -0.0736147 0.0187265 -0.0570123 -0.0323242 0.085551 -0.0339045 0.0226221 -0.0980164 -0.0360419 -0.0776013 0.0783625 0.0163354 -0.0390099 0.0869609 0.0791642 -0.0774516 -0.0287601 0.0771184 -0.047322 0.02758 -0.0690023 0.0635198 -0.0373552 0.0100568 -0.0784525 0.0694915 -0.0269408 0.0268749 -0.0314254 0.0178336 -0.0687915 -0.0583174 -0.0865583 0.0610797 -0.0474809 0.0146405 0.00401767 -0.00211914 -0.0475132 0.0461356 0.0437541 0.0181363 -0.0727267 -0.0800156 -0.0680421 -0.0476855 0.0861963 0.0798518 -0.00383325 0.00766418 0.0598713 -0.0340934 -0.0932437 -0.098459 0.0156796 -0.0720964 0.0331354 
0.0053392 0.0832883 0.094261 -0.0148166 0.088358 0.00592359 0.0171773 -0.0999238 -0.0546173 0.0669022 0.0900047 -0.0579739 -0.017373 -0.0565316 0 -0.0729725 0.0683262 -0.0377009 0.0400895 -0.0387064 0.049235 0.0920921 -0.0384677 0.0410943 -0.0990321 0.0826467 0.0800843 0.0821164 -0.0338909 -0.0926218 0.0776192 -0.0651226 -0.0598581 0.0795755 -0.0444309 0.0357948 0.0108504 -0.0360281 0.0490076 0.028013 -0.00633547 0.00822046 0.091663 0.0397638 0.0532861 -0.0120833 -0.00979616 0.0801684 -0.0341076 0.0107626 -0.0895351 0.043633 0.0777306 0.07731 -0.0576058 0.0106033 -0.0394102 -0.0690588 -0.0885008 0.0275204 -0.0708329 -0.0475213 0.0116692 -0.0937627 0.0118665 0.0644905 -0.0637438 0.0911177 -0.0528621 0.0512787 -0.0637505 -0.00505821 -0.0800496 -0.0730626 -0.0819045 0.0678696 
0.0758253 -0.066847 0.0193634 -0.0318687 0.0200506 -0.0493597 -0.0413621 0.0720922 0.0801257 -0.0861048 -0.0464673 -0.0986454 -0.0140555 -0.0380701 0.0729725 0 0.0122583 0.0653961 -0.0340017 -0.036238 0.0277124 -0.0633504 0.0853762 -0.0135564 -0.0308564 -0.0844106 0.00552544 0.0183584 0.000336888 -0.064081 -0.0151518 0.0654124 0.0637561 -0.0152243 0.0717827 -0.0885294 -0.067427 0.0572911 0.0119311 0.0176518 0.013383 0.091658 -0.074853 -0.00537648 -0.0371425 0.087363 -0.00103763 -0.0806248 -0.0674342 0.052853 0.0942701 0.031252 0.0491619 0.00387935 -0.0040051 0.0917956 -0.063096 0.0695234 -0.0162733 -0.0322988 0.0280018 0.04841 -0.0303069 -0.0220456 0.098756 -0.080202 0.0445826 -0.018494 0.0236292 0.0855141 -0.0574741 0.0645091 -0.00707636 0.0470777 -0.022036 -0.0128966 
0.0174903 -0.0137798 0.0640315 -0.0750983 0.013943 -0.0890038 -0.0123015 -0.0819455 -0.0399701 -0.0011904 0.0678142 0.0964356 0.0517739 -0.0802543 -0.0683262 -0.0122583 0 -0.0271408 0.031416 0.0596164 0.0480166 0.016683 -0.00414852 0.0920096 0.0929348 0.0562338 0.0153127 0.0396241 -0.0989966 0.0838245 -0.0508173 0.0270262 0.0696729 -0.0284479 -0.0257437 -0.0249576 0.0227389 0.0734625 -0.00126799 0.0317604 -0.0423461 -0.0942571 -0.0760201 0.0449117 0.0604018 0.021735 0.0337044 0.097531 0.0764676 -0.024397 0.0316419 0.0629366 -0.067766 -0.0765784 -0.0676395 0.0526874 0.00595092 -0.0285499 0.0408676 -0.0923308 -0.0209755 0.0478284 0.00284995 0.025571 0.0446172 0.0837488 0.0496383 -0.0931662 0.0339084 0.0959588 0.050528 0.0762883 0.0573704 -0.0680973 0.0343482 0.0406073 
-0.0156914 0.0805104 0.0147922 0.0916835 -0.0211652 -0.0125314 0.00704149 -0.00311396 0.0574612 0.0178791 0.032134 -0.0086821 -0.0531047 -0.0449149 0.0377009 -0.0653961 0.0271408 0 -0.0569288 -0.0526293 0.0331125 -0.00314668 -0.0114979 -0.00155676 -0.0766412 0.0825902 0.0399469 0.0423832 -0.00287792 -0.0352809 -0.0320646 0.0306157 -0.0485167 -0.0327429 0.0662776 -0.0881767 -0.00386949 -0.0990302 0.0902006 -0.0667123 -0.00721185 -0.0406502 0.0859399 -0.093151 0.0265608 0.0502348 0.0722487 0.0268606 0.0533592 0.0649083 -0.0480434 -0.0507036 0.0346387 0.0978193 -0.0358338 -0.0206599 0.00163101 -0.0569061 -0.0305509 -0.00907896 -0.0392292 -0.0743025 0.0616375 -0.00123261 0.0905519 0.060223 -0.0469945 -0.0388524 0.0391324 -0.0302523 0.0588766 0.0600499 -0.0569908 0.070741 0.0594942 0.0857009 
-0.00205408 0.0646073 0.00334419 0.0271709 0.0703586 -0.0534348 0.0968121 -0.0452211 -0.0515067 -0.0980223 0.0991746 -0.0746927 0.0540599 -0.0533215 -0.0400895 0.0340017 -0.031416 0.0569288 0 -0.0574868 0.0313823 -0.0554012 0.0333656 -0.0927294 -0.0171267 -0.00397502 0.0224814 -0.0104927 -0.0478695 -0.0579314 0.0668099 -0.0956927 -0.0922336 0.0628104 -0.0810041 -0.0452222 -0.0803302 0.0555808 -0.0211172 0.0489433 0.022493 0.0475971 0.064759 -0.0479144 -0.0922524 -0.0316166 -0.0286005 0.0259295 -0.027602 -0.00795522 -0.00825719 0.047009 -0.0377113 0.0105106 -0.0930459 0.0598676 0.0502264 0.0229546 0.0794832 -0.0271331 0.0529551 -0.0580105 0.0704885 -0.0308084 0.0808076 0.0634721 0.0300362 0.0849716 -0.0304134 0.0199256 -0.0882213 0.02929 0.0195078 -0.061082 -0.0624446 -0.0629591 
-0.044475 -0.0610937 -0.0366833 -0.0304906 -0.0354011 0.00836615 0.0882038 0.0403042 -0.0815006 0.0755109 -0.0416429 -0.0988508 -0.0542085 0.0736147 0.0387064 0.036238 -0.0596164 0.0526293 0.0574868 0 0.0611826 -0.0313535 0.0825102 0.049243 0.0281169 0.0325139 -0.0674374 0.0240274 0.080632 -0.0108023 -0.0899781 -0.0886587 -0.0199128 0.0920724 0.0442365 0.078232 0.0434963 0.0466412 0.0568697 0.0932723 -0.0636929 -0.0892087 0.0608991 -0.0888493 -0.0114913 -0.0438922 0.0509098 -0.0234283 -0.0143532 -0.0742074 0.0118787 0.0169041 -0.0239135 -0.0864934 -0.0558231 -0.0443155 -0.0159719 -0.0267568 0.0833105 -0.0222799 -0.0385388 0.057116 0.0967369 -0.0635194 0.032444 -0.0524217 -0.0402175 -0.0959072 -0.0101959 0.00567959 -0.0758936 0.0441427 -0.0686109 -0.0225574 0.0140062 0.0585471 
0.0181576 -0.0904024 -0.0764488 0.0790219 -0.097589 -0.0116428 0.031186 0.0823916 0.056386 0.0318581 -0.058998 0.00885739 -0.0500297 -0.0187265 -0.049235 -0.0277124 -0.0480166 -0.0331125 -0.0313823 -0.0611826 0 0.0549941 -0.0733139 0.0196746 0.0499783 0.0519064 0.0275499 -0.046134 0.0651004 0.0511011 -0.0923055 -0.0678471 0.0783501 0.0700437 -0.0249319 0.0657023 0.0951241 -0.0431808 -0.000955099 -0.0990029 -0.043153 0.0270121 0.0743215 -0.0409866 0.0177685 -0.0485967 -0.0193211 -0.0618698 -0.0980077 -0.0457772 -0.0584368 -0.00801972 0.0330166 -0.0245053 -0.0079694 0.0122653 0.0679399 0.0268223 0.0697346 -0.00728713 0.0214264 0.0394043 0.086694 0.0695214 0.0753726 0.0891844 0.00652921 0.0487072 -0.0268419 0.058056 0.0667092 -0.0191482 -0.0947898 0.0866767 -0.086877 0.0368294 
0.0691639 -0.0252779 -0.082758 -0.0910467 -0.0480018 0.00501783 -0.0790049 0.0637749 -0.0657227 -0.0294615 0.0882675 0.0758315 -0.0933089 0.0570123 -0.0920921 0.0633504 -0.016683 0.00314668 0.0554012 0.0313535 -0.0549941 0 0.0939961 0.0426316 0.0337188 -0.0727833 0.0337383 0.0831726 0.0897937 -0.042836 -0.0537215 0.0518298 0.0819951 -0.0685096 -0.0303474 0.0814394 -0.0487661 0.0324847 0.0470223 0.0627904 -0.0244243 -0.0935459 -0.00209884 0.0968491 -0.0745986 -0.0246024 -0.0582608 -0.088431 -0.00611137 -0.00562395 0.0955639 0.0168465 0.0456963 -0.058912 -0.0715929 -0.00557985 -0.0762813 -0.00912285 -0.059224 -0.0932012 0.0465726 -0.0556427 -0.0168217 0.076264 0.0947366 0.0464488 0.0223732 -0.0220205 0.026906 0.0447328 0.0270633 -0.0240747 -0.0174224 -0.0509537 -0.0228241 -0.0161574 
-0.00771276 0.00662181 0.06033 0.0127005 0.0485732 0.0766301 0.0874245 0.0186114 0.0976358 0.0957218 0.0594735 0.0813492 -0.0847437 0.0323242 0.0384677 -0.0853762 0.00414852 0.0114979 -0.0333656 -0.0825102 0.0733139 -0.0939961 0 -0.0639158 0.0567838 0.0100913 -0.0542558 0.0263339 -0.0819514 -0.049746 0.0405109 -0.0708973 -0.0785444 -0.0855013 -0.0601339 -0.0857875 0.0106774 -0.0884495 0.0816121 0.0555138 -0.0531541 0.0980486 -0.0769919 -0.0156861 0.0373513 0.0529073 -0.0814037 0.00219413 -0.0686016 0.0285521 -0.0297096 -0.0351746 -0.069462 0.0711361 -0.0320823 -0.00130399 0.0514681 0.059034 0.0764864 -0.012161 0.0918296 -0.0824916 0.0793989 -0.0969052 -0.0868065 -0.00952495 -0.0217452 0.0532153 0.0351771 -0.030556 -0.0738063 0.0195056 -0.0854928 -0.0184818 -0.0935857 -0.0226902 
0.0613986 -0.0442651 0.0437266 0.059574 0.042508 -0.0175169 -0.0256712 0.00356404 -0.000604866 0.0620005 0.0798666 -0.0146772 -0.0565184 -0.085551 -0.0410943 0.0135564 -0.0920096 0.00155676 0.0927294 -0.049243 -0.0196746 -0.0426316 0.0639158 0 -0.0165486 -0.0965711 0.0514652 -0.0370196 -0.0326827 0.0161554 0.0846323 0.0374176 0.0255697 -0.0169773 -0.0190057 -0.0822948 0.0287861 0.0941369 -0.033125 -0.0951727 0.080102 -0.000340897 0.00828616 -0.0987728 0.0168468 0.0119871 0.0694031 -0.0718895 0.0331629 -0.0531029 0.0897152 -0.0557545 0.0533992 -0.0507175 0.0240166 -0.00728664 0.0318908 -0.0695482 -0.0646518 -0.0285759 0.0159903 -0.00446559 0.0347146 -0.0636372 0.0914092 -0.094253 -0.0633653 -0.0342953 -0.0392351 0.00114458 0.0710957 -0.0605369 -0.0384521 -0.0715694 -0.0498228 0.0366522 
-0.0177735 -0.0465822 0.0647905 -0.0764879 0.0166882 -0.0701222 0.00621275 -0.0825092 0.0735584 0.0415573 0.0607828 0.0891385 0.0701259 0.0339045 0.0990321 0.0308564 -0.0929348 0.0766412 0.0171267 -0.0281169 -0.0499783 -0.0337188 -0.0567838 0.0165486 0 0.0220522 -0.0913349 -0.0540986 0.0818191 0.097853 0.0117052 -0.0455882 -0.0183933 0.0870539 0.0648151 0.0735954 0.0627644 0.0814951 -0.0426007 0.00204577 -0.09164 -0.0172052 -0.0271478 -0.0727962 -0.0862651 0.00942633 -0.0980469 0.0396774 -0.0476812 0.0580012 0.05813 -0.0888514 0.0134378 -0.088676 -0.0603143 -0.0509561 -0.00753363 -0.0634186 0.0178435 0.0305492 -0.0845073 0.00626319 -0.0761849 -0.0897068 -0.0679864 0.022594 0.0160966 0.0356818 0.0962672 -0.0477009 -0.0535082 -0.076699 -0.0535003 0.00410994 -0.0708766 0.0234855 
0.091206 0.0891001 0.0152976 0.0199679 0.00780121 0.0909897 -0.066467 0.0749661 -0.0683711 -0.0197774 -0.0798614 -0.0581422 -0.0703941 -0.0226221 -0.0826467 0.0844106 -0.0562338 -0.0825902 0.00397502 -0.0325139 -0.0519064 0.0727833 -0.0100913 0.0965711 -0.0220522 0 -0.0857048 0.0709398 -0.0318816 -0.0361948 -0.0211913 -0.0140102 -0.000774384 -0.0922795 -0.0107166 0.00791096 -0.0237828 0.0718502 0.0302792 0.0886341 0.0142006 -0.0705159 -0.0224882 -0.0609567 -0.0688983 0.0828922 0.0583286 -0.0880859 -0.0408166 -0.0594014 -0.0505143 -0.020152 -0.022 0.0909172 -0.0431286 -0.0680556 -0.0734779 -0.0960501 -0.0507553 -0.0918959 0.0775509 -0.0120946 -0.060393 0.01784 0.054958 0.0488305 0.0168079 -0.0483394 -0.0433201 0.00225272 0.00838135 0.00339177 -0.0484163 0.00974895 -0.0554446 -0.0532478 
-0.0137428 -0.000146488 -0.0567579 0.0721416 -0.0911677 0.030526 -0.0295362 -0.000549665 0.0655391 0.0512127 -0.012815 -0.0338277 -0.0826199 0.0980164 -0.0800843 -0.00552544 -0.0153127 -0.0399469 -0.0224814 0.0674374 -0.0275499 -0.0337383 0.0542558 -0.0514652 0.0913349 0.0857048 0 -0.0980137 0.022373 -0.00287299 -0.0476037 -0.094098 0.0700908 -0.0688682 -0.0675022 -0.0751378 -0.0521669 -0.0743295 -0.0174321 -0.0643782 -0.041634 0.0281021 -0.0501553 -0.074292 0.0773629 0.0494353 -0.0652711 0.0759017 -0.0677118 -0.0695246 0.04579 0.0661461 0.0222509 -0.0291692 -0.00990605 0.001033 0.00422741 -0.0922361 -0.0394056 0.050273 0.0788675 -0.041481 -0.0369087 -0.0770916 0.0814114 -0.0762486 0.0850763 0.0129383 0.0999025 0.0314484 0.0541373 -0.0556522 0.0746335 -0.0528545 0.0604667 0.0890602 
-0.0226081 -0.0268292 0.00601846 -0.0651736 0.0138161 -0.041887 -0.070731 -0.0400618 -0.00588825 0.0807861 0.0689111 0.0542825 0.0472329 0.0360419 -0.0821164 -0.0183584 -0.0396241 -0.0423832 0.0104927 -0.0240274 0.046134 -0.0831726 -0.0263339 0.0370196 0.0540986 -0.0709398 0.0980137 0 -0.0879604 -0.00906994 0.0411131 -0.0583067 0.00328123 0.0284145 0.0620951 0.02645 0.04975 -0.0197582 0.03611 0.0516343 0.00546098 -0.0820477 -0.0232733 0.0171384 0.0965624 -0.0215578 0.00437427 0.0920789 0.0523086 -0.0439712 -0.0517203 0.0980576 0.0752522 -0.0641567 -0.0564503 -0.0666821 0.0409426 0.0953971 0.0562761 -0.0740952 0.0486147 -0.00561772 0.0902466 0.00713263 -0.0745465 0.0891527 -0.0972424 -0.0712529 0.00711234 0.0137272 0.0948706 -0.0272424 -0.0729778 -0.00263472 0.0116751 0.000271123 
0.0358418 0.0167752 0.0388708 0.075295 -0.074329 -0.0747265 -0.0139378 0.0829626 0.0589232 -0.0137411 0.085913 -0.0788367 -0.0372276 0.0776013 0.0338909 -0.000336888 0.0989966 0.00287792 0.0478695 -0.080632 -0.0651004 -0.0897937 0.0819514 0.0326827 -0.0818191 0.0318816 -0.022373 0.0879604 0 0.0416763 0.059836 -0.0953793 0.0533599 -0.0130488 -0.0557209 -0.0643819 -0.00999448 -0.0346602 0.0942343 -0.057513 -0.00881998 -0.0245765 -0.0548847 -0.0367677 -0.0804667 -0.0362004 -0.058671 -0.00701717 -0.0774184 -0.0757514 -0.0275344 0.0322046 -0.0895378 -0.0555423 -0.0584754 -0.00364609 0.00528471 0.0490897 -0.00830896 -0.0699411 0.0645272 0.0620305 0.0385101 -0.0669382 -0.0274112 0.035234 -0.0572243 0.0205965 -0.0817524 -0.0558044 -0.00988643 -0.0882712 -0.0893973 -0.0964878 -0.0382698 -0.00036251 
0.0812551 0.0162361 0.0243742 0.0792294 -0.00172737 -0.0993935 0.00197758 0.0441464 -0.0998953 0.00722374 0.0886036 0.0259108 -0.0658383 -0.0783625 0.0926218 0.064081 -0.0838245 0.0352809 0.0579314 0.0108023 -0.0511011 0.042836 0.049746 -0.0161554 -0.097853 0.0361948 0.00287299 0.00906994 -0.0416763 0 -0.00923845 -0.0412513 -0.057548 -0.0853096 0.0160339 -0.0651022 0.0250704 0.00801658 -0.0834118 0.0483533 0.0497811 -0.027402 -0.011946 0.0334723 -0.0782009 -0.0038437 0.025772 -0.0633812 0.0806557 0.0517123 -0.0819791 0.0514101 0.0857124 -0.0578581 -0.0548802 -0.0909587 0.0176061 -0.0557688 -0.01183 -0.0803506 -0.00357485 -0.0796092 -0.0333882 -0.0448753 0.0917452 -0.0159992 -0.0904975 0.0261824 -0.0581407 -0.0888673 -0.0476725 0.0441314 0.0893406 0.0993526 -0.0614131 -0.0152347 
-0.0292682 0.00310155 0.00659332 -0.0633047 -0.0220631 -0.0917463 0.0914049 -0.0130694 -0.0415694 -0.00520599 0.0672937 0.039487 0.0672357 -0.0163354 -0.0776192 0.0151518 0.0508173 0.0320646 -0.0668099 0.0899781 0.0923055 0.0537215 -0.0405109 -0.0846323 -0.0117052 0.0211913 0.0476037 -0.0411131 -0.059836 0.00923845 0 0.0178317 -0.0865291 -0.0938819 -0.0986633 -0.0847307 -0.0649999 0.0993616 -0.0668354 -0.0928762 0.0548785 0.0531647 -0.0290689 0.0110454 0.010133 -0.0370529 -0.0692077 -0.0646077 0.0513488 0.0939044 0.0354693 -0.0563999 -0.0663219 0.0126006 0.05015 -0.0590548 0.0908258 0.0823251 -0.067259 -0.0304919 -0.0520443 -0.0429071 -0.00315197 0.0418508 0.0456405 0.0922922 -0.0104418 0.0748481 0.0238742 0.0956475 -0.078938 -0.0937466 0.0943165 0.0628948 0.0778008 -0.0516324 
-0.00617719 -0.0372987 -0.0953823 0.0767756 -0.00348202 0.09361 -0.0387677 -0.0339502 -0.0544141 -0.0477522 -0.0560167 -0.0816742 0.0717674 0.0390099 0.0651226 -0.0654124 -0.0270262 -0.0306157 0.0956927 0.0886587 0.0678471 -0.0518298 0.0708973 -0.0374176 0.0455882 0.0140102 0.094098 0.0583067 0.0953793 0.0412513 -0.0178317 0 -0.0734038 0.0513041 -0.0632266 -0.044832 0.0503925 -0.0111411 0.00124128 -0.0472372 -0.0982704 0.0149614 -0.0924605 0.0522938 -0.0374164 0.0519542 0.0479538 -0.0173444 -0.0738738 -0.0178907 0.0481818 -0.0230383 -0.051009 -0.0415899 0.00164688 -0.0153463 -0.0447677 -0.073031 0.0127242 0.0762094 0.0643916 -0.0516435 -0.0347622 -0.0983949 -0.0212358 -0.0214645 0.0674846 0.0483383 0.057089 0.00530537 0.0364846 -0.0517294 0.0826317 -0.0155366 0.0667078 -0.0469196 
0.0898457 -0.0985507 0.012248 0.0464688 0.00402868 0.0724219 -0.0427898 0.0609816 0.0852733 0.0245837 0.00301532 -0.0635367 -0.0284474 -0.0869609 0.0598581 -0.0637561 -0.0696729 0.0485167 0.0922336 0.0199128 -0.0783501 -0.0819951 0.0785444 -0.0255697 0.0183933 0.000774384 -0.0700908 -0.00328123 -0.0533599 0.057548 0.0865291 0.0734038 0 0.0150439 -0.0923128 -0.0468603 0.0671916 -0.0969139 0.0174836 0.0706204 -0.0502806 0.0869191 -0.0974334 -0.0658995 0.0407246 -0.0752698 -0.0113112 -0.0307106 -0.0177182 0.00129337 -0.0129203 0.00640536 0.000564798 0.0416902 0.0782579 -0.0970831 -0.0665808 0.0345238 -0.0109626 -0.0622404 0.0621152 -0.0750297 0.0572008 0.0630333 -0.0317358 0.0849443 -0.0567676 -0.024571 -0.0206949 -0.05109 0.0208524 -0.0195744 -0.0074932 0.0468609 -0.0528821 0.09116 
0.00854986 -0.0801571 -0.0268737 -0.0779321 0.057699 -0.0266144 0.0834183 0.0240598 -0.0619612 0.0336425 -0.0824974 -0.0485738 0.099902 -0.0791642 -0.0795755 0.0152243 0.0284479 0.0327429 -0.0628104 -0.0920724 -0.0700437 0.0685096 0.0855013 0.0169773 -0.0870539 0.0922795 0.0688682 -0.0284145 0.0130488 0.0853096 0.0938819 -0.0513041 -0.0150439 0 -0.0659437 0.0295375 -0.0537958 -0.0685176 0.0480029 -0.0689217 0.0684854 -0.0704257 -0.0212719 -0.0515355 0.00760124 -0.0929401 0.0459141 0.085647 -0.0878146 0.0485619 -0.07509 -0.0190007 0.0854751 0.0585357 0.078252 0.0793596 0.085057 0.0212954 0.0753511 -0.0977975 0.0151688 0.0273273 -0.0459709 -0.0782187 -0.0536629 0.0692617 0.0720422 0.0163912 -0.0574649 0.0265977 -0.0950354 -0.0797548 0.0777923 0.0438138 0.0462214 0.0917445 
-0.0560987 -0.0610453 0.0150859 -0.0820774 0.0874885 -0.0169693 0.0381573 -0.0111417 -0.0465001 -0.0498703 -0.00522897 -0.0755835 0.0222306 0.0774516 0.0444309 -0.0717827 0.0257437 -0.0662776 0.0810041 -0.0442365 0.0249319 0.0303474 0.0601339 0.0190057 -0.0648151 0.0107166 0.0675022 -0.0620951 0.0557209 -0.0160339 0.0986633 0.0632266 0.0923128 0.0659437 0 -0.0452253 -0.0495908 0.0708706 0.0853934 0.0157632 0.0935016 0.0758574 0.0311081 0.0746837 -0.0496761 0.0858515 0.0957834 0.0395933 0.0961992 0.0611831 0.0942319 -0.02413 0.0797424 0.0427711 -0.0977469 -0.0917872 0.0928074 -0.0275193 0.0369031 -0.0651653 0.0889946 -0.0208628 -0.0643562 -0.0396953 0.00132788 -0.0168962 0.0510909 -0.0773131 0.083643 -0.0605771 -0.0814031 -0.0828459 -0.0156634 0.0504475 -0.0145043 -0.0702597 
-0.0963174 0.0416662 -0.0236189 0.0248671 -0.0960439 -0.0660933 0.083198 -0.0783575 -0.031692 -0.0588092 0.0951016 -0.067156 0.0975885 0.0287601 -0.0357948 0.0885294 0.0249576 0.0881767 0.0452222 -0.078232 -0.0657023 -0.0814394 0.0857875 0.0822948 -0.0735954 -0.00791096 0.0751378 -0.02645 0.0643819 0.0651022 0.0847307 0.044832 0.0468603 -0.0295375 0.0452253 0 -0.087958 -0.0306004 0.00677327 0.0330093 0.00630715 -0.0903812 0.078754 -0.0457456 0.0356106 -0.0431017 0.0419785 -0.0932388 -0.0468676 0.093546 -0.0497378 0.0860234 -0.0443447 0.0909718 -0.0589326 0.00340239 -0.0238554 -0.0319517 -0.0319136 -0.0452862 0.060769 -0.0508947 0.0589983 0.0296831 -0.0913821 0.00413797 0.0826545 -0.018426 -0.0562355 -0.0666605 0.0482234 -0.0540781 0.0245709 0.0697722 -0.0697118 0.0430521 
-0.050011 -0.0194837 -0.0627523 0.0346803 0.091668 -0.0322429 -0.0351703 0.0789068 0.0411329 -0.0295588 0.0379082 0.0544289 -0.0591957 -0.0771184 -0.0108504 0.067427 -0.0227389 0.00386949 0.0803302 -0.0434963 -0.0951241 0.0487661 -0.0106774 -0.0287861 -0.0627644 0.0237828 0.0521669 -0.04975 0.00999448 -0.0250704 0.0649999 -0.0503925 -0.0671916 0.0537958 0.0495908 0.087958 0 0.0181928 -0.0308616 0.00531663 0.0649493 0.0769655 -0.0926605 -0.0886858 0.0691776 0.0284291 0.0411534 0.0855516 0.0370184 -0.0719931 0.00227814 -0.00241891 0.0500226 -0.0152903 -0.00986958 -0.074279 -0.00635769 0.0839132 0.0983152 0.0811953 -0.0297417 -0.046094 -0.0256845 0.029144 -0.0211279 -0.0512755 0.0358482 -0.035424 0.0796149 0.0626983 -0.0491967 -0.0977768 -0.0431961 0.0773761 0.00445686 0.0905685 
-0.00170675 0.00194965 0.0156165 -0.0749947 0.0732496 0.0853763 0.0837015 0.0222435 -0.0958033 -0.0300344 0.0907093 0.0303435 0.000210733 0.047322 0.0360281 -0.0572911 -0.0734625 0.0990302 -0.0555808 -0.0466412 0.0431808 -0.0324847 0.0884495 -0.0941369 -0.0814951 -0.0718502 0.0743295 0.0197582 0.0346602 -0.00801658 -0.0993616 0.0111411 0.0969139 0.0685176 -0.0708706 0.0306004 -0.0181928 0 0.0101006 -0.0509781 -0.0996613 0.0944542 0.0377392 -0.0262842 -0.0324748 -0.0416853 0.035148 -0.0702462 -0.0206884 -0.0659805 0.0446371 0.0644505 -0.0173319 -0.0789858 0.0935971 -0.017107 -0.0302063 0.0355662 -0.0417808 -0.0170669 -0.0626303 -0.0573294 -0.0312918 0.0503863 -0.0558924 0.0826868 0.0151647 0.096584 -0.0162619 -0.0454932 -0.027102 -0.0398107 0.041867 -0.0821546 -0.0968375 -0.0382673 
-0.00580208 -0.0360932 0.0201016 0.00521742 0.096391 0.0727186 0.0409627 0.00659067 0.031928 -0.0414774 -0.0055843 0.0444454 0.00365007 -0.02758 -0.0490076 -0.0119311 0.00126799 -0.0902006 0.0211172 -0.0568697 0.000955099 -0.0470223 -0.0816121 0.033125 0.0426007 -0.0302792 0.0174321 -0.03611 -0.0942343 0.0834118 0.0668354 -0.00124128 -0.0174836 -0.0480029 -0.0853934 -0.00677327 0.0308616 -0.0101006 0 0.0278328 0.0774419 0.0287767 -0.0168017 -0.0368981 -0.0379165 0.00785525 0.0484994 -0.00968296 -0.0405834 -0.0272035 0.0900362 0.0202475 0.0731116 0.010814 -0.0686782 0.00636063 -0.0769494 0.0621542 0.0828922 0.00208999 0.0404587 -0.0870704 0.0689274 -0.0950067 -0.0420735 -0.00759311 0.0792106 0.0309591 -0.0138819 -0.00421569 0.0972916 0.0383501 -0.0943886 0.0195871 0.0321778 -0.0131489 
-0.071746 -0.0934186 0.00698126 -0.0858671 -0.0957971 -0.044249 0.0161622 -0.000961602 -0.0276127 -0.0662271 0.00930629 0.0201109 -0.0572014 0.0690023 -0.028013 -0.0176518 -0.0317604 0.0667123 -0.0489433 -0.0932723 0.0990029 -0.0627904 -0.0555138 0.0951727 -0.00204577 -0.0886341 0.0643782 -0.0516343 0.057513 -0.0483533 0.0928762 0.0472372 -0.0706204 0.0689217 -0.0157632 -0.0330093 -0.00531663 0.0509781 -0.0278328 0 0.0421158 0.0644354 0.0145683 -0.0986539 0.0557731 -0.0519817 -0.0188087 -0.0268936 0.0292128 0.0743467 0.0186215 0.0105628 -0.0802252 -0.0488487 -0.0655222 -0.0585172 0.0110239 -0.0700346 0.0664734 -0.0641799 0.0539148 0.0985514 0.0585009 0.0114641 0.0846668 -0.0309836 -0.0426868 -0.0879086 0.0156072 0.0238407 -0.0901513 0.0395506 0.0171186 -0.0667859 0.0283675 0.0815763 
-0.0436357 0.0923218 -0.0427856 -0.0838311 -0.00646501 0.0954821 0.0287511 -0.0191738 -0.0342153 0.0520052 -0.0966848 -0.0731272 -0.0156101 -0.0635198 0.00633547 -0.013383 0.0423461 0.00721185 -0.022493 0.0636929 0.043153 0.0244243 0.0531541 -0.080102 0.09164 -0.0142006 0.041634 -0.00546098 0.00881998 -0.0497811 -0.0548785 0.0982704 0.0502806 -0.0684854 -0.0935016 -0.00630715 -0.0649493 0.0996613 -0.0774419 -0.0421158 0 -0.0684948 -0.082161 0.0618125 -0.0181017 -0.0369488 -0.0834431 -0.0354675 0.0293827 0.0283176 -0.0817421 0.0812692 0.0173135 0.043309 0.097134 -0.0877975 0.0813097 -0.0452467 -0.0429483 -0.0851058 0.0222386 0.0498814 0.0370667 -0.0420383 -0.089285 -0.0229153 0.0749037 -0.00872928 -0.0966166 -0.0446552 -0.0840407 -0.0688281 0.070953 0.0798488 -0.0121041 -0.0102326 
-0.0582487 -0.0567122 -0.0334253 -0.0411463 -0.022338 -0.0526947 -0.0351671 0.0589672 -0.0519458 -0.0894018 -0.0107091 0.0265306 0.0142148 0.0373552 -0.00822046 -0.091658 0.0942571 0.0406502 -0.0475971 0.0892087 -0.0270121 0.0935459 -0.0980486 0.000340897 0.0172052 0.0705159 -0.0281021 0.0820477 0.0245765 0.027402 -0.0531647 -0.0149614 -0.0869191 0.0704257 -0.0758574 0.0903812 -0.0769655 -0.0944542 -0.0287767 -0.0644354 0.0684948 0 0.098139 -0.00418108 -0.0384121 -0.0889461 0.0132196 0.0926248 -0.0613018 0.065727 -0.0632654 -0.0595261 -0.00822576 -0.0803482 -0.041136 -0.0558601 0.00544389 0.0747762 0.0106172 -0.0099346 0.0185344 0.0849109 0.0853353 -0.01163 0.014817 0.0553382 0.0429981 0.0768976 -0.000691427 0.077942 0.0931265 -0.0307538 0.0273916 -0.0208787 0.0206026 0.014112 
0.0893826 -0.0863654 0.0259675 -0.0101162 -0.0851958 -0.0798514 0.0284771 -0.081046 -0.0294961 -0.0292856 -0.0708844 0.0641298 0.000323405 -0.0100568 -0.091663 0.074853 0.0760201 -0.0859399 -0.064759 -0.0608991 -0.0743215 0.00209884 0.0769919 -0.00828616 0.0271478 0.0224882 0.0501553 0.0232733 0.0548847 0.011946 0.0290689 0.0924605 0.0974334 0.0212719 -0.0311081 -0.078754 0.0926605 -0.0377392 0.0168017 -0.0145683 0.082161 -0.098139 0 0.00508466 0.0758012 0.0424901 0.0104033 -0.0951137 -0.0134921 -0.0189241 0.0890076 -0.0723416 0.0761294 -0.0187076 0.0164593 -0.0288401 -0.0397578 -0.0745706 -0.0294186 -0.013332 0.082358 0.0866079 -0.0248453 -0.000584058 0.0823059 0.0991006 0.0268886 -0.0430044 0.0858291 -0.0311747 -0.0484371 0.0618397 0.010033 -0.0573365 0.0583846 0.0155363 
-0.0643661 -0.0918534 0.0880911 0.0638206 -0.0200131 0.0553509 0.010882 -0.0491336 -0.0821482 -0.077647 -0.0423387 -0.0474554 0.0148858 0.0784525 -0.0397638 0.00537648 -0.0449117 0.093151 0.0479144 0.0888493 0.0409866 -0.0968491 0.0156861 0.0987728 0.0727962 0.0609567 0.074292 -0.0171384 0.0367677 -0.0334723 -0.0110454 -0.0522938 0.0658995 0.0515355 -0.0746837 0.0457456 0.0886858 0.0262842 0.0368981 0.0986539 -0.0618125 0.00418108 -0.00508466 0 0.0633706 -0.0766514 0.0928186 0.0251692 0.071663 -0.0122956 -0.0782948 0.0240698 -0.0605746 -0.0855188 0.0618752 -0.0395284 0.0704019 -0.0373871 -0.0979199 -0.0910336 -0.00169089 0.0589389 -0.0308769 -0.0800428 -0.0720174 -0.0163728 -0.0518584 0.0946819 -0.0839543 -0.00960063 -0.0700448 0.0809591 0.0808551 0.0355088 0.0467125 0.0962787 
-0.0815964 0.0479875 0.0173336 0.0531094 0.023064 0.0302361 -0.0343634 0.0335596 -0.086109 0.0319696 0.0301816 0.0827203 -0.035056 -0.0694915 -0.0532861 0.0371425 -0.0604018 -0.0265608 0.0922524 0.0114913 -0.0177685 0.0745986 -0.0373513 -0.0168468 0.0862651 0.0688983 -0.0773629 -0.0965624 0.0804667 0.0782009 -0.010133 0.0374164 -0.0407246 -0.00760124 0.0496761 -0.0356106 -0.0691776 0.0324748 0.0379165 -0.0557731 0.0181017 0.0384121 -0.0758012 -0.0633706 0 0.0957237 0.0349556 -0.095753 0.0880129 0.0687825 0.0995318 0.0244396 0.00629867 0.066661 0.0182614 0.0849327 -0.0437119 -0.0836947 0.0836153 -0.0819545 0.0386811 -0.0436662 0.0120892 0.0749576 -0.0576784 -0.0971979 0.0664979 0.00864063 -0.0496059 -0.0738717 -0.076221 0.09809 0.06325 0.0152444 -0.0118427 0.0781214 
0.0746924 0.0418401 -0.0218094 0.0397941 0.00681095 0.0878825 -0.0719833 -0.0630163 0.0159969 -0.0150858 0.0584743 0.0700229 -0.0848495 0.0269408 0.0120833 -0.087363 -0.021735 -0.0502348 0.0316166 0.0438922 0.0485967 0.0246024 -0.0529073 -0.0119871 -0.00942633 -0.0828922 -0.0494353 0.0215578 0.0362004 0.0038437 0.0370529 -0.0519542 0.0752698 0.0929401 -0.0858515 0.0431017 -0.0284291 0.0416853 -0.00785525 0.0519817 0.0369488 0.0889461 -0.0424901 0.0766514 -0.0957237 0 0.0733229 0.0706916 -0.0408391 -0.0930833 -0.0963707 0.0932532 0.0613888 0.0424928 0.0192272 0.087135 -0.0696967 -0.0889054 0.0899906 0.0294725 -0.0235507 0.0396659 0.0152227 0.0096815 -0.036488 -0.0201411 -0.00954313 0.0562061 0.0693702 -0.0887641 0.0885303 -0.0194212 -0.0328987 -0.0891128 0.0860022 0.0754973 
-0.0493539 -0.0858583 -0.0241279 -0.0234282 -0.023482 0.00199414 -0.08687 0.00757773 0.0242552 -0.0476613 0.0435423 -0.0614011 -0.0631965 -0.0268749 0.00979616 0.00103763 -0.0337044 -0.0722487 0.0286005 -0.0509098 0.0193211 0.0582608 0.0814037 -0.0694031 0.0980469 -0.0583286 0.0652711 -0.00437427 0.058671 -0.025772 0.0692077 -0.0479538 0.0113112 -0.0459141 -0.0957834 -0.0419785 -0.0411534 -0.035148 -0.0484994 0.0188087 0.0834431 -0.0132196 -0.0104033 -0.0928186 -0.0349556 -0.0733229 0 -0.00504517 -0.0638297 -0.0856126 -0.0153563 0.00201417 -0.0226518 0.0148309 -0.0028542 0.0554569 -0.0691833 -0.0955545 -0.0859281 -0.0787645 0.0529994 -0.00499686 -0.0988448 0.0382184 0.0902852 0.0157341 0.0819154 -0.01728 -0.0976925 0.0942808 -0.048528 0.0208302 0.0283794 0.0823901 -0.0790654 -0.0484378 
-0.0644377 0.0270644 0.0404146 -0.0698791 -0.0856106 -0.00527323 -0.0626334 0.016927 0.0498388 0.000939085 -0.0314862 -0.0756011 0.0180051 0.0314254 -0.0801684 0.0806248 -0.097531 -0.0268606 -0.0259295 0.0234283 0.0618698 0.088431 -0.00219413 0.0718895 -0.0396774 0.0880859 -0.0759017 -0.0920789 0.00701717 0.0633812 0.0646077 0.0173444 0.0307106 -0.085647 -0.0395933 0.0932388 -0.0855516 0.0702462 0.00968296 0.0268936 0.0354675 -0.0926248 0.0951137 -0.0251692 0.095753 -0.0706916 0.00504517 0 0.0440302 0.0675404 0.0607435 0.0357983 0.0675761 -0.0228242 0.0572123 -0.0139514 -0.0198352 -0.00548441 -0.0990812 0.0233815 -0.00730564 -0.0244773 0.0303692 0.0442448 -0.0847602 -0.0550993 0.0950522 0.0872643 0.0784334 0.0784203 -0.0385101 0.0150923 -0.0335888 -0.0574679 -0.0701172 -0.0804312 
-0.0454669 0.0702129 -0.0623572 0.0908346 0.0850451 0.0496453 -0.0104462 0.0351907 0.00230021 -0.0376218 0.0621818 0.0269495 0.0284651 -0.0178336 0.0341076 0.0674342 -0.0764676 -0.0533592 0.027602 0.0143532 0.0980077 0.00611137 0.0686016 -0.0331629 0.0476812 0.0408166 0.0677118 -0.0523086 0.0774184 -0.0806557 -0.0513488 0.0738738 0.0177182 0.0878146 -0.0961992 0.0468676 -0.0370184 0.0206884 0.0405834 -0.0292128 -0.0293827 0.0613018 0.0134921 -0.071663 -0.0880129 0.0408391 0.0638297 -0.0440302 0 -0.078542 0.0575691 0.0483576 0.00890982 -0.0812257 -0.0718465 -0.079222 -0.0557646 -0.00571061 -0.0800366 -0.079276 -0.0588861 -0.0781378 -0.083972 0.00787451 -0.0182051 0.0573257 0.0876132 -0.0184338 -0.0873592 0.0601678 -0.0353625 -0.0623638 -0.0536324 0.0322571 -0.0749234 -0.0553526 
0.0694075 -0.00289738 -0.088772 0.0164324 -0.0910233 0.0118464 0.0638613 -0.0811774 -0.0387872 -0.0975691 0.0245854 0.0520545 0.0377137 0.0687915 -0.0107626 -0.052853 0.024397 -0.0649083 0.00795522 0.0742074 0.0457772 0.00562395 -0.0285521 0.0531029 -0.0580012 0.0594014 0.0695246 0.0439712 0.0757514 -0.0517123 -0.0939044 0.0178907 -0.00129337 -0.0485619 -0.0611831 -0.093546 0.0719931 0.0659805 0.0272035 -0.0743467 -0.0283176 -0.065727 0.0189241 0.0122956 -0.0687825 0.0930833 0.0856126 -0.0675404 0.078542 0 -0.0332148 -0.0737914 0.0494897 -0.00840255 0.039301 -0.0130802 0.0700457 -0.0300317 0.0808769 -0.0698686 0.0276834 -0.0810707 -0.0848999 0.0615299 -0.0182085 -0.0840581 -0.0466682 -0.016359 0.0302096 0.0249325 -0.0057781 -0.0624873 -0.0996317 0.0113435 -0.0635581 -0.0520143 
0.0169824 -0.0338449 -0.0020346 -0.0508727 0.0676156 -0.0530499 0.0761141 0.0584254 0.00600862 -0.0685181 0.0454472 -0.00695703 -0.0838614 0.0583174 0.0895351 -0.0942701 -0.0316419 0.0480434 0.00825719 -0.0118787 0.0584368 -0.0955639 0.0297096 -0.0897152 -0.05813 0.0505143 -0.04579 0.0517203 0.0275344 0.0819791 -0.0354693 -0.0481818 0.0129203 0.07509 -0.0942319 0.0497378 -0.00227814 -0.0446371 -0.0900362 -0.0186215 0.0817421 0.0632654 -0.0890076 0.0782948 -0.0995318 0.0963707 0.0153563 -0.0607435 -0.0575691 0.0332148 0 0.0106451 0.022178 0.0199522 -0.0823059 0.0283536 0.0973161 -0.0598163 0.0849884 0.0217048 -0.0470907 -0.018462 -0.000287252 0.0331153 0.0689757 0.015435 0.0698512 -0.0891649 -0.0098139 0.0513166 -0.06565 0.0622649 -0.00947276 -0.0545798 0.0179462 0.0797779 
-0.0533465 -0.0275085 0.0112371 -0.0263943 0.0980168 -0.0275239 0.0391854 -0.0629709 -0.0740559 0.00317936 0.0378603 -0.000678067 0.0680681 0.0865583 -0.043633 -0.031252 -0.0629366 0.0507036 -0.047009 -0.0169041 0.00801972 -0.0168465 0.0351746 0.0557545 0.0888514 0.020152 -0.0661461 -0.0980576 -0.0322046 -0.0514101 0.0563999 0.0230383 -0.00640536 0.0190007 0.02413 -0.0860234 0.00241891 -0.0644505 -0.0202475 -0.0105628 -0.0812692 0.0595261 0.0723416 -0.0240698 -0.0244396 -0.0932532 -0.00201417 -0.0357983 -0.0483576 0.0737914 -0.0106451 0 -0.0121914 -0.0916838 0.0457757 -0.0788743 0.0929121 0.00932287 0.066183 0.0281217 -0.0590344 0.0407097 0.075984 -0.0436416 -0.0826227 -0.0259425 -0.0567348 -0.0153158 -0.0480618 -0.0645301 -0.0390871 -0.0450956 0.00489395 0.0749436 -0.0378762 -0.0194623 
0.0841065 -0.0630149 -0.094642 -0.0668654 -0.0692414 -0.0579054 -0.0342409 0.0924335 -0.00800392 -0.0944416 -0.0805339 -0.0644851 -0.0696208 -0.0610797 -0.0777306 -0.0491619 0.067766 -0.0346387 0.0377113 0.0239135 -0.0330166 -0.0456963 0.069462 -0.0533992 -0.0134378 0.022 -0.0222509 -0.0752522 0.0895378 -0.0857124 0.0663219 0.051009 -0.000564798 -0.0854751 -0.0797424 0.0443447 -0.0500226 0.0173319 -0.0731116 0.0802252 -0.0173135 0.00822576 -0.0761294 0.0605746 -0.00629867 -0.0613888 0.0226518 -0.0675761 -0.00890982 -0.0494897 -0.022178 0.0121914 0 0.0193002 -0.0276785 0.093292 0.026396 0.00782663 0.0332817 0.0474476 0.0105606 0.0905084 -0.000733128 0.0649701 -0.0255115 0.0225986 -0.0174201 0.0427168 -0.0374141 -0.0858082 0.0245534 0.0404359 -0.099219 -0.00932849 -0.0816647 0.0587445 
-0.0939262 0.0775447 -0.0745069 0.048952 -0.00770786 0.0903084 -0.00311535 0.0458 -0.0417019 -0.0446898 0.038374 0.0114217 0.0204303 0.0474809 -0.07731 -0.00387935 0.0765784 -0.0978193 -0.0105106 0.0864934 0.0245053 0.058912 -0.0711361 0.0507175 0.088676 -0.0909172 0.0291692 0.0641567 0.0555423 0.0578581 -0.0126006 0.0415899 -0.0416902 -0.0585357 -0.0427711 -0.0909718 0.0152903 0.0789858 -0.010814 0.0488487 -0.043309 0.0803482 0.0187076 0.0855188 -0.066661 -0.0424928 -0.0148309 0.0228242 0.0812257 0.00840255 -0.0199522 0.0916838 -0.0193002 0 0.0673405 0.0250386 0.0533374 -0.0808462 0.0306265 -0.0563536 -0.00890684 0.0155242 0.0635153 -0.0290641 0.049322 -0.0775687 -0.0761687 -0.0997915 -0.0369811 0.0773616 -0.0445205 -0.00934392 0.0138295 -0.0450982 -0.0236133 -0.057243 
0.0560773 0.076689 -0.00944135 -0.0252679 0.0650076 0.0985789 -0.095913 -0.0430873 0.0255529 0.0691097 -0.0811839 0.033752 -0.04206 -0.0146405 0.0576058 0.0040051 0.0676395 0.0358338 0.0930459 0.0558231 0.0079694 0.0715929 0.0320823 -0.0240166 0.0603143 0.0431286 0.00990605 0.0564503 0.0584754 0.0548802 -0.05015 -0.00164688 -0.0782579 -0.078252 0.0977469 0.0589326 0.00986958 -0.0935971 0.0686782 0.0655222 -0.097134 0.041136 -0.0164593 -0.0618752 -0.0182614 -0.0192272 0.0028542 -0.0572123 0.0718465 -0.039301 0.0823059 -0.0457757 0.0276785 -0.0673405 0 -0.0498125 -0.0277734 0.0359783 -0.0257595 -0.0120432 -0.0205944 0.0162541 0.00792789 0.0494349 -0.0088834 -0.0567156 0.0721113 -0.0732592 0.0879952 0.0487138 0.0267453 -0.0728324 0.0102146 0.000378027 0.0148363 -0.0967508 
-0.0349234 0.00877181 -0.0152595 0.0358317 0.0959271 -0.0319774 0.0666026 0.000568243 0.0104818 0.00757009 0.0318391 0.0286643 -0.066844 -0.00401767 -0.0106033 -0.0917956 -0.0526874 0.0206599 -0.0598676 0.0443155 -0.0122653 0.00557985 0.00130399 0.00728664 0.0509561 0.0680556 -0.001033 0.0666821 0.00364609 0.0909587 0.0590548 0.0153463 0.0970831 -0.0793596 0.0917872 -0.00340239 0.074279 0.017107 -0.00636063 0.0585172 0.0877975 0.0558601 0.0288401 0.0395284 -0.0849327 -0.087135 -0.0554569 0.0139514 0.079222 0.0130802 -0.0283536 0.0788743 -0.093292 -0.0250386 0.0498125 0 0.0229418 0.0232175 -0.0604147 -0.0130812 0.0176784 0.0868183 0.0367752 -0.0208624 -0.0437228 0.0711221 -0.0707457 0.0650436 -0.0915127 0.0860017 -0.00390619 -0.0986566 -0.0296486 -0.0429338 -0.0272911 0.0776741 
-0.0142345 0.0510785 0.0884961 0.0296793 -0.0668322 -0.046794 0.0346075 -0.054142 -0.0459459 -0.0154923 0.0416063 -0.0471748 0.0737702 0.00211914 0.0394102 0.063096 -0.00595092 -0.00163101 -0.0502264 0.0159719 -0.0679399 0.0762813 -0.0514681 -0.0318908 0.00753363 0.0734779 -0.00422741 -0.0409426 -0.00528471 -0.0176061 -0.0908258 0.0447677 0.0665808 -0.085057 -0.0928074 0.0238554 0.00635769 0.0302063 0.0769494 -0.0110239 -0.0813097 -0.00544389 0.0397578 -0.0704019 0.0437119 0.0696967 0.0691833 0.0198352 0.0557646 -0.0700457 -0.0973161 -0.0929121 -0.026396 -0.0533374 0.0277734 -0.0229418 0 0.0839527 0.0509688 -0.0693484 0.00632334 -0.0506409 -0.0181867 -0.0272879 0.0326621 -0.0763596 0.0501797 -0.0362159 -0.0993498 0.0360642 0.0482945 -0.034452 0.0850804 0.00856234 0.0795012 -0.0403806 
0.0266078 -0.00488395 0.0169022 -0.0212354 -0.0998635 -0.0393168 -0.0407581 0.0239647 -0.0650478 -0.0424155 0.0101793 -0.0545076 -0.00260598 0.0475132 0.0690588 -0.0695234 0.0285499 0.0569061 -0.0229546 0.0267568 -0.0268223 0.00912285 -0.059034 0.0695482 0.0634186 0.0960501 0.0922361 -0.0953971 -0.0490897 0.0557688 -0.0823251 0.073031 -0.0345238 -0.0212954 0.0275193 0.0319517 -0.0839132 -0.0355662 -0.0621542 0.0700346 0.0452467 -0.0747762 0.0745706 0.0373871 0.0836947 0.0889054 0.0955545 0.00548441 0.00571061 0.0300317 0.0598163 -0.00932287 -0.00782663 0.0808462 -0.0359783 -0.0232175 -0.0839527 0 -0.0785026 -0.0131685 0.0208613 0.0327272 -0.0204398 -0.00890552 0.0515628 -0.0341782 -0.0387644 0.0367272 0.0205153 0.0266935 -0.0474906 -0.028667 0.0420918 -0.0128544 0.00412311 -0.059515 
0.0786572 -0.070678 -0.0757953 0.0538917 0.0328218 -0.076115 0.0839372 -0.0330339 0.0970379 0.0846588 -0.0544229 0.063023 -0.00957813 -0.0461356 0.0885008 0.0162733 -0.0408676 0.0305509 -0.0794832 -0.0833105 -0.0697346 0.059224 -0.0764864 0.0646518 -0.0178435 0.0507553 0.0394056 -0.0562761 0.00830896 0.01183 0.067259 -0.0127242 0.0109626 -0.0753511 -0.0369031 0.0319136 -0.0983152 0.0417808 -0.0828922 -0.0664734 0.0429483 -0.0106172 0.0294186 0.0979199 -0.0836153 -0.0899906 0.0859281 0.0990812 0.0800366 -0.0808769 -0.0849884 -0.066183 -0.0332817 -0.0306265 0.0257595 0.0604147 -0.0509688 0.0785026 0 0.00708417 0.0839926 0.0288265 -0.0398803 -0.0932121 0.0839404 -0.0147627 0.0312719 -0.00132106 -0.07027 -0.0787881 -0.0180417 0.0855412 0.0053421 -0.0143102 -0.00646978 0.0463125 
-0.0262902 0.0186497 0.0449888 0.0197451 -0.0325694 -0.0452621 -0.014672 0.0535117 0.0607302 -0.046478 0.0719767 -0.00332558 -0.053837 -0.0437541 -0.0275204 0.0322988 0.0923308 0.00907896 0.0271331 0.0222799 0.00728713 0.0932012 0.012161 0.0285759 -0.0305492 0.0918959 -0.050273 0.0740952 0.0699411 0.0803506 0.0304919 -0.0762094 0.0622404 0.0977975 0.0651653 0.0452862 -0.0811953 0.0170669 -0.00208999 0.0641799 0.0851058 0.0099346 0.013332 0.0910336 0.0819545 -0.0294725 0.0787645 -0.0233815 0.079276 0.0698686 -0.0217048 -0.0281217 -0.0474476 0.0563536 0.0120432 0.0130812 0.0693484 0.0131685 -0.00708417 0 0.00181288 -0.0933044 0.0724427 0.0895062 -0.0651707 -0.0175016 -0.0337417 0.0682329 -0.013665 0.0781978 -0.099005 0.048151 0.0151928 -0.0582016 0.0665344 -0.0552822 
-0.0911381 0.0330616 -0.000446314 0.098814 -0.00433758 -0.0866181 0.0312711 0.0752569 0.0571733 -0.0974959 -0.0030636 0.04152 -0.075052 -0.0181363 0.0708329 -0.0280018 0.0209755 0.0392292 -0.0529551 0.0385388 -0.0214264 -0.0465726 -0.0918296 -0.0159903 0.0845073 -0.0775509 -0.0788675 -0.0486147 -0.0645272 0.00357485 0.0520443 -0.0643916 -0.0621152 -0.0151688 -0.0889946 -0.060769 0.0297417 0.0626303 -0.0404587 -0.0539148 -0.0222386 -0.0185344 -0.082358 0.00169089 -0.0386811 0.0235507 -0.0529994 0.00730564 0.0588861 -0.0276834 0.0470907 0.0590344 -0.0105606 0.00890684 0.0205944 -0.0176784 -0.00632334 -0.0208613 -0.0839926 -0.00181288 0 -0.0837467 -0.0393881 0.0130591 0.0605426 0.0496699 0.0165288 -0.0496104 -0.0557782 -0.0860745 -0.0769168 0.0919894 0.0683457 -0.0550386 0.0494926 -0.00339033 
-0.0938975 0.088742 -0.0160557 0.0531006 -0.0355995 -0.0267641 -0.0959763 0.0711599 -0.0924918 0.0878102 0.0588564 0.0492084 0.0679323 0.0727267 0.0475213 -0.04841 -0.0478284 0.0743025 0.0580105 -0.057116 -0.0394043 0.0556427 0.0824916 0.00446559 -0.00626319 0.0120946 0.041481 0.00561772 -0.0620305 0.0796092 0.0429071 0.0516435 0.0750297 -0.0273273 0.0208628 0.0508947 0.046094 0.0573294 0.0870704 -0.0985514 -0.0498814 -0.0849109 -0.0866079 -0.0589389 0.0436662 -0.0396659 0.00499686 0.0244773 0.0781378 0.0810707 0.018462 -0.0407097 -0.0905084 -0.0155242 -0.0162541 -0.0868183 0.0506409 -0.0327272 -0.0288265 0.0933044 0.0837467 0 0.0156225 -0.0142317 0.0192008 0.0983219 -0.0530465 -0.0485729 -0.0620052 0.0252669 -0.0155669 0.032321 -0.00155454 -0.0829899 -0.0133139 0.0172624 
-0.00472478 -0.0625483 0.000761871 -0.0224453 -0.0174612 -0.0616781 -0.0914495 -0.00954168 -0.0358667 0.0411976 -0.0521468 0.0075822 -0.07905 0.0800156 -0.0116692 0.0303069 -0.00284995 -0.0616375 -0.0704885 -0.0967369 -0.086694 0.0168217 -0.0793989 -0.0347146 0.0761849 0.060393 0.0369087 -0.0902466 -0.0385101 0.0333882 0.00315197 0.0347622 -0.0572008 0.0459709 0.0643562 -0.0589983 0.0256845 0.0312918 -0.0689274 -0.0585009 -0.0370667 -0.0853353 0.0248453 0.0308769 -0.0120892 -0.0152227 0.0988448 -0.0303692 0.083972 0.0848999 0.000287252 -0.075984 0.000733128 -0.0635153 -0.00792789 -0.0367752 0.0181867 0.0204398 0.0398803 -0.0724427 0.0393881 -0.0156225 0 -0.0573871 0.0840306 -0.0790415 -0.0644476 0.0234498 -0.0431492 0.0481752 0.0190774 -0.0789931 0.00498304 -0.0204116 0.0659681 -0.0875945 
-0.060883 0.0361093 -0.0900617 0.0770234 0.0226736 0.0503579 0.0945063 0.0141573 -0.0676504 -0.040112 -0.0697479 -0.0459205 0.00108719 0.0680421 0.0937627 0.0220456 -0.025571 0.00123261 0.0308084 0.0635194 -0.0695214 -0.076264 0.0969052 0.0636372 0.0897068 -0.01784 0.0770916 -0.00713263 0.0669382 0.0448753 -0.0418508 0.0983949 -0.0630333 0.0782187 0.0396953 -0.0296831 -0.029144 -0.0503863 0.0950067 -0.0114641 0.0420383 0.01163 0.000584058 0.0800428 -0.0749576 -0.0096815 -0.0382184 -0.0442448 -0.00787451 -0.0615299 -0.0331153 0.0436416 -0.0649701 0.0290641 -0.0494349 0.0208624 0.0272879 0.00890552 0.0932121 -0.0895062 -0.0130591 0.0142317 0.0573871 0 0.00262939 0.0542361 0.0421422 -0.080564 -0.0354917 -0.0407715 -0.0935651 -0.0580916 0.0360579 -0.00438826 -0.0973 -0.0322572 
-0.0482129 -0.0670463 0.00481745 0.0884707 0.0551806 0.0161101 -0.0439387 0.0390327 0.00759695 -0.0024245 0.013425 6.66386e-05 -0.0479877 0.0476855 -0.0118665 -0.098756 -0.0446172 -0.0905519 -0.0808076 -0.032444 -0.0753726 -0.0947366 0.0868065 -0.0914092 0.0679864 -0.054958 -0.0814114 0.0745465 0.0274112 -0.0917452 -0.0456405 0.0212358 0.0317358 0.0536629 -0.00132788 0.0913821 0.0211279 0.0558924 0.0420735 -0.0846668 0.089285 -0.014817 -0.0823059 0.0720174 0.0576784 0.036488 -0.0902852 0.0847602 0.0182051 0.0182085 -0.0689757 0.0826227 0.0255115 -0.049322 0.0088834 0.0437228 -0.0326621 -0.0515628 -0.0839404 0.0651707 -0.0605426 -0.0192008 -0.0840306 -0.00262939 0 -0.0420685 -0.063759 -0.00940185 0.0247817 -0.0847093 -0.0731415 0.00347284 -0.0969833 -0.0348796 -0.0702529 0.0990585 
0.0961477 -0.058341 -0.00663947 0.0911587 0.0188808 0.0269399 0.00657321 0.0935434 -0.00896381 0.0483543 0.0365121 0.0631478 -0.00343064 -0.0861963 -0.0644905 0.080202 -0.0837488 -0.060223 -0.0634721 0.0524217 -0.0891844 -0.0464488 0.00952495 0.094253 -0.022594 -0.0488305 0.0762486 -0.0891527 -0.035234 0.0159992 -0.0922922 0.0214645 -0.0849443 -0.0692617 0.0168962 -0.00413797 0.0512755 -0.0826868 0.00759311 0.0309836 0.0229153 -0.0553382 -0.0991006 0.0163728 0.0971979 0.0201411 -0.0157341 0.0550993 -0.0573257 0.0840581 -0.015435 0.0259425 -0.0225986 0.0775687 0.0567156 -0.0711221 0.0763596 0.0341782 0.0147627 0.0175016 -0.0496699 -0.0983219 0.0790415 -0.0542361 0.0420685 0 0.0947076 0.0338319 0.067563 -0.0625447 -0.0885193 -0.0292339 -0.0928449 -0.0646997 0.00238605 0.00875842 
0.0569762 -0.0406302 -0.00968771 -0.0232587 0.0646111 0.0762334 0.0767081 -0.0789319 -0.0610868 -0.0527305 -0.0554107 -0.0328581 0.0514948 -0.0798518 0.0637438 -0.0445826 -0.0496383 0.0469945 -0.0300362 0.0402175 -0.00652921 -0.0223732 0.0217452 0.0633653 -0.0160966 -0.0168079 -0.0850763 0.0972424 0.0572243 0.0904975 0.0104418 -0.0674846 0.0567676 -0.0720422 -0.0510909 -0.0826545 -0.0358482 -0.0151647 -0.0792106 0.0426868 -0.0749037 -0.0429981 -0.0268886 0.0518584 -0.0664979 0.00954313 -0.0819154 -0.0950522 -0.0876132 0.0466682 -0.0698512 0.0567348 0.0174201 0.0761687 -0.0721113 0.0707457 -0.0501797 0.0387644 -0.0312719 0.0337417 -0.0165288 0.0530465 0.0644476 -0.0421422 0.063759 -0.0947076 0 -0.0575726 0.0448352 0.085482 0.0284919 0.0582473 0.0148024 0.0299105 0.00795403 0.0451995 
0.0476854 -0.0575816 0.0285272 -0.0286541 0.0854859 0.0115417 0.0341649 -0.0817945 -0.0547054 -0.0250018 0.0463033 -0.0998029 -0.0320173 0.00383325 -0.0911177 0.018494 0.0931662 0.0388524 -0.0849716 0.0959072 -0.0487072 0.0220205 -0.0532153 0.0342953 -0.0356818 0.0483394 -0.0129383 0.0712529 -0.0205965 -0.0261824 -0.0748481 -0.0483383 0.024571 -0.0163912 0.0773131 0.018426 0.035424 -0.096584 -0.0309591 0.0879086 0.00872928 -0.0768976 0.0430044 -0.0946819 -0.00864063 -0.0562061 0.01728 -0.0872643 0.0184338 0.016359 0.0891649 0.0153158 -0.0427168 0.0997915 0.0732592 -0.0650436 0.0362159 -0.0367272 0.00132106 -0.0682329 0.0496104 0.0485729 -0.0234498 0.080564 0.00940185 -0.0338319 0.0575726 0 0.0898577 -0.00564033 -0.0947697 0.0255116 -0.0211996 -0.0379902 -0.0434238 0.0583076 
0.0995824 -0.0262684 -0.079574 0.0992566 -0.0101772 -0.0157234 0.053027 -0.000784936 -0.0817951 0.0559154 -0.0397862 -0.0712019 -0.0643318 -0.00766418 0.0528621 -0.0236292 -0.0339084 -0.0391324 0.0304134 0.0101959 0.0268419 -0.026906 -0.0351771 0.0392351 -0.0962672 0.0433201 -0.0999025 -0.00711234 0.0817524 0.0581407 -0.0238742 -0.057089 0.0206949 0.0574649 -0.083643 0.0562355 -0.0796149 0.0162619 0.0138819 -0.0156072 0.0966166 0.000691427 -0.0858291 0.0839543 0.0496059 -0.0693702 0.0976925 -0.0784334 0.0873592 -0.0302096 0.0098139 0.0480618 0.0374141 0.0369811 -0.0879952 0.0915127 0.0993498 -0.0205153 0.07027 0.013665 0.0557782 0.0620052 0.0431492 0.0354917 -0.0247817 -0.067563 -0.0448352 -0.0898577 0 0.0222218 -0.0508191 -0.0456936 -0.0266774 0.0483564 -0.0671739 0.0452672 
0.0422986 -0.0590535 0.0985596 -0.0833986 -0.00114183 0.0413741 -0.0294839 -0.0967033 0.0802077 0.016746 -0.0809382 0.0292204 0.0540718 -0.0598713 -0.0512787 -0.0855141 -0.0959588 0.0302523 -0.0199256 -0.00567959 -0.058056 -0.0447328 0.030556 -0.00114458 0.0477009 -0.00225272 -0.0314484 -0.0137272 0.0558044 0.0888673 -0.0956475 -0.00530537 0.05109 -0.0265977 0.0605771 0.0666605 -0.0626983 0.0454932 0.00421569 -0.0238407 0.0446552 -0.077942 0.0311747 0.00960063 0.0738717 0.0887641 -0.0942808 -0.0784203 -0.0601678 -0.0249325 -0.0513166 0.0645301 0.0858082 -0.0773616 -0.0487138 -0.0860017 -0.0360642 -0.0266935 0.0787881 -0.0781978 0.0860745 -0.0252669 -0.0481752 0.0407715 0.0847093 0.0625447 -0.085482 0.00564033 -0.0222218 0 -0.0104702 0.0214103 -0.042811 0.0587797 0.0606496 -0.0620159 
-0.0216426 0.00851529 -0.0895818 -0.0902821 0.0370288 -0.0481987 0.0741072 0.0970312 -0.0487375 -0.0702123 0.0401075 -0.0259259 0.071012 0.0340934 0.0637505 0.0574741 -0.050528 -0.0588766 0.0882213 0.0758936 -0.0667092 -0.0270633 0.0738063 -0.0710957 0.0535082 -0.00838135 -0.0541373 -0.0948706 0.00988643 0.0476725 0.078938 -0.0364846 -0.0208524 0.0950354 0.0814031 -0.0482234 0.0491967 0.027102 -0.0972916 0.0901513 0.0840407 -0.0931265 0.0484371 0.0700448 0.076221 -0.0885303 0.048528 0.0385101 0.0353625 0.0057781 0.06565 0.0390871 -0.0245534 0.0445205 -0.0267453 0.00390619 -0.0482945 0.0474906 0.0180417 0.099005 0.0769168 0.0155669 -0.0190774 0.0935651 0.0731415 0.0885193 -0.0284919 0.0947697 0.0508191 0.0104702 0 -0.0845243 -0.0637694 -0.0255947 0.0614541 0.0688257 
-0.042799 -0.0895491 0.0647285 0.010156 0.0905196 0.0111885 -0.037473 -0.0334209 -0.0045619 0.0106731 0.0780146 0.0142573 0.0784392 0.0932437 0.00505821 -0.0645091 -0.0762883 -0.0600499 -0.02929 -0.0441427 0.0191482 0.0240747 -0.0195056 0.0605369 0.076699 -0.00339177 0.0556522 0.0272424 0.0882712 -0.0441314 0.0937466 0.0517294 0.0195744 0.0797548 0.0828459 0.0540781 0.0977768 0.0398107 -0.0383501 -0.0395506 0.0688281 0.0307538 -0.0618397 -0.0809591 -0.09809 0.0194212 -0.0208302 -0.0150923 0.0623638 0.0624873 -0.0622649 0.0450956 -0.0404359 0.00934392 0.0728324 0.0986566 0.034452 0.028667 -0.0855412 -0.048151 -0.0919894 -0.032321 0.0789931 0.0580916 -0.00347284 0.0292339 -0.0582473 -0.0255116 0.0456936 -0.0214103 0.0845243 0 0.0388454 0.083143 0.0984949 0.0062263 
0.0783695 -0.0748297 0.0607357 -0.0740373 -0.0947899 0.00700648 0.0182371 0.0647284 0.0459904 -0.0154662 0.0479438 -0.0958349 0.0533841 0.098459 0.0800496 0.00707636 -0.0573704 0.0569908 -0.0195078 0.0686109 0.0947898 0.0174224 0.0854928 0.0384521 0.0535003 0.0484163 -0.0746335 0.0729778 0.0893973 -0.0893406 -0.0943165 -0.0826317 0.0074932 -0.0777923 0.0156634 -0.0245709 0.0431961 -0.041867 0.0943886 -0.0171186 -0.070953 -0.0273916 -0.010033 -0.0808551 -0.06325 0.0328987 -0.0283794 0.0335888 0.0536324 0.0996317 0.00947276 -0.00489395 0.099219 -0.0138295 -0.0102146 0.0296486 -0.0850804 -0.0420918 -0.0053421 -0.0151928 -0.0683457 0.00155454 -0.00498304 -0.0360579 0.0969833 0.0928449 -0.0148024 0.0211996 0.0266774 0.042811 0.0637694 -0.0388454 0 -0.0633866 0.00613577 -0.0206566 
-0.0802372 -0.0665371 0.0429412 -0.0617923 -0.0489461 -0.0977118 0.0471348 -0.0670103 0.0259521 -0.0422094 0.0823511 0.0730035 0.0923463 -0.0156796 0.0730626 -0.0470777 0.0680973 -0.070741 0.061082 0.0225574 -0.0866767 0.0509537 0.0184818 0.0715694 -0.00410994 -0.00974895 0.0528545 0.00263472 0.0964878 -0.0993526 -0.0628948 0.0155366 -0.0468609 -0.0438138 -0.0504475 -0.0697722 -0.0773761 0.0821546 -0.0195871 0.0667859 -0.0798488 0.0208787 0.0573365 -0.0355088 -0.0152444 0.0891128 -0.0823901 0.0574679 -0.0322571 -0.0113435 0.0545798 -0.0749436 0.00932849 0.0450982 -0.000378027 0.0429338 -0.00856234 0.0128544 0.0143102 0.0582016 0.0550386 0.0829899 0.0204116 0.00438826 0.0348796 0.0646997 -0.0299105 0.0379902 -0.0483564 -0.0587797 0.0255947 -0.083143 0.0633866 0 0.0505224 -0.00628104 
0.0696855 -0.0238757 -0.0168732 0.000140933 0.0738899 -0.0573195 -0.0454325 0.0104473 0.0518202 -0.0160754 -0.0183898 0.0286675 0.0385319 0.0720964 0.0819045 0.022036 -0.0343482 -0.0594942 0.0624446 -0.0140062 0.086877 0.0228241 0.0935857 0.0498228 0.0708766 0.0554446 -0.0604667 -0.0116751 0.0382698 0.0614131 -0.0778008 -0.0667078 0.0528821 -0.0462214 0.0145043 0.0697118 -0.00445686 0.0968375 -0.0321778 -0.0283675 0.0121041 -0.0206026 -0.0583846 -0.0467125 0.0118427 -0.0860022 0.0790654 0.0701172 0.0749234 0.0635581 -0.0179462 0.0378762 0.0816647 0.0236133 -0.0148363 0.0272911 -0.0795012 -0.00412311 0.00646978 -0.0665344 -0.0494926 0.0133139 -0.0659681 0.0973 0.0702529 -0.00238605 -0.00795403 0.0434238 0.0671739 -0.0606496 -0.0614541 -0.0984949 -0.00613577 -0.0505224 0 0.0562622 
-0.066161 0.0781171 -0.0774521 -0.058022 -0.0561121 -0.0703931 0.0280429 -0.00418279 0.0190676 0.0491019 -0.0159599 0.0243098 -0.0843002 -0.0331354 -0.0678696 0.0128966 -0.0406073 -0.0857009 0.0629591 -0.0585471 -0.0368294 0.0161574 0.0226902 -0.0366522 -0.0234855 0.0532478 -0.0890602 -0.000271123 0.00036251 0.0152347 0.0516324 0.0469196 -0.09116 -0.0917445 0.0702597 -0.0430521 -0.0905685 0.0382673 0.0131489 -0.0815763 0.0102326 -0.014112 -0.0155363 -0.0962787 -0.0781214 -0.0754973 0.0484378 0.0804312 0.0553526 0.0520143 -0.0797779 0.0194623 -0.0587445 0.057243 0.0967508 -0.0776741 0.0403806 0.059515 -0.0463125 0.0552822 0.00339033 -0.0172624 0.0875945 0.0322572 -0.0990585 -0.00875842 -0.0451995 -0.0583076 -0.0452672 0.0620159 -0.0688257 -0.0062263 0.0206566 0.00628104 -0.0562622 0 
