75

16000 4500

30 55 80

8

0 18030 96350 91450 95940 93200 83190 53940 85060 80240 17060 61650 39750 49540 82150 14140 86530 99670 78070 11990 32310 99801 92612 79230 79490 73660 85200 87460 90120 85750 95260 92830 62250 18210 27130 62600 15020 26820 50190 79050 80020 86910 76820 86311 16160 55790 69900 64890 78880 30130 97330 88290 16190 22150 67860 98980 94580 77250 96570 94990 28790 62570 53460 61480 54240 89930 69230 48370 80620 69930 88010 59580 71330 74240 22580 87250 
17400 0 108170 99370 110200 84030 96870 43760 89980 94701 7070 52480 30580 40370 80780 8430 85160 98300 92531 11100 15550 85930 106310 80030 88190 72290 89110 78290 98640 70590 109630 91460 66160 33100 41500 73430 29910 41710 39790 77680 78650 90940 75450 72440 31050 46620 78600 54490 69710 24830 101240 79120 29870 15070 79680 113350 84660 75880 95200 105220 19230 76940 63230 44900 44060 88560 77900 31610 79250 84300 96530 50410 69960 64060 32750 85880 
96230 108580 0 150950 109770 117370 38480 120340 53090 95420 103330 109350 99080 108550 85980 108030 84700 85010 92790 106000 116400 175900 118750 60500 30480 82800 174531 122150 27520 167380 81470 85290 132981 91060 76230 114560 97160 91370 120450 82150 78290 159481 71750 161890 95620 105920 38220 131390 103980 93350 179831 116520 80980 99500 28840 62490 139800 77100 66480 140860 107520 60470 123151 135320 117680 90340 138921 129610 80470 72760 37770 118530 72080 137840 103321 87460 
91470 99370 151320 0 58460 181330 113650 139410 165570 58240 101030 147610 125710 135500 171940 92780 176380 189790 60770 89690 106380 173660 47410 163790 144071 162990 43150 175080 153051 137650 85770 182680 33450 78600 84620 39530 81780 75760 133700 168840 169870 26750 166670 160170 81990 141750 141550 144710 167010 118680 39520 175910 95230 110200 123941 111162 178170 167040 181490 14770 114360 92190 39280 132630 139710 179780 22670 119340 170410 78650 157971 145540 161120 155580 69350 177100 
95520 110211 109940 58860 0 184570 73370 147361 140290 19780 110481 152980 129620 140120 157600 104070 161980 171630 22770 99620 120960 188240 12560 142850 115470 149110 96500 180420 123780 157870 32720 166940 73030 78000 72940 38290 84100 70090 143611 154500 154390 80450 148970 174750 82560 147060 115840 158311 168210 119090 94050 179620 86880 115571 97400 59220 188261 151620 155981 47631 122211 54000 63200 147200 147661 165380 66490 133920 154990 40460 129370 153001 145010 167661 78460 162700 
92710 82850 117360 180090 182520 0 131970 49710 68200 164340 77140 31530 53390 45100 31520 87570 34430 47280 162170 89370 77810 85330 182673 59090 88390 41120 166730 10650 92740 93980 173230 35040 144760 107320 110610 151880 106170 116320 54970 36270 40960 170940 48610 71840 107310 37620 84630 45660 18510 63560 179300 6090 96860 69870 101420 164220 28300 40640 58900 184090 67130 140640 141500 64570 43070 30150 156500 72590 38220 151900 83050 37600 48590 37100 111020 31600 
82580 96830 38570 113970 73500 132140 0 122120 72631 58570 92000 114550 100850 110810 101020 94530 99861 105811 55940 91930 108790 176381 81890 75661 47811 95270 135960 132790 54730 166850 47730 102391 106580 72610 57270 77700 78710 71100 121730 97190 93330 128920 86790 162311 77170 111120 49910 133650 114370 93600 143640 128340 69200 92820 32380 33400 150280 92140 88322 103880 101240 24710 96750 135180 119940 105581 110550 124080 95510 35910 61711 121420 87120 140210 81990 102701 
54690 43850 120040 139210 147981 49950 121810 0 88790 130350 39320 25540 21480 14350 56700 49090 64700 82120 128180 50890 33620 59600 144653 76780 98260 52010 121731 41690 107220 53030 144640 67720 106000 72290 76620 113220 69100 80331 7910 57730 60190 125941 65170 46110 70240 22370 90100 12870 41710 31620 133861 44470 62870 32050 95430 148360 45650 57600 84250 145010 27580 111950 103020 21490 6820 63570 117740 25530 59450 119310 100940 14340 61990 23180 72540 61870 
85990 90000 52990 165060 140190 68290 72681 88760 0 123960 84290 65010 72800 76860 40980 92130 34630 34640 121330 92340 95490 143920 147280 12870 26660 38100 170410 74550 26730 138900 116641 34920 140440 93510 80710 126700 93490 95850 93560 37150 31770 166340 24390 130400 94630 67200 28620 93460 58370 72000 185440 68280 78240 78840 44110 104911 93440 32100 16820 161230 84240 87950 130580 107360 82340 39970 146380 105550 35190 101320 17040 76300 28060 94180 102570 37090 
80160 94951 94980 58550 19870 164800 57860 130730 123490 0 95080 133210 111830 122330 138510 89010 142890 152540 3680 84560 107180 175740 24140 124390 98670 130020 92260 160650 106980 149671 30390 147850 64831 62670 55150 30091 68740 54160 128300 135410 135300 77090 129880 162250 67120 127290 99040 142260 149120 101300 90690 159850 69090 98770 80600 54850 172080 132530 139181 48590 106900 36850 55001 134710 131030 146290 59980 121420 135900 23310 112570 133700 125920 151030 65450 143610 
17180 7230 102570 101020 110471 78330 91950 39370 84280 94901 0 46780 24880 34670 75080 10620 79460 92600 92731 12420 17140 86231 107143 74330 83270 66590 90760 72590 93690 72550 109470 85760 67810 33980 41340 74750 30790 42590 36030 71980 72950 92590 69750 72741 31930 40920 73680 50730 64010 19130 102890 73420 28120 9370 74760 113190 79710 70180 89500 106540 13530 76780 64550 46480 39670 82860 79550 33200 73550 84140 91580 44710 64260 59670 34070 80180 
61400 51540 109290 146660 151170 31780 114590 25490 65050 133030 45830 0 22080 13790 33130 56260 41130 58550 130860 58060 46540 78340 151363 53040 80320 28270 135340 27630 86970 74390 146690 44150 113450 76010 79300 120390 74860 85010 30470 33990 36450 138230 41430 64850 76000 6480 76560 28950 18800 32250 147910 26870 65550 38560 84770 146820 41270 33860 60510 152180 35820 114100 110190 42850 18850 40270 125190 46360 35710 121990 78980 11790 38250 29670 79710 38300 
39880 30020 98770 125140 129240 53550 100680 21730 72430 111450 24310 22000 0 10890 52540 34740 56920 74010 109280 36540 27700 76000 128472 61610 77150 43980 114010 49400 86300 67480 125740 63220 91930 54430 57720 98870 53280 63430 21570 49440 51900 116710 56880 62510 54420 16080 68830 33260 39170 10670 126140 48640 43970 17040 74160 129460 57410 49310 75960 130660 14300 93050 88670 35940 20020 60320 103670 32680 51160 100410 81260 22410 50970 40110 58190 57640 
49930 40070 108620 135190 140010 45370 111030 14390 76790 122220 34360 13820 10810 0 46950 44790 53210 70300 120050 46590 33540 73030 139242 64780 85690 40010 122340 40660 94650 65520 136510 57970 101980 65200 68490 108920 64050 74200 18550 45730 48190 126550 53170 59540 65190 10370 77780 25240 32390 21440 134470 40460 54740 27090 84010 140130 47470 45600 72250 140710 24080 103820 98720 33980 10070 54090 113720 32890 47450 111180 88370 12470 49990 31130 68240 52120 
82160 80780 85980 171910 157240 31480 101181 56610 41150 138190 75070 33120 52940 46870 0 82910 11370 28790 136020 84710 79620 105660 161410 29140 57010 10130 166200 36260 63280 105510 144000 14390 140390 92970 90350 136490 92980 101970 61870 4890 10630 167090 17530 92170 94120 37690 53250 58370 18090 58590 178350 30630 79550 69100 70040 133411 53750 9260 32660 170200 66460 112410 132710 73970 49970 10510 149690 79440 7020 123670 55150 43300 17210 55620 101830 8540 
13450 8440 107590 92700 103640 88880 94990 49130 92060 88930 10750 57330 35430 45220 82980 0 87360 100500 86760 4540 19890 90270 99750 82230 88620 74490 82440 83140 99250 72680 106751 93660 59490 29120 38930 66870 25930 35370 45160 79880 80850 84270 77650 76780 27070 51470 79030 59860 74560 28400 94570 83970 27340 19920 79100 110780 90030 78080 97400 98660 24080 74370 56670 49240 49430 90760 71230 35950 81450 81730 97140 55260 72160 69430 26190 88080 
86530 85150 84710 177970 161610 34580 99911 64990 34670 142560 79440 41410 57310 53260 11170 87280 0 20270 140390 89080 84770 113210 165780 25180 55640 14500 170900 40840 59210 114520 143871 7020 145090 97340 94720 140860 97350 106340 69960 8110 9370 171790 15020 99720 98490 43600 52520 66750 26060 62960 183050 34570 83920 73470 69850 132141 59730 10260 25370 175390 70830 112940 137900 82350 58350 6480 155750 85830 7530 126760 49520 51680 18600 62980 106200 3600 
99490 98110 85210 189390 172050 47140 105791 82110 34960 152730 92400 58360 74260 70210 28920 100240 20520 0 150560 102040 101720 128741 176290 30550 59571 31450 190250 53741 59500 132040 149751 14870 158280 110300 104890 151030 110310 119300 86910 25950 22550 184980 23430 115251 111450 60550 58400 84060 43200 79890 201970 48241 95620 86950 75730 138021 72811 24760 21070 185560 87780 120460 151010 99690 75660 20940 168860 102780 24640 133830 49810 68990 30500 78751 119160 20550 
78680 93471 92980 60380 22160 163320 55860 129250 121490 2810 93600 131730 110350 120850 137030 87530 141410 151060 0 83080 105700 174260 26430 122910 96670 128540 92890 159170 104980 149700 28830 146370 64860 61190 53670 30130 67260 52680 126820 133930 133820 78920 128400 160770 65640 125810 97040 140780 147640 99820 92440 158370 67610 97290 78600 52790 170600 131050 137181 50420 105420 34850 55030 133220 129550 144810 60610 119940 134420 21310 110570 132220 124440 149550 63970 142130 
11380 11220 105520 89810 99450 90600 92530 50850 92170 84740 12470 59050 37150 46940 84700 4800 89080 102220 82570 0 22970 93350 95560 83950 87170 76210 79550 84860 97800 75760 102561 95380 56600 24930 36260 62680 21740 31180 46880 81600 82570 81380 79370 79860 22880 53190 77580 61580 76280 30120 91680 85690 25270 21640 77030 108320 91750 79800 99120 94470 25800 71910 52480 52310 51150 92480 68250 39030 83170 78840 95690 56980 73880 71150 22000 89800 
31620 15490 116290 106160 120890 78120 108760 34140 95510 107120 17070 46880 27690 33440 80010 19820 84610 101700 104960 22730 0 71110 116880 85560 96460 71670 88940 70100 105790 56140 123850 90910 72950 47310 55720 84010 44120 53560 28440 77130 79590 93150 80980 57620 45260 43300 86100 41710 65450 26020 101070 72640 44090 16660 90450 127570 75170 77000 100730 112600 16040 91160 70200 30070 35230 87150 84690 16790 78850 98520 103680 42750 75490 52580 43760 85180 
100121 85880 176801 173771 188800 85201 175111 59580 144061 176150 86071 78401 76150 72980 105781 90210 112641 128302 173980 93120 71120 0 184790 132051 155791 106201 137580 75761 164941 47740 192431 115561 140561 117700 124301 151920 114510 122000 58750 110531 114381 153900 119361 17600 115650 79950 146531 51661 88431 85021 149300 81011 111121 81401 151861 196151 61850 111791 137711 180510 74971 159741 138110 41650 64060 109191 152301 56260 112481 167101 157991 68131 116181 50691 111670 109811 
92392 106450 118350 47610 12860 183493 81230 144233 146860 24060 107353 151432 128302 138802 161880 100030 166260 175910 27050 95580 116910 184190 0 147760 122040 153390 85910 177753 130350 153820 42790 171220 66270 74872 74110 33710 80972 69442 140483 158780 158670 69860 153250 170700 79432 145012 122410 155183 168602 117772 83460 178583 88050 112443 103970 68540 185133 155900 162551 36381 119083 60220 59150 143150 144533 169660 57910 129870 159270 46680 135940 149873 149290 164533 74420 166980 
79240 80060 60410 163290 142520 59120 75611 76770 12890 124770 74350 53020 61880 64870 28990 82190 25080 30630 122600 83990 85550 131930 148060 0 31340 26110 165810 65070 35220 126910 119571 27610 138670 87900 78940 124930 87880 94080 81570 25160 19780 163840 12400 118410 89020 55210 28220 81470 46900 61930 176510 59110 72630 68900 45550 107841 82560 20110 20540 159420 73320 90280 128020 95370 70350 30800 144610 93790 23350 103650 26890 64310 17070 82190 96960 27920 
80520 89340 30410 144021 115360 88350 47851 98260 26650 99130 84290 80350 77640 85160 56960 89650 55580 59681 96500 88220 96570 154530 122450 31380 0 53780 155191 93130 11260 146010 91811 58110 122931 81010 66180 104711 85280 81320 99010 53130 49270 149431 42730 141030 85570 81780 12020 108800 74960 73770 163791 87500 67290 79920 19280 80081 110620 48080 41501 138061 87940 63120 113101 114320 94830 61300 128871 109780 51450 76490 14890 91640 43060 109520 90390 58420 
73830 72450 82390 163580 148910 41100 95410 52010 38130 129860 66740 28260 44540 40110 10170 74580 14550 31640 127690 76380 72000 106130 153080 26120 53420 0 157700 42810 60070 102150 136670 20850 131890 84640 82020 128160 84650 93640 56810 7070 9530 158590 14510 92610 85790 30450 49660 56710 24390 50190 169850 38360 71220 60700 65590 127640 60300 6940 33590 161680 58060 104080 124380 70610 45590 17950 141360 72680 8790 115340 52080 39550 12760 57430 93500 15270 
84980 89030 173482 43330 96510 166650 138010 122280 170370 91990 90690 135410 114470 121970 166110 82440 170760 190620 92650 79350 88820 137380 85640 165170 155592 157350 0 158630 164572 100740 121231 177060 29500 77000 89250 63220 78530 75510 116140 163010 164250 17420 161050 133360 79700 130510 148240 126071 153980 108340 12790 161170 93630 99860 136432 146011 159531 161210 187520 54940 102030 112880 39910 111891 123760 174160 32370 99281 164580 105710 167680 131280 155290 136941 65870 171480 
88730 78870 122280 175600 178620 10620 132610 41790 74610 160440 73160 27630 49490 41200 36440 83590 40840 54031 158270 85390 69890 75870 178693 65140 93310 42610 158770 0 99150 84620 173870 41701 140780 103420 106710 147720 102270 112420 47050 41190 45880 162980 53530 62380 103410 34050 89550 36300 19690 59660 171340 6410 92960 65890 102790 164860 20340 45560 65310 179600 62420 141280 137520 55210 35150 36560 152520 64670 43140 149400 89460 30590 52590 27740 107040 38010 
91080 98710 27560 153021 123590 93160 54660 107190 26650 107360 93610 86980 86590 94090 63250 100210 59430 59510 104730 98780 105790 163480 130680 35230 11110 60370 164191 99330 0 154960 99140 59790 131931 90010 75180 113711 95120 90320 107960 59420 54040 158431 46720 149980 94570 89170 22700 115430 81160 82990 178781 93150 77130 89140 28280 86500 116820 54370 40980 147061 97160 71350 122101 123270 103760 64840 137871 118840 57610 84720 10790 98270 49690 116150 99390 61960 
84660 70090 168790 137680 158200 94270 166000 53210 139090 149851 72700 74540 67790 65630 105700 72190 113700 131150 149670 75100 56360 48070 154190 127080 147680 102310 100510 84940 156830 0 173532 116720 104470 99110 110140 121320 96340 100930 50390 108030 110490 116830 115470 34700 97480 73580 138420 51460 90710 77390 112230 89460 98550 72190 143750 183120 79620 107900 134550 146160 67470 146660 104760 33890 57690 112570 116210 41540 109750 149180 152290 63340 112290 58710 90600 110870 
95610 109860 81710 86390 32990 173340 47670 145180 116900 30570 109680 146670 126280 136780 143960 107252 144130 150080 29260 102802 124140 192681 42860 119930 92080 136470 121260 173990 99400 174082 0 146660 92480 80912 70300 57750 86982 72402 142900 140130 136270 107450 129730 179021 85362 141740 93970 156710 155570 115750 120810 169540 82900 113220 75690 29240 186680 135080 132591 75931 121500 34160 82650 153382 145480 149420 88230 139662 138450 29020 105980 148150 130060 165630 83672 146230 
92890 91510 85350 184330 167060 34980 102411 67840 35100 148010 85800 44350 63670 58100 14460 93640 7110 14850 145840 95440 90850 115890 171230 27680 58140 20860 177260 41561 59640 117370 146371 0 151450 103700 100170 146310 103710 112700 73100 14470 14400 178150 18710 102400 104850 48920 55020 69600 28740 69320 189410 36061 90280 79830 72350 134641 60631 16450 25800 180840 77190 116380 144260 85200 61210 6480 162110 90720 13720 130200 49950 54530 24790 65660 112560 6090 
62110 66160 132632 33450 72630 145950 107170 106200 140770 64281 67820 114400 92500 102290 140320 59570 144970 158360 64100 56480 73170 140450 66230 137910 123302 131560 29460 140210 132282 104440 92050 151270 0 50600 59820 35750 52770 48270 100490 137220 138460 25020 135260 126960 53940 108540 118640 111500 131630 85470 36370 141040 67230 76990 104142 115171 144960 135420 155260 43670 81150 83240 10480 99420 106500 148370 11980 86130 138790 76100 137202 112330 129500 122370 40110 145690 
18300 33100 91360 78870 78540 107620 72820 71630 93340 62890 33970 76070 54690 65190 93110 29210 97490 110630 60720 24920 47380 117491 75212 87800 81790 84620 77090 103470 91010 99380 80711 103790 50710 0 16490 45730 6880 9670 67880 90010 90980 74330 87780 104001 5340 70150 72970 82580 93240 44160 87000 102710 17230 39840 62870 88570 111560 88210 106140 78170 46480 52160 40880 76730 71930 100890 56650 63440 91580 56990 92410 76560 82290 91930 11460 98210 
27150 41400 75700 83910 72820 110900 57330 76870 80220 55030 41220 79350 57970 68470 89940 39100 94320 104610 52860 36350 55680 124051 73820 78440 66130 81450 88670 106750 75350 110710 69410 99730 59290 16320 0 47420 22420 16630 74440 86840 86730 82910 81760 110561 20880 73430 58090 88400 96520 47440 95580 105990 15000 44910 47210 73130 114840 83960 96140 80080 53040 36720 49460 85030 77170 97720 65230 71740 87330 44080 77530 79840 77350 97170 25700 95040 
63170 74120 112640 39590 38260 152160 77910 113750 127000 29911 75370 120610 99230 109730 136720 67700 141100 151390 30000 63250 84580 151860 33420 125220 105291 128230 63460 147760 114271 121490 57950 146510 36650 45800 48080 0 51900 39390 109780 133620 133510 49650 128540 138370 50360 114690 102770 122910 137780 88700 63010 147250 60980 83231 85161 80480 154650 130740 142920 33630 88700 55790 26820 110830 114050 144500 31180 97540 134110 43360 119191 119880 124130 133780 42090 141820 
14300 29900 96200 86690 89660 104800 78130 67630 90880 73960 30750 73250 51870 62370 90560 26010 94940 108080 71790 21720 44180 113491 86332 85340 83050 82070 83450 100650 93070 97130 90460 101240 57710 11930 21370 56850 0 20540 63880 87460 88430 82150 85230 100001 9880 67330 74150 78580 90420 41340 93840 99890 17440 35840 67710 94180 108270 85660 103680 89290 42480 57770 48700 73520 67930 98340 64470 60240 89030 65130 93590 73270 79740 87930 17820 95660 
26900 41700 91250 75460 70180 116540 71310 79891 95770 54230 42570 84990 63610 74110 102030 35480 106410 119550 52060 31030 53650 121670 69042 93990 81680 93540 75660 112390 90900 101340 72051 112710 48440 9630 16380 39190 15480 0 76141 98930 99900 72060 96700 108180 13860 79070 73640 90841 102160 53080 84730 111630 25730 48101 62760 85920 120480 97130 111690 71630 54741 50650 38610 80630 80191 109810 54380 67350 100500 48330 93080 85480 91210 100191 11500 107130 
50180 39650 120330 133430 143471 55050 121380 7970 93510 127901 35880 30400 21590 18490 61800 44890 69800 87020 125731 46690 28120 58520 140143 81500 98710 56730 115951 46790 107860 50000 142490 72820 100220 67780 74360 109020 64590 75821 0 62450 64910 120161 69890 45030 65730 27090 90390 16070 46810 31460 128081 49570 60780 29960 95720 146210 52130 62320 88970 139870 25030 109800 97470 18460 11920 68670 111960 19750 64170 117160 102820 19440 66710 28000 68340 66970 
79110 77730 82090 168860 154190 36380 97291 57740 37260 135140 72020 33990 49890 45840 4990 79860 8190 25960 132970 81660 77350 111000 158360 25250 53120 7080 163150 41160 59390 107880 140110 14490 137340 89920 87300 133440 89930 98920 62540 0 6740 164040 13640 97510 91070 36180 49360 62440 22990 55540 175300 35530 76500 66050 66150 129521 58650 5370 28680 167150 63410 108930 129660 76340 51320 11860 146640 78410 3130 120620 51260 45280 13320 60520 98780 8980 
82120 80740 78590 172830 155220 43120 93791 62810 31690 136170 75030 39060 54960 50910 13020 82870 10880 22120 134000 84670 82420 116930 159390 19980 49620 12150 166490 47930 54170 112950 136610 15440 140680 92930 88330 134470 92940 101930 67610 9100 0 167380 8340 103410 94080 41250 45860 67510 29760 60610 178640 42300 79060 69580 62650 126021 65420 5460 24070 169000 68480 105430 133490 81410 56390 15540 151340 83480 6650 119250 45990 50350 11950 67290 101790 12360 
86800 90850 158922 26890 80410 170900 129000 126530 166110 76950 92510 139090 117190 126220 166980 84260 171630 185020 78370 81170 93070 153840 69540 162470 149592 158220 17370 162880 158572 117200 107260 177930 24930 74050 83250 49360 77230 71720 120390 163880 165120 0 161920 143100 77440 133230 143980 130321 158230 110160 13800 165420 90680 101680 130432 132151 163781 162080 180810 38840 105840 104450 34730 116131 128010 175030 18510 103531 165450 93080 163420 135530 156160 141191 64800 172350 
76900 75520 71670 166800 149190 48320 86871 64930 24610 130140 69810 41180 57080 53030 17150 77650 14880 23700 127970 79450 81010 119050 153360 12600 42700 14270 161270 53100 46770 115070 129690 18820 135460 87710 82300 128440 87720 96710 69730 13320 7810 162160 0 105530 88860 43370 38940 69630 34930 57300 173420 47470 73030 64360 55730 119101 70590 8270 21250 162970 68690 98510 128270 83530 58510 20600 146120 85600 11380 112330 38610 52470 7470 70350 96570 17720 
86441 72200 162080 160101 175120 71521 161431 46270 130111 162470 72391 64721 62840 59670 92101 76530 98961 114622 160300 79440 57440 17710 171110 118101 141070 92491 133250 62081 150220 34450 178751 101881 126881 104020 110621 138240 100830 108320 45440 96851 100671 142341 105651 0 101970 66640 131810 37981 74751 71341 144970 67331 97441 67721 137140 182471 52680 98081 124031 166830 61291 146061 124430 27970 50750 95511 138621 42580 98801 153421 144041 54451 102471 37011 97990 96131 
16280 31080 95840 82270 83020 107650 77300 69610 94130 67320 31950 76100 54720 65210 93810 27190 98190 111330 65150 22900 45360 115471 79692 88590 85810 85320 80070 103130 95490 97760 85141 104490 54110 5290 20970 50210 4860 13900 65860 90710 91680 77730 88480 101981 0 70180 76910 80560 93270 44190 90400 102740 20690 37820 67350 93050 110250 88910 106930 82650 44460 56640 44280 74700 69910 101590 60050 61420 92280 61420 96350 75250 82990 89910 14440 98910 
55490 45630 105950 140750 145260 37870 111160 22380 67160 127120 39920 6480 16170 10480 37700 50350 43580 60670 124950 52150 43060 80070 145392 55150 81580 30380 129620 34050 89080 73500 141410 48720 107540 70100 73390 114480 68950 79100 27180 36100 38560 132320 43540 66580 70090 0 73670 32190 23390 26340 142190 33290 59640 32650 81340 143390 45970 35970 62620 146270 29910 108720 104280 41960 15960 44840 119280 43050 37820 116080 81090 14890 40360 33990 73800 42870 
70950 79110 38400 141610 115430 84430 49880 90110 28460 99200 74010 76430 69120 77010 53040 80080 52340 58290 96570 78650 86190 145070 122520 28140 12040 49860 148300 89210 22870 136550 93570 54870 118330 73070 58600 102300 76540 73740 90490 49210 45350 144230 38810 131570 77060 73630 0 101130 71040 63390 156900 83580 58550 69540 18460 82110 106700 44160 45140 135650 77560 63190 108470 104860 86680 58060 124270 99400 47530 76560 22870 86240 39140 105550 82810 55180 
64940 54410 131430 146270 158231 45470 133680 12870 93660 141860 50640 29110 33350 25330 58620 59650 66620 84040 139690 61450 42400 51850 154903 81650 108930 56880 126731 36140 115580 51090 156150 69640 113060 82540 88130 123780 79350 90581 16090 62600 65060 130941 70040 38360 80490 32040 101330 0 43630 43470 138861 40660 74380 43560 106820 159870 36760 62470 89120 152710 39090 123460 110310 20460 16250 65490 124800 31550 64320 130820 107590 18110 66860 12340 83100 63790 
78580 68720 103970 165960 167900 18590 114400 41630 58410 148850 63010 18800 39260 32370 18130 73440 25690 43010 146680 75240 65120 88540 168543 46830 75000 24400 153790 19760 80970 90530 155660 28610 130630 93190 96480 137750 92040 102190 46890 22880 27570 157840 35220 75050 93180 23420 71240 43390 0 49430 166360 15300 82730 55740 84580 146630 37250 27250 49510 169960 53000 123070 127370 58990 34990 22240 142370 64510 24830 134330 72840 28320 34380 38690 96890 22860 
30070 24730 93280 118530 118750 63770 93570 31760 72020 100960 19020 32220 10840 21340 58630 28130 63010 80100 98790 29930 25930 85181 117982 61960 73700 50070 108270 59620 83030 77510 115250 69310 85320 43940 47230 88500 42790 52940 31600 55530 57990 110100 57360 71691 43930 26300 63340 43290 49390 0 120400 58860 33480 10900 68670 118970 67710 55400 77110 120940 14460 82560 80650 45970 30470 66410 96420 37970 57250 89920 80850 32710 51320 50560 50170 63730 
96990 101040 178232 39650 94040 179080 143120 134290 184590 90580 102700 147840 126480 133980 178140 94450 182790 202400 92000 91360 100830 149160 83170 175340 164122 169380 12850 171060 177882 112520 120761 189090 36390 86920 96140 62750 88920 84590 128150 175040 176280 13810 173080 145140 90090 142940 156850 138081 166410 120350 0 173600 103550 111870 144962 145541 171541 173240 199300 51730 114040 118000 46800 123891 135770 186190 31900 111291 176610 106470 182802 143290 167320 148951 76260 183510 
87960 78100 116430 174830 177770 6040 128480 44290 68340 159590 72390 26780 48640 40350 30590 82820 34570 47911 157420 84620 72390 81150 177923 59230 87460 38480 161580 6410 92880 89170 169740 35581 140010 102570 105860 146950 101420 111570 49550 35340 40030 165790 47680 67660 102560 33200 83700 40850 15420 58810 174150 0 92110 65120 98660 160730 25300 39710 59040 178830 62380 137150 136750 59760 37650 30290 151750 67170 37290 148410 83190 32180 47660 32290 106270 31740 
16010 29880 81010 95200 86730 97070 69400 63040 78110 68940 28160 65520 44140 54640 79540 27620 83920 95780 66770 25590 44160 110991 87730 72570 67380 71050 93420 92920 77400 99230 82530 90220 67040 16930 15210 60580 19650 25390 61130 76440 77410 90660 72930 97501 20790 59600 58480 74570 82690 33610 103330 92160 0 31080 52520 86250 101010 74640 90910 93020 39500 49840 57210 72670 63340 87320 72980 60220 78010 57200 77920 66010 68520 83340 27790 84640 
22840 15130 99380 110250 116131 71050 92470 32090 78850 98890 9420 39500 17600 27390 68240 19850 72620 87170 96720 21650 16650 81591 112803 68900 79800 59680 99990 65310 89130 72060 113290 78920 77040 40440 45160 82861 37250 48481 30180 65140 67520 101820 64320 68101 38390 33640 69440 43620 56730 10890 112120 66140 31590 0 73790 117010 72430 64750 84070 115251 8420 80600 73721 43270 32390 76020 88780 31260 66860 87960 87020 37430 58830 52390 42841 73340 
68010 80160 28740 124691 97240 101440 32420 95790 44160 81010 75110 84800 74530 84000 70050 79610 69870 75820 78380 77590 90730 150480 104330 45670 19340 65520 137021 103040 28320 141960 75560 72400 104761 62840 48010 85381 68940 63150 95900 66220 62360 131261 55820 136980 67400 81370 18660 106840 84620 68800 145621 98590 52760 74080 0 64650 120530 61170 59851 118731 82500 45000 94931 110270 93130 75510 110701 104810 64540 58370 33240 93980 56150 113290 72220 72320 
98460 112710 62350 111250 59180 164280 33290 148030 104751 55120 112530 146670 129130 139630 133140 110410 131981 137931 53340 107810 126990 195531 68170 107781 79931 127390 144470 164930 86410 183220 29040 134511 115090 88490 73150 80360 94590 85610 145750 129310 125450 132470 118910 181871 93050 143240 82030 159560 146490 118600 145830 160480 85750 116070 64500 0 182660 124260 120442 100021 124350 36420 104830 156330 148330 137701 113250 143050 127630 41110 93831 150620 119240 168480 96880 134821 
95010 84890 140400 178990 188341 28260 150570 44920 93421 172020 79440 40960 56900 47040 54400 89870 59651 72561 169850 91670 75240 61660 185013 83100 111270 60570 159451 20460 117240 79090 186460 60231 145780 111210 114500 154260 109420 120210 51860 59150 63840 163661 71490 52800 110560 45670 107510 36830 37650 67450 171581 25320 100750 72170 120750 183080 0 63520 84121 185430 68620 149860 143030 53920 40500 55371 157520 64480 61100 159870 108271 35940 70550 24990 113320 56821 
77820 76440 77510 167570 151930 40340 92711 57650 32680 132880 70730 33900 49800 45750 8950 78570 10570 25410 130710 80370 77260 111770 156100 20670 48540 6990 161860 45120 54810 107790 135530 16820 136050 88630 85040 131180 88640 97630 62450 5120 3410 162750 9060 98250 89780 36090 44780 62350 26950 55450 174010 39490 75210 65280 61570 124941 62610 0 27360 164890 63320 104350 128370 76250 51230 14550 145350 78320 3580 118170 46680 45190 8910 63070 97490 11360 
96570 95190 66720 180890 155681 59060 88172 84050 17060 139451 89480 60300 76200 72150 32860 97320 25400 20900 136821 99120 100680 137840 162771 20440 41311 33390 187330 65320 41010 134190 132132 25590 155360 106040 96540 142530 106020 111680 88850 28940 24620 181980 20890 124350 107160 62490 45100 88750 49600 76970 199050 59050 90770 84030 59601 120402 84210 26690 0 177060 88360 103441 146160 102650 77630 30740 162210 104720 27630 116811 31320 71590 27990 87130 115100 27860 
94990 105500 141160 14420 47591 185450 103490 145130 160830 48510 106750 152900 131430 141220 169950 99080 174930 185220 51040 94630 112950 180230 36541 159050 138111 161460 54880 179200 147091 147530 75612 180340 43680 78090 80540 33570 84190 71680 140270 166850 167340 38830 162370 166740 82650 146980 135590 151280 170070 120990 51750 180030 93270 115051 117981 100293 184740 163970 176750 0 120080 82460 43710 139190 145430 178330 32900 125910 167340 68920 152011 151260 157360 162150 73470 175650 
29390 19240 107390 114360 122681 68320 100860 27490 84410 107111 13530 36770 14870 24020 66460 23960 70840 87930 104951 25760 16010 74771 119353 73590 87810 57900 102150 61810 97120 67221 121680 77140 81150 46990 53550 88090 43800 55031 25160 63360 65820 105930 68990 61281 44940 30910 77450 39020 54000 14400 114280 63240 39980 8390 82180 125400 68390 63230 88740 119880 0 88990 77890 36450 27790 74240 92890 26430 65080 96350 93240 33930 62950 47790 47410 71560 
62350 76600 60400 92530 54050 140850 24770 111920 87870 37260 76420 114180 93020 103520 112470 74300 112800 120580 34630 71700 90880 159251 60580 90430 63050 103980 112950 141500 71360 147020 34220 116330 83570 52380 37040 55360 58480 50870 109640 108760 104900 104970 98360 145761 56940 108480 63420 123450 123080 82490 118420 137050 49640 79960 44980 36730 149920 103710 103561 82570 88240 0 73740 120230 112220 118050 85840 106940 107080 14800 76950 114890 98690 132220 61760 114860 
53430 63190 122592 38670 62570 142720 96770 102970 130070 54221 64590 111170 89270 99060 132690 56600 137130 150540 54040 52470 70200 137480 58560 127670 113262 124200 39870 136980 122242 105920 81990 143430 10490 40560 49780 25690 43740 38230 97520 129590 130620 34130 127420 123990 43950 105310 107940 108530 128400 81030 46780 137810 57190 73491 94102 104040 141990 127790 145990 43080 77920 73200 0 96450 103270 140530 16450 83160 131160 66040 127162 109100 121870 119400 31310 137850 
61030 44900 135130 133090 147820 64540 134550 21540 107420 135170 46480 42870 35890 33960 74030 49230 82030 99480 133000 52140 30140 41520 143810 95410 113950 70640 111341 55210 123100 33970 153260 85050 99880 76720 85130 110940 73530 81020 18490 76360 78820 115551 83800 28030 74670 41910 104690 20540 59040 45490 123471 59730 72530 42810 110020 156980 54510 76230 102880 139530 36380 120570 97130 0 26020 80900 111620 15790 78080 127930 118560 31670 80620 31410 70690 79200 
55350 44510 117710 140150 148641 43160 120120 6760 82330 131010 39980 18750 19900 10040 49910 49750 57910 75330 128840 51550 34860 64110 145313 70320 94720 45550 123660 34900 103680 57540 145300 60940 106940 72950 77280 113880 69760 80991 12020 51270 53730 127870 58710 50620 70900 15910 86810 16230 34920 30530 135790 37680 63530 32710 93100 149020 40630 51140 77790 145670 28240 112610 103680 26000 0 56780 118680 29640 52990 119970 96260 7550 55530 22790 73200 55080 
89990 88610 90250 181430 165070 30080 105781 63510 40000 146020 82900 40300 60710 54050 10410 90740 6700 20840 143850 92540 86800 109490 169240 31050 61510 17960 174360 36340 64540 113220 149060 6440 148550 100800 98180 144320 100810 109800 68770 11860 13670 175250 21000 96000 101950 44870 58310 65270 22340 66420 186510 30070 87380 76930 75100 138011 55230 14100 30700 178850 74290 117880 141360 80870 56870 0 159210 86390 11370 131500 54850 50200 22440 59260 109660 3270 
69240 77890 138382 22660 66540 157680 109090 117930 146520 59660 79550 126130 104230 114020 149710 71300 154150 167560 60320 68210 84900 152180 57880 144690 129052 140760 32320 151940 138032 116170 88270 160450 11970 56370 65570 30890 59550 54040 112220 146610 147640 18510 144440 138690 59760 120270 124390 123230 143360 96840 31870 152770 73000 88720 109892 112930 156690 144810 162440 32880 92880 85790 17050 111150 118230 157550 0 97860 148180 73680 142952 124060 138890 134100 47120 154870 
47720 31590 129330 119780 134510 72940 123660 25860 105590 121860 33170 46160 32640 32660 79290 35920 85550 102640 119690 38830 16830 56500 130500 93840 109500 72350 98791 64680 118830 41320 139681 90510 86570 63410 71820 97630 60220 67710 19720 78070 80530 103001 85510 43010 61360 42710 99140 30860 64700 37840 110921 67460 60190 31190 104470 143670 64320 77940 104590 126220 26470 107260 83820 15750 29810 86430 98310 0 79790 114620 114420 37330 82330 41730 57380 84460 
80700 79320 80390 170450 154810 38290 95591 59460 35340 135760 73610 35710 51610 47560 6950 81450 7710 24780 133590 83250 79070 112910 158980 23360 51420 8800 164740 43070 57500 109600 138410 13960 138930 91510 87920 134060 91520 100510 64260 3010 4100 165630 11750 99420 92660 37900 47660 64160 24900 57260 176890 37440 78090 67770 64450 127821 60560 3450 27500 167770 65130 107230 131250 78060 53040 11690 148230 80130 0 121050 49370 47000 11790 62430 100370 8500 
70080 84330 72890 79150 40470 152220 35770 119650 101400 23880 84150 122130 100750 111250 123840 82030 126760 134110 21250 78510 98610 167151 47200 103960 76580 115350 106070 149530 84890 149360 28830 130290 76690 56620 44770 43110 62690 48110 117370 120740 118860 92810 112320 153491 61070 116210 76950 131180 134450 90220 106170 148420 57370 87690 58510 41110 160100 117670 117091 69190 95970 14760 66860 127950 119950 131620 73590 114670 121040 0 90480 122620 111250 139950 59380 128820 
89020 96650 37770 158081 129420 83470 61911 100860 16960 113190 91550 78940 81670 87760 54910 98150 49810 49820 110560 96720 103730 157850 136510 26800 15050 52030 167700 89730 10790 150540 105871 50100 136991 92470 78000 118771 95940 93140 103040 51080 45700 163491 38320 144330 96460 81130 22850 107390 72820 80870 183841 83460 77950 87080 33340 94141 108480 46030 31290 152121 93110 77180 127161 118850 96270 55150 142931 114420 49270 90550 0 90230 41710 108110 102210 52270 
60380 50520 118590 145640 151740 37250 121780 14230 76340 133600 44810 11790 22270 12410 43210 55240 51210 68630 131430 57040 42330 68310 150343 64330 91610 39560 131130 30250 98260 63130 147890 54230 112430 76580 79870 119370 74790 85580 19490 45280 47740 135340 52720 54820 75930 14910 86310 18090 28220 32820 143260 31770 66120 37540 93980 150880 36250 45150 71800 151160 34070 115200 109170 31590 7590 50080 124170 37110 47000 122560 90270 0 49540 20210 78690 48380 
71400 70020 71980 161150 144770 48590 87181 61980 27980 125720 64310 38230 51270 50080 17200 72150 18760 30670 123550 73950 75510 116100 148940 17060 43010 12790 155440 52780 49660 112120 130000 24940 129630 82210 77880 124020 82220 91210 66780 13370 11170 156330 7530 102580 83360 40420 39250 66680 34360 51320 167590 47740 68610 58860 56040 119411 70270 8400 27940 157730 62710 98820 121950 80580 55560 22740 138930 82650 11770 111200 41670 49520 0 67400 91070 19550 
75320 64480 138060 157090 168611 37000 140480 22770 94290 150980 59950 29740 40120 31340 55680 69720 62540 78371 148810 71520 53470 50630 165283 82280 109560 57510 137551 27670 116210 58440 165420 65460 123880 92920 97250 133850 89730 100961 28100 60430 65120 141761 70670 37140 90870 34130 105780 12420 38500 50750 149681 32190 83500 52680 113450 169140 25260 63100 87010 163530 48210 132580 121130 31330 22890 59090 135620 42420 62380 139940 108220 20240 67490 0 93170 59710 
22670 32880 103001 69530 78510 112260 81880 72510 102250 65540 34130 80710 58810 68600 101930 26460 106310 119450 63370 22010 44020 111300 74620 96710 90850 93440 66070 106520 100070 90970 83361 112610 40330 11450 25550 41740 12980 11390 68540 98830 99800 64990 96600 97810 14150 74850 82810 82350 97940 50570 76460 107350 28080 42731 71930 97230 113410 97030 115050 73530 47460 61220 31540 70260 72810 109710 47310 56980 100400 59640 102250 78640 91110 92810 0 107030 
87130 85750 87690 178570 162210 31440 103061 61850 37440 143160 80040 38360 57910 52110 8470 87880 3720 20390 140990 89680 84860 110070 166380 28330 58790 15100 171500 37700 61980 111380 145890 5990 145690 97940 95320 141460 97950 106940 67110 8780 10500 172390 18150 96580 99090 42930 55140 63610 22920 63560 183650 31430 84520 74070 71930 135291 56590 10930 28140 175990 71430 114710 138500 79210 55210 3280 156350 84680 8200 128530 52290 48540 19270 59840 106800 0 

0 Ciudad_0 0 0 32400 0
1 Ciudad_1 634 11220 14625 1268
2 Ciudad_2 123 18697 22609 246
3 Ciudad_3 704 8386 12519 1408
4 Ciudad_4 270 22002 24529 540
5 Ciudad_5 526 11247 13685 1052
6 Ciudad_6 706 21736 24736 1412
7 Ciudad_7 481 25201 28226 962
8 Ciudad_8 250 21297 23642 500
9 Ciudad_9 498 10379 14482 996
10 Ciudad_10 206 25792 28309 412
11 Ciudad_11 492 2868 5967 984
12 Ciudad_12 538 3513 8199 1076
13 Ciudad_13 453 9746 13676 906
14 Ciudad_14 560 6122 10795 1120
15 Ciudad_15 659 3990 6828 1318
16 Ciudad_16 104 23947 27432 208
17 Ciudad_17 788 19118 22159 1576
18 Ciudad_18 815 13707 18343 1630
19 Ciudad_19 734 21279 24290 1468
20 Ciudad_20 509 12000 14303 1018
21 Ciudad_21 304 20975 23500 608
22 Ciudad_22 531 21598 25695 1062
23 Ciudad_23 364 5109 9419 728
24 Ciudad_24 254 17391 20890 508
25 Ciudad_25 363 25318 28520 726
26 Ciudad_26 772 7362 9881 1544
27 Ciudad_27 429 9992 13749 858
28 Ciudad_28 473 11469 15593 946
29 Ciudad_29 784 21588 25302 1568
30 Ciudad_30 774 20359 24188 1548
31 Ciudad_31 612 11663 14603 1224
32 Ciudad_32 523 21662 24397 1046
33 Ciudad_33 108 15606 18316 216
34 Ciudad_34 816 8939 10975 1632
35 Ciudad_35 205 15253 18668 410
36 Ciudad_36 274 9086 12139 548
37 Ciudad_37 786 2739 6206 1572
38 Ciudad_38 160 19093 22465 320
39 Ciudad_39 623 18791 21265 1246
40 Ciudad_40 497 15061 18191 994
41 Ciudad_41 195 16081 20850 390
42 Ciudad_42 225 17856 21716 450
43 Ciudad_43 716 6808 11546 1432
44 Ciudad_44 140 8296 10391 280
45 Ciudad_45 109 15527 19248 218
46 Ciudad_46 453 15775 20719 906
47 Ciudad_47 138 5132 8311 276
48 Ciudad_48 161 8924 11506 322
49 Ciudad_49 620 21985 26976 1240
50 Ciudad_50 269 13932 18483 538
51 Ciudad_51 360 11019 14859 720
52 Ciudad_52 790 15605 18833 1580
53 Ciudad_53 108 1928 5564 216
54 Ciudad_54 153 4997 7021 306
55 Ciudad_55 349 14882 18294 698
56 Ciudad_56 651 15775 20502 1302
57 Ciudad_57 272 17260 19946 544
58 Ciudad_58 692 11663 14251 1384
59 Ciudad_59 824 16069 20639 1648
60 Ciudad_60 738 11195 15952 1476
61 Ciudad_61 377 3802 7351 754
62 Ciudad_62 253 23143 28035 506
63 Ciudad_63 482 11088 15408 964
64 Ciudad_64 342 10019 12576 684
65 Ciudad_65 550 9353 13327 1100
66 Ciudad_66 172 24653 28250 344
67 Ciudad_67 112 20920 24514 224
68 Ciudad_68 441 4238 7358 882
69 Ciudad_69 375 16694 19001 750
70 Ciudad_70 244 14093 17373 488
71 Ciudad_71 752 17558 19739 1504
72 Ciudad_72 535 18370 21151 1070
73 Ciudad_73 562 7720 11254 1124
74 Ciudad_74 719 23635 27809 1438
75 Ciudad_75 624 22736 25730 1248

0 0.0106921 -0.0341627 -0.0495891 0.0558933 -0.0975067 -0.00818064 0.045344 0.0337363 0.0992653 0.0651531 0.0247408 -0.0338359 -0.0422713 -0.00966508 -0.00111748 -0.0717488 0.0488767 -0.0211821 0.033233 -0.0276888 -0.0706501 -0.0369859 0.0224259 -0.0991942 0.0639953 0.00651801 0.0798548 0.0298752 0.08732 0.0134396 0.0979711 0.0873208 0.0818457 0.0086334 -0.0640067 0.0341539 -0.0774744 -0.0353261 0.0256467 0.0408012 0.00240496 -0.0356975 -0.0209055 0.0264825 -0.0612062 0.0862173 -0.0307212 -0.0773201 -0.0483008 -0.0816861 0.00306203 -0.0837664 -0.0418019 0.030515 -0.0400979 -0.0609558 -0.0672235 0.0434029 -0.050519 -0.037177 -0.088889 0.0966446 -0.0907613 0.00384131 -0.0654589 0.0554034 -0.0581212 0.054333 0.0124039 0.0767368 -0.0819653 0.0288615 0.0649034 0.0145888 0.0819899 
-0.0106921 0 -0.0614471 0.045406 0.0315216 -0.0229849 -0.0551513 0.0826044 0.0330958 -0.0868762 0.0991357 -0.00514037 -0.0200122 -0.0743046 -0.0170515 0.0668281 -0.0742754 0.0707554 0.0563427 -0.00607425 0.0119024 -0.0833489 -0.0552422 -0.0214606 -0.0640246 -0.0805338 0.0696798 -0.0764291 0.0998911 0.052607 0.0137385 0.0284211 0.0341794 -0.00795418 0.034434 0.0939274 -0.00911362 0.0681171 0.0935349 0.0306345 -0.049102 -0.0906341 -0.0482378 0.0092248 0.0604526 0.0192345 0.0520021 0.00419406 -0.0152587 -0.0802783 -0.00813629 0.0288475 -0.060304 0.0711622 0.0214655 -0.0738115 -0.0198001 0.0172104 0.0740581 -0.071802 -0.0677492 -0.0485454 -0.0845436 -0.0183048 -0.00387581 -0.0904989 -0.0356623 -0.0487224 0.0144559 -0.0692627 0.0183012 0.0661602 0.0736049 -0.0749148 0.0149238 0.0980504 
0.0341627 0.0614471 0 0.0266875 0.0323291 0.0354598 0.0780958 0.0809051 -0.0949096 -0.0957434 -0.00947209 -0.0790529 0.0467361 -0.0377213 -0.0241052 -0.00370848 0.0415586 0.0808773 0.0258737 -0.0190917 -0.0405674 -0.00511898 0.0959633 0.0206258 0.0168431 0.0741998 -0.0768264 0.0179611 -0.0836404 0.0753706 0.0238291 0.0959462 -0.0823781 -0.0581978 0.0637466 0.0435088 0.0355788 -0.000871153 0.0397227 -0.0928812 0.0668135 0.0366238 -0.0424462 0.0448321 -0.0972774 -0.0819072 0.0122507 0.0155744 0.0916552 0.0154553 -0.0812224 0.0222385 0.0923515 -0.0724537 0.0536994 -0.0862234 -0.0947145 -0.006029 -0.0793008 -0.0104837 0.0852971 -0.0914292 -0.0455679 -0.0357601 0.0863633 -0.0281863 0.0903652 0.0114116 -0.0302933 0.0992314 0.00569215 -0.0260544 -0.0757966 0.0998177 -0.0900885 -0.063164 
0.0495891 -0.045406 -0.0266875 0 0.00698062 0.0721763 0.0687201 -0.0287733 0.0819078 0.0351199 -0.0353172 0.0922573 0.0404723 0.0429581 0.0579723 0.0513714 -0.0508669 -0.00889306 -0.0286498 0.05062 -0.0336119 -0.051352 0.0871593 0.0239794 0.0613255 0.0820416 -0.0877248 -0.0856337 0.0818092 0.0642352 -0.00233507 -0.0889324 0.0649218 -0.0951626 -0.083008 0.080078 0.020522 0.0514338 0.0723542 -0.0685139 0.00460702 0.0927768 0.0374149 -0.0297802 0.0611533 -0.0979861 0.0602146 -0.0847037 0.00631489 0.0250706 0.0312563 0.0129952 -0.00972533 -0.0345726 0.0714942 -0.0330535 0.0497489 0.00985293 0.099831 0.0956559 -0.0292996 -0.0814327 0.0266535 0.0474007 -0.0619863 0.0847386 -0.0788734 0.0926129 -0.0671244 -0.0722256 0.0319673 0.0731266 -0.0714944 -0.0375256 0.0936467 0.0771935 
-0.0558933 -0.0315216 -0.0323291 -0.00698062 0 -0.0761064 -0.0685538 -0.0477485 0.0216373 -0.080894 0.0644749 0.0584668 -0.0567063 -0.0425928 0.0200039 -0.0949424 0.0696188 0.0920451 0.0899464 0.068565 0.0821848 0.0527215 -0.0176287 -0.0398889 -0.0975898 -0.0861045 -0.0276609 -0.0423789 -0.0433651 -0.00344288 0.0559666 0.0469196 0.0766857 -0.0546946 -0.0161617 0.0111272 -0.0932531 0.0728007 0.0496854 0.0217172 -0.0458884 0.0328408 -0.0846619 0.0425754 0.0503901 0.099883 0.0672154 -0.0217319 -0.0726142 -0.0388464 0.0277734 0.0854743 -0.0996753 0.0771512 -0.0502068 0.0985733 0.0825697 0.0562747 -0.0560548 -0.0357898 0.0124893 -0.0825441 0.0976972 -0.0861974 -0.0269384 0.0350002 0.0610242 -0.0122028 -0.0185849 -0.0204 -0.0674935 -0.0443689 -0.0383504 0.0285681 0.00571158 -0.069752 
0.0975067 0.0229849 -0.0354598 -0.0721763 0.0761064 0 -0.0332244 -0.055719 -0.0845327 -0.0336802 0.0197534 0.0927735 -0.0890566 0.0990553 0.0826895 0.0299063 -0.0692055 0.0349033 -0.0179419 0.0442506 0.0956715 0.00757691 -0.06108 0.0931252 -0.0273419 0.0894431 -0.061445 0.0549886 0.0101983 0.0349088 -0.0670789 -0.0617466 0.0274299 -0.0708284 0.00211261 -0.0584583 -0.0953397 0.00232815 -0.0405628 -0.0218299 -0.00572212 0.0523086 -0.0335361 0.0868694 -0.0270383 0.0247372 0.0794382 0.0963629 0.0205613 0.089793 0.0156647 -0.0118739 0.0845138 0.0154105 0.0350917 0.0263272 -0.0241795 0.063103 0.0791317 -0.091364 0.0897768 -0.0936741 -0.0979424 -0.060591 -0.0521236 -0.0913488 0.0667542 -0.0304281 0.067187 0.0591711 -0.0137129 0.0876064 -0.0240739 -0.00450183 -0.0833703 -0.0572896 
0.00818064 0.0551513 -0.0780958 -0.0687201 0.0685538 0.0332244 0 0.0856753 0.0506359 0.0947743 -0.0397385 0.0187509 -0.0226113 0.0702689 0.0667731 0.0813969 -0.0957289 0.0489071 -0.00343231 -0.0890328 -0.0951294 -0.0352288 -0.0775258 -0.01279 0.0948546 0.0175565 0.0850956 -0.0320028 -0.0505226 -0.0607577 0.0238335 0.0313177 0.00910946 0.0180543 0.00931391 0.0916638 0.0298728 -0.0744988 0.0678057 -0.0166942 0.00847823 0.0662094 -0.0678927 0.0958568 0.0147136 -0.0961209 -0.0749259 -0.0714184 0.0271994 -0.04663 0.0601908 0.0247071 -0.0856358 0.0665035 -0.00788155 -0.0271902 -0.0491391 -0.0415982 -0.00905567 -0.0670601 0.0458792 -0.0134437 -0.0147339 -0.0216595 -0.065766 0.0268915 -0.0312303 0.068723 0.050364 -0.0858843 -0.0753835 -0.0333202 0.0301935 0.00447487 -0.0250035 0.0009899 
-0.045344 -0.0826044 -0.0809051 0.0287733 0.0477485 0.055719 -0.0856753 0 -0.0746152 -0.0200889 -0.064773 -0.0643386 0.0150998 0.0930057 0.00501758 0.0495169 -0.00485424 0.0502933 -0.00967884 0.000570241 0.0972698 0.0731162 -0.0149911 -0.0458132 -0.0101878 0.0466918 -0.0847099 0.0297588 0.0616556 0.080771 -0.0843458 -0.00116017 -0.041616 0.0657423 0.0323204 -0.0708826 0.0917263 -0.0381774 -0.0790273 -0.0179334 0.0897745 -0.0620918 -0.0499004 -0.0370084 0.0918172 -0.0134549 -0.0189321 -0.0132672 0.0202837 -0.0794635 -0.00489518 -0.0865649 -0.0938715 -0.0896955 0.0907942 0.0323828 -0.0631415 -0.0833824 -0.0813527 0.000335943 -0.00102838 0.0310389 0.027494 0.0438445 -0.0174877 -0.0178583 0.0563047 0.047686 -0.0719101 0.0591433 -0.0417384 -0.0879223 -0.0127826 -0.0152498 0.000874434 0.00606572 
-0.0337363 -0.0330958 0.0949096 -0.0819078 -0.0216373 0.0845327 -0.0506359 0.0746152 0 -0.0410918 0.0339125 0.0582492 0.0503152 0.037013 -0.0269741 0.047586 -0.0549242 0.0119696 0.00596062 0.00510873 0.0504913 0.00984551 0.00817758 0.0687213 -0.0697142 0.0193641 0.00804312 -0.0935571 -0.0704222 0.00338985 0.070604 -0.0597902 0.0587919 -0.00224366 -0.0411487 0.0232955 0.0299921 -0.0886352 -0.0933456 0.0522005 0.0855773 -0.0192833 -0.0465014 -0.0167939 0.00657737 -0.0234367 -0.0386139 -0.0985055 -0.0144939 0.0683647 0.0344752 0.0171301 -0.0697112 0.095381 -0.0792029 0.0635626 -0.0507322 0.0901751 0.05263 0.0216478 0.068358 0.0854491 -0.059845 -0.0618561 0.0134494 -0.05722 -0.0520488 0.063614 -0.0967587 0.0115931 -0.0208717 -0.0421241 -0.000439261 0.0993608 -0.0556546 -0.0936673 
-0.0992653 0.0868762 0.0957434 -0.0351199 0.080894 0.0336802 -0.0947743 0.0200889 0.0410918 0 -0.0019609 -0.0769961 0.0648759 -0.076115 -0.0760376 0.0612187 -0.00600914 -0.0226304 -0.0418237 -0.0713394 -0.00402386 -0.0435757 0.0312972 -0.0361767 -0.0907429 -0.0757213 0.0281904 0.0931071 0.0467248 -0.0387212 0.0239868 0.0121865 -0.0020181 -0.0186531 0.070219 -0.0611377 0.0822928 -0.00100975 0.0556464 0.0802334 0.0283813 -0.0632088 -0.00646988 0.0777825 0.0567114 -0.0564614 0.0121199 -0.086468 -0.0572635 0.00130314 0.0896505 0.0289221 0.059839 -0.0188967 0.0714407 0.0973557 -0.058217 -0.0971468 -0.019329 -0.0165961 0.0909487 -0.0255725 -0.0907769 0.0486438 -0.0215633 0.062275 0.0673143 0.00724564 0.0985447 -0.0365459 0.0918219 -0.0503348 0.0775786 -0.00642495 -0.0732408 0.0577823 
-0.0651531 -0.0991357 0.00947209 0.0353172 -0.0644749 -0.0197534 0.0397385 0.064773 -0.0339125 0.0019609 0 0.0787021 0.0707794 0.0728822 -0.0889909 -0.0660991 0.0134638 0.0582463 0.0884132 -0.0631259 0.0720043 -0.0471902 -0.0928588 0.00114144 0.0399376 0.0235757 0.079477 0.0763387 -0.0738727 0.0627652 -0.0638858 0.0546765 0.0894148 0.0592224 0.0779318 -0.0643314 -0.0297472 -0.00509948 -0.0527077 0.0259069 0.0651453 0.0511779 -0.00777994 0.060935 -0.0885487 -0.0352937 -0.0272706 0.00891934 -0.0404063 0.0851694 -0.0777923 0.0952402 0.0978063 -0.0509199 -0.0441269 0.0902174 0.0457268 0.0335864 -0.0209045 -0.0220595 -0.0359402 -0.0792522 0.0108484 -0.0956962 0.0959823 0.00439199 -0.0978313 0.0343719 -0.0483405 -0.075044 -0.0897743 -0.0864746 -0.042521 0.00560433 0.0381798 0.0705347 
-0.0247408 0.00514037 0.0790529 -0.0922573 -0.0584668 -0.0927735 -0.0187509 0.0643386 -0.0582492 0.0769961 -0.0787021 0 0.019944 -0.0182457 -0.091934 -0.0910832 -0.0373834 0.0828669 0.0665621 -0.0837195 -0.0675242 -0.095874 0.0324775 -0.0818282 0.091311 -0.0251968 0.0605194 -0.0542225 -0.0977037 0.0812864 -0.0976351 0.0431934 -0.0869058 -0.0262802 0.0743682 -0.0797305 0.0273474 -0.0751653 0.00809629 -0.0950375 -0.0456132 0.0572454 -0.00943936 0.0303546 0.0402197 -0.0626889 -0.0187724 -0.00640478 0.0435522 0.0647214 0.0490129 -0.0144624 -0.0417704 -0.0804693 -0.0290957 0.00811116 0.0463433 -0.0777053 0.0019379 -0.0478581 0.0760702 -0.025943 0.016224 0.0391041 0.0524525 -0.0297399 0.0307948 0.0505024 0.0940911 -0.0124458 -0.0824885 -0.0382958 -0.0254859 0.0251758 -0.086063 0.0436828 
0.0338359 0.0200122 -0.0467361 -0.0404723 0.0567063 0.0890566 0.0226113 -0.0150998 -0.0503152 -0.0648759 -0.0707794 -0.019944 0 0.0551709 0.0797542 0.0637147 0.099606 0.0261704 -0.0809964 -0.0084157 -0.0281535 -0.0647297 0.0433953 0.000871061 -0.0995147 0.00963676 0.073214 -0.0444356 0.0227881 -0.0645837 0.0442182 -0.0600021 0.0616086 0.0616168 -0.0782435 0.0265534 -0.0197371 -0.0384683 -0.0118786 0.0348494 0.0646809 -0.0576259 0.0800783 -0.0926476 0.0978376 0.00172196 -0.0311768 0.0929838 0.0338084 0.00478054 -0.0551486 -0.0209454 0.0134086 0.040767 0.0416262 -0.0837127 -0.089486 -0.08806 0.0586349 0.00774058 0.0926246 0.0758185 0.00477373 0.062123 -0.053566 -0.0783228 0.0895961 0.0649226 0.0731314 -0.0455835 -0.0428749 -0.0349576 0.0972037 -0.0170735 -0.0419491 -0.0451604 
0.0422713 0.0743046 0.0377213 -0.0429581 0.0425928 -0.0990553 -0.0702689 -0.0930057 -0.037013 0.076115 -0.0728822 0.0182457 -0.0551709 0 -0.0361572 0.0528922 -0.0237693 -0.0470988 -0.000754705 -0.0637687 -0.0482022 -0.0408403 0.0517267 0.0249173 0.0331665 -0.00388289 0.0178466 0.0836974 -0.0432214 0.0760547 0.0223934 -0.0430894 0.0284347 -0.034309 -0.0709153 0.00844892 0.0606564 0.077059 0.0614118 -0.0358042 0.092934 0.0267703 0.0452441 -0.0242905 -0.0592404 0.0820115 0.0346687 -0.0237378 -0.0847604 -0.0696239 0.0415104 -0.0951748 0.0838739 0.0661987 -0.0633594 0.0718991 0.0204986 0.040741 0.0288222 -0.0549381 0.0920319 0.0737207 -0.0074776 0.0636852 0.0701501 -0.0565895 0.0289043 0.000927274 0.0809617 0.00283191 -0.0959906 0.0226623 0.00534801 -0.0575653 -0.0586493 -0.0491125 
0.00966508 0.0170515 0.0241052 -0.0579723 -0.0200039 -0.0826895 -0.0667731 -0.00501758 0.0269741 0.0760376 0.0889909 0.091934 -0.0797542 0.0361572 0 -0.0327048 -0.0514215 -0.0131268 -0.0316545 -0.0333321 -0.0682051 -0.0660412 0.061966 0.0743559 -0.0946011 -0.0339145 0.0529737 -0.0351773 -0.0830219 -0.0281472 0.0462164 -0.0591351 -0.0355492 -0.0409475 0.0118655 0.0967414 -0.0407933 -0.0753394 0.0383169 -0.0165699 0.00653142 0.0710105 0.0553577 0.0304389 0.0688351 -0.0390827 -0.0744749 0.0378155 -0.00815212 -0.0540713 0.0130349 0.0694278 0.0813002 0.0804926 -0.0421049 0.0533163 0.0266816 0.0583261 -0.0513358 -0.05419 0.012004 0.0257477 0.0888856 -0.0555414 -0.0947504 0.09249 0.0779461 -0.0915924 -0.0276061 -0.0415234 0.0540404 -0.00563495 0.0644976 0.0865411 0.0376374 -0.0924103 
0.00111748 -0.0668281 0.00370848 -0.0513714 0.0949424 -0.0299063 -0.0813969 -0.0495169 -0.047586 -0.0612187 0.0660991 0.0910832 -0.0637147 -0.0528922 0.0327048 0 -0.090369 -0.0068597 -0.0943009 0.0583769 -0.0511598 0.0893913 -0.0874029 0.047611 -0.0693039 -0.0535444 -0.0659851 -0.00634572 -0.0613244 0.00885901 -0.0485082 0.0406538 0.0224623 -0.0441352 -0.0386409 0.091088 0.0215392 -0.0884253 -0.0525771 -0.0713103 -0.0194625 0.0323945 0.00463639 0.0958677 -0.0881238 -0.0638709 -0.037655 0.0516901 -0.0200301 -0.00149067 0.0600458 0.0060322 0.0969286 0.0215794 0.0844566 -0.0410745 0.0830217 0.0627448 0.0499385 0.023442 0.0777492 0.0995189 0.00775491 0.0205447 0.0490531 0.0545271 -0.049771 -0.00723171 0.0502499 0.0638078 -0.00888742 0.0386958 0.0605492 0.01308 -0.0231147 0.0111268 
0.0717488 0.0742754 -0.0415586 0.0508669 -0.0696188 0.0692055 0.0957289 0.00485424 0.0549242 0.00600914 -0.0134638 0.0373834 -0.099606 0.0237693 0.0514215 0.090369 0 -0.0540888 0.06015 -0.088669 -0.00407762 0.0485585 0.0195432 0.0212122 -0.0336933 0.0813627 -0.0391448 -0.0325401 0.0563806 0.063969 -0.0583534 0.021312 0.0732139 0.0106564 -0.0170941 0.0994032 0.0119637 -0.0390091 -0.0923233 -0.0577045 -0.0592869 -0.0844459 0.0333591 -0.0200672 -0.0400885 0.00529539 -0.0757639 -0.0463432 -0.023299 -0.0126074 -0.0891378 0.041596 -0.0280501 0.0925525 -0.0884186 0.0242686 0.0128117 -0.0872152 0.0356506 -0.00912244 -0.0831566 -0.00614205 -0.0598025 -0.0734457 -0.0450692 -0.0172853 0.0785339 0.00951256 0.0726417 -0.0987041 0.00162407 0.0371275 -0.0617828 -0.0959965 0.0580845 0.0491423 
-0.0488767 -0.0707554 -0.0808773 0.00889306 -0.0920451 -0.0349033 -0.0489071 -0.0502933 -0.0119696 0.0226304 -0.0582463 -0.0828669 -0.0261704 0.0470988 0.0131268 0.0068597 0.0540888 0 0.0412415 -0.0417763 0.0352635 0.078133 0.0254364 0.0360897 0.0156388 -0.0243139 0.0208806 0.0312321 0.0442303 0.0392087 -0.0890086 0.039129 0.0753654 0.00191335 -0.0837903 0.0674675 -0.0630749 0.0152297 0.0311357 0.090605 -0.0353429 0.0214839 0.032866 0.0148537 0.0866186 0.0563853 -0.0169012 0.0351379 -0.014552 0.0859895 -0.00247973 -0.0591469 0.0805552 -0.0265833 0.00965569 0.0136249 0.0727198 0.0949715 -0.0292471 -0.0639606 0.0347233 -0.0606012 -0.0906373 0.0589004 -0.0318185 0.0295664 0.0257059 0.0208898 0.0952258 -0.0120213 0.0584067 0.0462041 -0.061125 0.0756386 0.0954702 0.0696101 
0.0211821 -0.0563427 -0.0258737 0.0286498 -0.0899464 0.0179419 0.00343231 0.00967884 -0.00596062 0.0418237 -0.0884132 -0.0665621 0.0809964 0.000754705 0.0316545 0.0943009 -0.06015 -0.0412415 0 0.073026 -0.0835203 0.0969638 0.00576198 -0.0189113 -0.0794906 -0.0316811 0.0647719 -0.0935617 -0.0378297 -0.0745558 0.0509249 -0.0531654 -0.0533303 0.00904744 0.0444696 -0.0143472 -0.08087 -0.0777652 0.0213705 -0.0482675 -0.00218602 -0.0620953 -0.0693454 0.0340798 -0.00243198 -0.0548063 -0.0121703 0.0495672 -0.0490947 -0.0847011 -0.0888353 -0.051382 -0.0680554 -0.0156097 0.0142155 -0.0697265 -0.0120817 -0.0809341 -0.00151917 0.0295047 -0.0610011 0.0478186 0.0696213 0.0162551 0.00759259 0.0852691 -0.0445654 -0.0287159 0.0478293 0.0147186 0.0193898 -0.084674 -0.0497845 -0.00914097 0.098274 0.080042 
-0.033233 0.00607425 0.0190917 -0.05062 -0.068565 -0.0442506 0.0890328 -0.000570241 -0.00510873 0.0713394 0.0631259 0.0837195 0.0084157 0.0637687 0.0333321 -0.0583769 0.088669 0.0417763 -0.073026 0 0.0283574 -0.0274603 -0.0348038 0.0890288 -0.0989627 -0.0753851 -0.0219205 -0.0766089 -0.0924415 -0.0823586 0.0467674 0.0503857 0.0863696 -0.0527814 0.0506646 -0.00210951 -0.0649968 0.0447031 0.0751694 0.0713489 0.0634359 -0.0188126 -0.0297027 -0.0600919 0.0541508 0.0351402 0.02654 0.0335807 -0.0824427 0.0843537 -0.083793 0.0287941 0.0513208 0.0950068 0.0482271 -0.0402635 -0.0400892 -0.0670463 -0.0510772 -0.0113054 0.00758114 -0.0400631 0.0984257 0.0418628 -0.0503743 -0.0810164 -0.0340222 -0.0917545 0.0173681 -0.04366 -0.0441705 -0.0941422 -0.0126149 -0.0872692 -0.0561299 -0.0997555 
0.0276888 -0.0119024 0.0405674 0.0336119 -0.0821848 -0.0956715 0.0951294 -0.0972698 -0.0504913 0.00402386 -0.0720043 0.0675242 0.0281535 0.0482022 0.0682051 0.0511598 0.00407762 -0.0352635 0.0835203 -0.0283574 0 0.0030309 0.0415246 0.0233929 -0.0436458 -0.0240694 0.0700074 -0.0889974 0.0991484 -0.0680511 0.0254961 0.0801335 0.0495536 0.0859516 0.0859156 0.0159035 0.0936501 -0.0797434 0.0514714 -0.0235393 -0.0397773 0.00506469 -0.0757819 0.0689459 0.0263406 -0.0140205 -0.00735677 0.0151631 -0.0154457 0.0147877 -0.0238974 0.0336218 -0.0113115 0.0350552 0.0568285 -0.0639617 -0.0697473 0.0988856 -0.0411509 -0.0488494 -0.0715361 0.00984301 0.00209675 -0.0848271 0.0353527 -0.0930306 0.00581935 -0.00415791 -0.0168858 0.0672112 0.0926551 0.0277107 -0.0722761 -0.0772618 0.057631 -0.0772516 
0.0706501 0.0833489 0.00511898 0.051352 -0.0527215 -0.00757691 0.0352288 -0.0731162 -0.00984551 0.0435757 0.0471902 0.095874 0.0647297 0.0408403 0.0660412 -0.0893913 -0.0485585 -0.078133 -0.0969638 0.0274603 -0.0030309 0 0.0674356 -0.0527856 -0.0488633 0.0333584 -0.0282128 0.0430387 0.0127262 -0.0948655 -0.0858699 0.0876674 0.0511978 -0.0689683 0.0552029 0.0260176 -0.0623342 0.0401205 0.0974508 0.0690742 -0.0147169 0.0734024 0.0114541 0.0572691 -0.0670764 0.0341321 0.0393569 0.0220668 -0.0853734 0.0235996 0.0550606 -0.0183311 0.00344828 -0.0191326 -0.0131982 -0.0840025 -0.0742935 -0.0901335 0.0883551 0.0748557 0.0237941 0.011299 -0.0785909 0.0345432 -0.0937672 0.0495382 -0.0503967 0.0637609 -0.0213962 -0.0338948 0.0556318 -0.009643 0.0530558 -0.011927 -0.00394267 0.0551736 
0.0369859 0.0552422 -0.0959633 -0.0871593 0.0176287 0.06108 0.0775258 0.0149911 -0.00817758 -0.0312972 0.0928588 -0.0324775 -0.0433953 -0.0517267 -0.061966 0.0874029 -0.0195432 -0.0254364 -0.00576198 0.0348038 -0.0415246 -0.0674356 0 -0.0829515 -0.0881009 0.0848932 -0.0519726 -0.0378857 -0.0895059 -0.0314078 -0.0103916 0.00289293 0.0724855 -0.0923187 0.00388411 0.00337478 -0.00940855 0.0252148 -0.0192722 0.0673948 -0.0305946 0.00368867 -0.0589668 -0.0678652 -0.0202163 0.0539959 -0.0579834 0.0571867 0.0115943 -0.0889142 0.0487268 -0.043669 0.0029721 0.0246874 -0.0208111 -0.0965393 -0.0503369 -0.0507103 0.0481267 -0.00910175 0.0870528 -0.0187728 -0.0427925 0.0131649 0.0923463 -0.0959093 0.0376723 -0.0898669 -0.0896599 0.0104708 0.0919574 -0.0803957 -0.0816953 -0.0498666 0.018429 -0.086933 
-0.0224259 0.0214606 -0.0206258 -0.0239794 0.0398889 -0.0931252 0.01279 0.0458132 -0.0687213 0.0361767 -0.00114144 0.0818282 -0.000871061 -0.0249173 -0.0743559 -0.047611 -0.0212122 -0.0360897 0.0189113 -0.0890288 -0.0233929 0.0527856 0.0829515 0 0.07834 -0.0329353 -0.097125 -0.0651268 0.000148931 -0.0776818 0.0982224 -0.0651646 -0.0967325 -0.0399629 -0.00614253 -0.0869715 -0.0353952 -0.04713 -0.0164547 -0.0419576 0.0203283 -0.0478674 0.0654135 0.073251 -0.00994927 -0.0699465 -0.0108742 -0.0974424 -0.0313824 0.0871875 0.0448528 -0.0209062 -0.0392993 -0.089707 -0.0324138 0.09083 0.0984329 -0.0380891 0.07787 -0.0783733 0.0087287 -0.0844913 0.00667786 -0.0696484 0.0249482 -0.0968896 -0.0200192 0.00952635 -0.0418509 -0.0988067 -0.073156 -0.0930733 -0.0521907 0.0841791 0.0484758 0.0758202 
0.0991942 0.0640246 -0.0168431 -0.0613255 0.0975898 0.0273419 -0.0948546 0.0101878 0.0697142 0.0907429 -0.0399376 -0.091311 0.0995147 -0.0331665 0.0946011 0.0693039 0.0336933 -0.0156388 0.0794906 0.0989627 0.0436458 0.0488633 0.0881009 -0.07834 0 0.0581868 0.0516959 -0.0409948 -0.068118 -0.0781131 0.02762 0.0432445 -0.0773842 -0.0103973 -0.0642406 0.0435669 0.0215717 -0.0896343 0.0273917 0.0397295 -0.0656572 0.0929025 0.0790672 0.0347289 0.00366367 -0.052628 -0.0224971 0.096803 -0.0325848 0.0410324 0.083786 0.0321419 -0.0810048 0.0764713 -0.0405508 -0.0507112 0.0147536 -0.0245483 0.0410852 -0.0516338 -0.0116234 -0.0402606 -0.0569506 -0.00967032 0.0444737 -0.0298543 -0.0185474 0.0542661 0.075358 -0.095133 -0.0611317 -0.0463597 -0.0443896 0.0992791 -0.0763128 0.0186293 
-0.0639953 0.0805338 -0.0741998 -0.0820416 0.0861045 -0.0894431 -0.0175565 -0.0466918 -0.0193641 0.0757213 -0.0235757 0.0251968 -0.00963676 0.00388289 0.0339145 0.0535444 -0.0813627 0.0243139 0.0316811 0.0753851 0.0240694 -0.0333584 -0.0848932 0.0329353 -0.0581868 0 -0.0350793 0.0678988 -0.00825921 0.0278497 0.0453613 -0.00128877 -0.0865522 -0.0544652 -0.0171134 -0.080601 -0.0170136 0.0190561 -0.0306719 0.0553772 0.0807045 -0.0574272 0.0418987 0.0965825 0.0319451 0.038955 -0.0680768 0.0770424 0.063017 0.0948345 -0.0588885 -0.0547455 -0.0652095 0.0671795 0.0810126 -0.0822121 -0.0366472 -0.0133061 0.0942465 0.0788204 -0.0414034 -0.0612264 0.0727515 -0.0559116 0.00917577 -0.048418 -0.0263528 -0.0124492 0.0106136 0.00794669 0.0749069 -0.0684836 0.05201 -0.0568126 -0.0964038 -0.000145335 
-0.00651801 -0.0696798 0.0768264 0.0877248 0.0276609 0.061445 -0.0850956 0.0847099 -0.00804312 -0.0281904 -0.079477 -0.0605194 -0.073214 -0.0178466 -0.0529737 0.0659851 0.0391448 -0.0208806 -0.0647719 0.0219205 -0.0700074 0.0282128 0.0519726 0.097125 -0.0516959 0.0350793 0 0.0571964 0.0336132 0.090691 -0.0634223 0.071025 0.0120149 -0.0647925 0.0409301 -0.089316 -0.0613421 -0.0283699 0.0844421 0.0166941 0.0813215 -0.0268092 -0.0355083 -0.0547603 -0.0430992 -0.0721821 0.0382597 -0.0715859 0.0347112 -0.0551729 0.0981008 0.0807641 -0.0830593 0.079819 -0.0889391 -0.0193052 -0.00874279 0.0683771 0.0710764 -0.00532559 -0.0785202 0.0177686 -0.081817 -0.00116914 -0.0884547 0.0672183 0.0749233 0.0071745 -0.0563403 -0.0540088 0.000898819 0.0310652 -0.099943 0.0597209 0.0238543 -0.0832811 
-0.0798548 0.0764291 -0.0179611 0.0856337 0.0423789 -0.0549886 0.0320028 -0.0297588 0.0935571 -0.0931071 -0.0763387 0.0542225 0.0444356 -0.0836974 0.0351773 0.00634572 0.0325401 -0.0312321 0.0935617 0.0766089 0.0889974 -0.0430387 0.0378857 0.0651268 0.0409948 -0.0678988 -0.0571964 0 -0.00443437 -0.0963364 0.0684135 0.0188858 -0.0274654 0.0755465 -0.0540341 -0.0783939 -0.0569345 -0.0546314 0.00792746 0.0842032 0.0283766 0.0723179 -0.0455713 0.0247403 -0.0308665 0.0183254 -0.051845 -0.00370203 0.0836078 -0.0527452 0.0229427 0.0925787 -0.056592 0.0745998 -0.0786056 -0.0389239 0.0709077 -0.01178 0.0883833 0.0846608 0.0651042 0.00241672 -0.0370878 -0.0978704 0.00413621 -0.0251013 -0.0935916 0.0563324 -0.0483753 0.017748 0.0560818 -0.0688654 0.0937458 -0.0203057 -0.04112 0.0404382 
-0.0298752 -0.0998911 0.0836404 -0.0818092 0.0433651 -0.0101983 0.0505226 -0.0616556 0.0704222 -0.0467248 0.0738727 0.0977037 -0.0227881 0.0432214 0.0830219 0.0613244 -0.0563806 -0.0442303 0.0378297 0.0924415 -0.0991484 -0.0127262 0.0895059 -0.000148931 0.068118 0.00825921 -0.0336132 0.00443437 0 0.0447921 -0.0187354 -0.00663322 -0.085712 0.0856956 0.0120076 -0.00521513 -0.0033145 0.07371 -0.0287315 -0.0594266 -0.0772803 -0.0905382 0.0984268 -0.0210032 0.0244825 0.0812608 -0.0802861 0.00425627 0.073129 0.00501888 -0.0677642 -0.0806408 0.013396 -0.0886758 -0.0846759 0.0826231 0.011316 -0.0783386 -0.0501488 0.010679 -0.0795585 -0.0238302 -0.0336407 -0.0216073 -0.0420109 0.0934099 -0.0286722 0.0267199 0.02761 0.0915783 -0.049024 0.00695708 0.0845455 0.01541 -0.0530911 -0.0633341 
-0.08732 -0.052607 -0.0753706 -0.0642352 0.00344288 -0.0349088 0.0607577 -0.080771 -0.00338985 0.0387212 -0.0627652 -0.0812864 0.0645837 -0.0760547 0.0281472 -0.00885901 -0.063969 -0.0392087 0.0745558 0.0823586 0.0680511 0.0948655 0.0314078 0.0776818 0.0781131 -0.0278497 -0.090691 0.0963364 -0.0447921 0 -0.0921396 -0.0415904 -0.0741834 -0.0422138 0.0556857 -0.00023989 -0.0345898 -0.0782869 -0.0771139 -0.0644815 -0.0626004 -0.0259509 0.0138993 0.0634677 -0.0355262 -0.0247404 0.0418538 0.0801933 0.047903 -0.0439058 -0.0180176 0.0725251 0.0554882 -0.0514083 0.0968704 -0.071648 0.0568996 -0.0602696 0.0128204 -0.0183736 -0.0856077 -0.0948061 0.00739817 -0.00152523 -0.0755647 0.0477613 -0.0850681 0.020447 -0.0533463 0.020643 -0.0720372 0.0564558 -0.0501306 0.0959332 -0.047045 -0.0531355 
-0.0134396 -0.0137385 -0.0238291 0.00233507 -0.0559666 0.0670789 -0.0238335 0.0843458 -0.070604 -0.0239868 0.0638858 0.0976351 -0.0442182 -0.0223934 -0.0462164 0.0485082 0.0583534 0.0890086 -0.0509249 -0.0467674 -0.0254961 0.0858699 0.0103916 -0.0982224 -0.02762 -0.0453613 0.0634223 -0.0684135 0.0187354 0.0921396 0 -0.0450426 -0.0409754 -0.0457974 0.0877897 0.0789589 -0.0125801 0.0771229 0.0850646 0.0140217 0.027725 -0.00212152 -0.0517157 -0.080346 0.00783974 0.013653 -0.0434764 0.0947838 -0.0783653 -0.0874169 0.0170701 -0.00622313 0.0774711 0.0962816 0.0702021 -0.0889587 -0.0707002 -0.0151876 0.0104047 0.0132154 0.0297595 0.0847355 0.0792039 0.0915921 -0.0387916 -0.0909245 -0.00920671 -0.0538226 0.0777982 -0.0459834 -0.0976204 0.0700995 0.0391866 0.030217 0.0772713 0.099729 
-0.0979711 -0.0284211 -0.0959462 0.0889324 -0.0469196 0.0617466 -0.0313177 0.00116017 0.0597902 -0.0121865 -0.0546765 -0.0431934 0.0600021 0.0430894 0.0591351 -0.0406538 -0.021312 -0.039129 0.0531654 -0.0503857 -0.0801335 -0.0876674 -0.00289293 0.0651646 -0.0432445 0.00128877 -0.071025 -0.0188858 0.00663322 0.0415904 0.0450426 0 0.0605189 0.00829963 0.0898687 -0.0170204 0.0131592 0.073917 0.0146736 -0.0484092 0.0876781 -0.0800584 0.0821385 -0.0402026 0.0349993 0.0871187 -0.0383169 -0.0721953 -0.0716906 -0.0396125 0.0406675 -0.0767473 -0.0660816 0.00818994 -0.00855923 0.0344179 -0.0240383 -0.0343411 0.0344127 -0.0445594 0.0417725 -0.0677053 -0.0499158 0.0285026 0.0446251 0.0657925 0.0384729 0.0459144 -0.00673612 -0.037216 -0.0518398 0.00309626 -0.0763399 0.0919086 -0.054814 0.0525516 
-0.0873208 -0.0341794 0.0823781 -0.0649218 -0.0766857 -0.0274299 -0.00910946 0.041616 -0.0587919 0.0020181 -0.0894148 0.0869058 -0.0616086 -0.0284347 0.0355492 -0.0224623 -0.0732139 -0.0753654 0.0533303 -0.0863696 -0.0495536 -0.0511978 -0.0724855 0.0967325 0.0773842 0.0865522 -0.0120149 0.0274654 0.085712 0.0741834 0.0409754 -0.0605189 0 -0.0913271 -0.0363091 0.0824944 -0.0306704 0.0643024 0.0982788 -0.0742224 -0.04243 -0.0819417 -0.014821 -0.0122098 -0.0769455 -0.0334853 0.0397876 0.0607821 0.00983204 -0.0307928 -0.00757331 -0.0922185 0.0213397 0.0515124 0.00344881 -0.048111 -0.0947746 -0.0616494 -0.00248975 -0.0365997 0.0350624 -0.00159525 -0.0255686 -0.00540579 -0.0450116 0.0281002 -0.0578483 -0.093283 0.0222453 -0.00978889 -0.0857407 -0.0405514 0.0315545 0.0250135 0.0681706 -0.00775193 
-0.0818457 0.00795418 0.0581978 0.0951626 0.0546946 0.0708284 -0.0180543 -0.0657423 0.00224366 0.0186531 -0.0592224 0.0262802 -0.0616168 0.034309 0.0409475 0.0441352 -0.0106564 -0.00191335 -0.00904744 0.0527814 -0.0859516 0.0689683 0.0923187 0.0399629 0.0103973 0.0544652 0.0647925 -0.0755465 -0.0856956 0.0422138 0.0457974 -0.00829963 0.0913271 0 0.0291258 -0.0912713 0.050989 0.0211142 -0.0811348 0.00630565 -0.0781488 -0.0569941 -0.0462498 -0.0617013 0.0290862 -0.0774975 -0.0192295 0.088058 -0.0708653 -0.0811037 -0.0929772 -0.0249432 0.0194891 0.077347 0.0931043 -0.0647238 0.0133748 -0.0499049 -0.0121379 -0.0512302 -0.0643658 -0.0915661 0.0761234 -0.0383723 -0.0610841 -0.00784647 -0.0135885 -0.0400436 -0.060879 0.0193234 -0.0976473 0.0685114 -0.00329737 -0.00308598 -0.0141559 0.0807366 
-0.0086334 -0.034434 -0.0637466 0.083008 0.0161617 -0.00211261 -0.00931391 -0.0323204 0.0411487 -0.070219 -0.0779318 -0.0743682 0.0782435 0.0709153 -0.0118655 0.0386409 0.0170941 0.0837903 -0.0444696 -0.0506646 -0.0859156 -0.0552029 -0.00388411 0.00614253 0.0642406 0.0171134 -0.0409301 0.0540341 -0.0120076 -0.0556857 -0.0877897 -0.0898687 0.0363091 -0.0291258 0 0.0930734 -0.0437329 -0.0710864 0.0629301 -0.0247959 0.0560392 -0.0416879 0.0336915 0.094811 0.0419174 0.0158699 0.0807997 0.0587238 0.076395 -0.0809049 0.0348621 -0.0310795 -0.0609538 -0.0118614 0.0306841 0.00351163 0.0709441 0.0689344 -0.0707853 -0.0504014 0.00147158 -0.0398646 -0.091846 -0.0428544 -0.00809081 0.0724831 0.081861 -0.0959893 0.0618459 0.0393346 -0.0985571 0.00383546 -0.0934723 0.0184983 -0.0337492 -0.0897715 
0.0640067 -0.0939274 -0.0435088 -0.080078 -0.0111272 0.0584583 -0.0916638 0.0708826 -0.0232955 0.0611377 0.0643314 0.0797305 -0.0265534 -0.00844892 -0.0967414 -0.091088 -0.0994032 -0.0674675 0.0143472 0.00210951 -0.0159035 -0.0260176 -0.00337478 0.0869715 -0.0435669 0.080601 0.089316 0.0783939 0.00521513 0.00023989 -0.0789589 0.0170204 -0.0824944 0.0912713 -0.0930734 0 0.0840303 -0.0907456 0.00264502 0.0984378 0.0869582 0.0222148 0.0100568 0.000621511 -0.0806916 -0.0229297 0.0708304 0.0857395 0.074615 -0.0435151 0.0885433 -0.00847567 -0.00536172 0.0888579 -0.0232469 -0.0951836 0.0823261 0.00261046 0.0472027 0.00901573 -0.0978012 -0.00595761 -0.0974513 0.00536241 0.0806991 -0.0802028 -0.0692571 -0.0279509 0.00768237 -0.0192605 -0.0651596 -0.0517205 -0.0892559 0.0883202 -0.000348674 -0.0728876 
-0.0341539 0.00911362 -0.0355788 -0.020522 0.0932531 0.0953397 -0.0298728 -0.0917263 -0.0299921 -0.0822928 0.0297472 -0.0273474 0.0197371 -0.0606564 0.0407933 -0.0215392 -0.0119637 0.0630749 0.08087 0.0649968 -0.0936501 0.0623342 0.00940855 0.0353952 -0.0215717 0.0170136 0.0613421 0.0569345 0.0033145 0.0345898 0.0125801 -0.0131592 0.0306704 -0.050989 0.0437329 -0.0840303 0 -0.0639757 0.0761327 -0.0468529 0.00697325 -0.00301665 0.0322443 -0.0615308 0.0185663 -0.0842855 0.0569205 -0.0643339 0.058876 0.0287173 0.0826177 0.0172084 0.0523989 -0.0606552 -0.0305107 0.00540274 -0.011864 -0.0352331 0.0319604 0.0898473 -0.0571884 0.0632136 -0.0816133 -0.0703259 0.0498496 -0.0844706 -0.0864378 -0.0359788 -0.01521 -0.0942996 0.00626658 -0.063353 -0.0462043 -0.0824616 0.0558286 0.0293341 
0.0774744 -0.0681171 0.000871153 -0.0514338 -0.0728007 -0.00232815 0.0744988 0.0381774 0.0886352 0.00100975 0.00509948 0.0751653 0.0384683 -0.077059 0.0753394 0.0884253 0.0390091 -0.0152297 0.0777652 -0.0447031 0.0797434 -0.0401205 -0.0252148 0.04713 0.0896343 -0.0190561 0.0283699 0.0546314 -0.07371 0.0782869 -0.0771229 -0.073917 -0.0643024 -0.0211142 0.0710864 0.0907456 0.0639757 0 -0.0256385 0.0151109 -0.0557319 0.0706904 0.0845883 0.059604 -0.0828987 -0.0813553 0.0778711 0.0688591 0.0294422 0.0564959 -0.00424461 -0.0690375 0.0766016 0.0218959 0.0419599 -0.0560923 -0.0552875 -0.000684116 -0.0766378 0.0847259 -0.0566355 0.0595228 0.057976 0.00645051 -0.0225207 0.0239621 -0.0593412 0.0675873 -0.0391371 0.0430551 0.0947774 7.14885e-05 0.0857754 -0.0417526 0.0486236 -0.068147 
0.0353261 -0.0935349 -0.0397227 -0.0723542 -0.0496854 0.0405628 -0.0678057 0.0790273 0.0933456 -0.0556464 0.0527077 -0.00809629 0.0118786 -0.0614118 -0.0383169 0.0525771 0.0923233 -0.0311357 -0.0213705 -0.0751694 -0.0514714 -0.0974508 0.0192722 0.0164547 -0.0273917 0.0306719 -0.0844421 -0.00792746 0.0287315 0.0771139 -0.0850646 -0.0146736 -0.0982788 0.0811348 -0.0629301 -0.00264502 -0.0761327 0.0256385 0 0.0393601 0.0749616 -0.0117777 -0.0734652 0.0413548 0.0668814 -0.0768527 -0.0595879 -0.0314112 -0.0111486 0.0480525 -0.0311113 -0.0558803 -0.0139904 -0.0901328 0.0415909 0.0757985 0.0154353 0.0535988 0.0975118 -0.0705948 0.0667863 0.00614125 0.0179458 0.0613512 -0.00301312 -0.0917457 -0.0244986 0.0797991 -0.0135089 0.0281336 0.04197 0.0985611 0.0804496 0.0780964 0.0479573 0.0234995 
-0.0256467 -0.0306345 0.0928812 0.0685139 -0.0217172 0.0218299 0.0166942 0.0179334 -0.0522005 -0.0802334 -0.0259069 0.0950375 -0.0348494 0.0358042 0.0165699 0.0713103 0.0577045 -0.090605 0.0482675 -0.0713489 0.0235393 -0.0690742 -0.0673948 0.0419576 -0.0397295 -0.0553772 -0.0166941 -0.0842032 0.0594266 0.0644815 -0.0140217 0.0484092 0.0742224 -0.00630565 0.0247959 -0.0984378 0.0468529 -0.0151109 -0.0393601 0 -0.00737887 -0.0647886 -0.0574326 0.0156061 -0.0713118 -0.018321 0.0669709 -0.0454263 0.028584 -0.0472258 -0.0692069 -0.0372735 0.0683337 -0.09012 0.0385728 -0.023964 -0.0141126 0.0455908 -0.0565383 0.0364949 -0.0126456 -0.0026744 -0.0571516 0.0967596 -0.08049 -0.0330963 0.0101486 -0.0188952 0.0240231 -0.0691137 0.0336869 -0.0929833 0.0550641 -0.0434678 0.0724813 0.0144513 
-0.0408012 0.049102 -0.0668135 -0.00460702 0.0458884 0.00572212 -0.00847823 -0.0897745 -0.0855773 -0.0283813 -0.0651453 0.0456132 -0.0646809 -0.092934 -0.00653142 0.0194625 0.0592869 0.0353429 0.00218602 -0.0634359 0.0397773 0.0147169 0.0305946 -0.0203283 0.0656572 -0.0807045 -0.0813215 -0.0283766 0.0772803 0.0626004 -0.027725 -0.0876781 0.04243 0.0781488 -0.0560392 -0.0869582 -0.00697325 0.0557319 -0.0749616 0.00737887 0 -0.0465466 -0.0904755 -0.0321208 0.0203009 -0.0911971 -0.066516 -0.0126068 0.0528406 0.0307466 -0.0686321 0.0672817 0.02674 0.0332023 0.0460618 -0.0214161 0.0543927 -0.0200237 0.0348774 -0.0853091 -0.0604554 0.04832 -0.00874348 0.0860089 0.0820878 -0.0374181 0.0533777 0.0706185 -0.037621 0.0525803 0.0692906 0.0249651 0.0607957 0.0800187 -0.012932 -0.086237 
-0.00240496 0.0906341 -0.0366238 -0.0927768 -0.0328408 -0.0523086 -0.0662094 0.0620918 0.0192833 0.0632088 -0.0511779 -0.0572454 0.0576259 -0.0267703 -0.0710105 -0.0323945 0.0844459 -0.0214839 0.0620953 0.0188126 -0.00506469 -0.0734024 -0.00368867 0.0478674 -0.0929025 0.0574272 0.0268092 -0.0723179 0.0905382 0.0259509 0.00212152 0.0800584 0.0819417 0.0569941 0.0416879 -0.0222148 0.00301665 -0.0706904 0.0117777 0.0647886 0.0465466 0 -0.0582116 0.0179907 -0.0534197 0.0183987 0.0695672 -0.0255436 -0.0768951 0.0840127 0.0101414 -0.0335228 -0.0928078 0.0648965 -0.0460824 -0.0717958 0.059459 -0.0109206 0.0986129 0.0183486 0.0607792 0.0189419 -0.0488437 0.0111645 0.0226397 -0.0169686 0.0229688 -0.0635154 -0.0501738 0.00509791 -0.0971665 -0.0190263 -0.0999555 -0.0138123 -0.071805 -0.0451099 
0.0356975 0.0482378 0.0424462 -0.0374149 0.0846619 0.0335361 0.0678927 0.0499004 0.0465014 0.00646988 0.00777994 0.00943936 -0.0800783 -0.0452441 -0.0553577 -0.00463639 -0.0333591 -0.032866 0.0693454 0.0297027 0.0757819 -0.0114541 0.0589668 -0.0654135 -0.0790672 -0.0418987 0.0355083 0.0455713 -0.0984268 -0.0138993 0.0517157 -0.0821385 0.014821 0.0462498 -0.0336915 -0.0100568 -0.0322443 -0.0845883 0.0734652 0.0574326 0.0904755 0.0582116 0 0.0723643 -0.0656536 -0.0529517 -0.0709679 0.0469748 0.0973171 0.00969685 -0.0283885 -0.0458435 0.0489746 0.0878232 0.0867414 0.0335973 -0.0180743 0.0457023 0.0548849 0.0299142 0.0776922 -0.0914894 -0.00912687 -0.00357527 0.0721722 -0.0487193 -0.0918465 0.0114727 0.00996088 0.094672 -0.0815144 -0.0836359 0.0941956 -0.0488123 -0.0271089 -0.03963 
0.0209055 -0.0092248 -0.0448321 0.0297802 -0.0425754 -0.0868694 -0.0958568 0.0370084 0.0167939 -0.0777825 -0.060935 -0.0303546 0.0926476 0.0242905 -0.0304389 -0.0958677 0.0200672 -0.0148537 -0.0340798 0.0600919 -0.0689459 -0.0572691 0.0678652 -0.073251 -0.0347289 -0.0965825 0.0547603 -0.0247403 0.0210032 -0.0634677 0.080346 0.0402026 0.0122098 0.0617013 -0.094811 -0.000621511 0.0615308 -0.059604 -0.0413548 -0.0156061 0.0321208 -0.0179907 -0.0723643 0 0.0835746 -0.045222 -0.0137508 0.0784447 0.0109935 0.0776735 -0.0327718 0.00738918 -0.0384356 -0.074637 -0.0789767 -0.0478023 0.0648981 -0.0662239 0.0697626 -0.0641399 0.0736481 -0.00597661 0.0995855 0.0506911 0.077539 0.0750785 0.0442465 0.0455665 0.00487248 0.0109407 0.0685995 -0.00194181 -0.0587454 -0.0226289 -0.0151575 -0.0173336 
-0.0264825 -0.0604526 0.0972774 -0.0611533 -0.0503901 0.0270383 -0.0147136 -0.0918172 -0.00657737 -0.0567114 0.0885487 -0.0402197 -0.0978376 0.0592404 -0.0688351 0.0881238 0.0400885 -0.0866186 0.00243198 -0.0541508 -0.0263406 0.0670764 0.0202163 0.00994927 -0.00366367 -0.0319451 0.0430992 0.0308665 -0.0244825 0.0355262 -0.00783974 -0.0349993 0.0769455 -0.0290862 -0.0419174 0.0806916 -0.0185663 0.0828987 -0.0668814 0.0713118 -0.0203009 0.0534197 0.0656536 -0.0835746 0 0.036214 0.0474837 -0.0537689 -0.0477111 0.0863752 -0.0983828 0.0231433 0.0236842 0.0820936 -0.0892335 0.0168023 -0.0390828 0.0611014 0.00310784 0.0485294 0.0426498 0.0225821 -0.0946863 -0.0247664 0.0909034 -0.00029168 0.0473279 -0.0569147 0.0684658 0.0741028 -0.0623025 -0.000193611 0.0513182 -0.00943498 -0.0678063 0.0142757 
0.0612062 -0.0192345 0.0819072 0.0979861 -0.099883 -0.0247372 0.0961209 0.0134549 0.0234367 0.0564614 0.0352937 0.0626889 -0.00172196 -0.0820115 0.0390827 0.0638709 -0.00529539 -0.0563853 0.0548063 -0.0351402 0.0140205 -0.0341321 -0.0539959 0.0699465 0.052628 -0.038955 0.0721821 -0.0183254 -0.0812608 0.0247404 -0.013653 -0.0871187 0.0334853 0.0774975 -0.0158699 0.0229297 0.0842855 0.0813553 0.0768527 0.018321 0.0911971 -0.0183987 0.0529517 0.045222 -0.036214 0 -0.0796207 -0.0368827 0.0141969 0.00587727 0.0581301 -0.0427556 -0.0816679 -0.0905005 0.0303095 0.0366578 0.0460344 0.0163822 -0.0380323 -0.0549405 -0.0458159 0.0207693 -0.0981569 0.054584 0.0208604 -0.0999631 -0.0567755 -0.0621454 -0.0889021 -0.0263729 -0.060898 -0.0282742 -0.0666146 -0.00811484 0.0660686 -0.0894517 
-0.0862173 -0.0520021 -0.0122507 -0.0602146 -0.0672154 -0.0794382 0.0749259 0.0189321 0.0386139 -0.0121199 0.0272706 0.0187724 0.0311768 -0.0346687 0.0744749 0.037655 0.0757639 0.0169012 0.0121703 -0.02654 0.00735677 -0.0393569 0.0579834 0.0108742 0.0224971 0.0680768 -0.0382597 0.051845 0.0802861 -0.0418538 0.0434764 0.0383169 -0.0397876 0.0192295 -0.0807997 -0.0708304 -0.0569205 -0.0778711 0.0595879 -0.0669709 0.066516 -0.0695672 0.0709679 0.0137508 -0.0474837 0.0796207 0 0.024486 -0.0768856 -0.0739811 0.0354665 -0.00306733 -0.00264667 -0.0218986 0.0219383 -0.0306424 -0.0339091 -0.0848369 -0.0241276 -0.063484 0.00167709 0.0404716 -0.0596977 0.0620687 -0.0221024 -0.0272094 -0.0735738 -0.0623097 0.0762074 0.0254423 0.0673409 -0.0369863 0.0321858 0.0414968 -0.0346186 0.017205 
0.0307212 -0.00419406 -0.0155744 0.0847037 0.0217319 -0.0963629 0.0714184 0.0132672 0.0985055 0.086468 -0.00891934 0.00640478 -0.0929838 0.0237378 -0.0378155 -0.0516901 0.0463432 -0.0351379 -0.0495672 -0.0335807 -0.0151631 -0.0220668 -0.0571867 0.0974424 -0.096803 -0.0770424 0.0715859 0.00370203 -0.00425627 -0.0801933 -0.0947838 0.0721953 -0.0607821 -0.088058 -0.0587238 -0.0857395 0.0643339 -0.0688591 0.0314112 0.0454263 0.0126068 0.0255436 -0.0469748 -0.0784447 0.0537689 0.0368827 -0.024486 0 0.0525177 0.0778323 0.0434472 -0.0368447 0.0212893 -0.0182448 0.0383206 -0.0471681 0.0303711 0.0188995 -0.0528134 -0.0343058 -0.0929225 -0.0556563 0.0567902 0.00957832 -0.0216946 -0.0503564 -0.0485717 0.0081952 0.0122588 0.0830842 0.0173519 -0.0973743 0.0733547 0.0340326 -0.0450292 0.0172648 
0.0773201 0.0152587 -0.0916552 -0.00631489 0.0726142 -0.0205613 -0.0271994 -0.0202837 0.0144939 0.0572635 0.0404063 -0.0435522 -0.0338084 0.0847604 0.00815212 0.0200301 0.023299 0.014552 0.0490947 0.0824427 0.0154457 0.0853734 -0.0115943 0.0313824 0.0325848 -0.063017 -0.0347112 -0.0836078 -0.073129 -0.047903 0.0783653 0.0716906 -0.00983204 0.0708653 -0.076395 -0.074615 -0.058876 -0.0294422 0.0111486 -0.028584 -0.0528406 0.0768951 -0.0973171 -0.0109935 0.0477111 -0.0141969 0.0768856 -0.0525177 0 -0.0682171 -0.0534564 0.0564795 -0.09149 -0.0399655 -0.0273628 0.0645672 -0.0733724 0.0236426 0.0938382 -0.0766933 -0.0529466 -0.0222471 -0.0321547 -0.081406 0.0745151 0.0121917 -0.0148411 0.0359192 0.097717 -0.0153589 0.0226235 0.0538324 -0.0587438 0.0296845 -0.0618148 -0.027011 
0.0483008 0.0802783 -0.0154553 -0.0250706 0.0388464 -0.089793 0.04663 0.0794635 -0.0683647 -0.00130314 -0.0851694 -0.0647214 -0.00478054 0.0696239 0.0540713 0.00149067 0.0126074 -0.0859895 0.0847011 -0.0843537 -0.0147877 -0.0235996 0.0889142 -0.0871875 -0.0410324 -0.0948345 0.0551729 0.0527452 -0.00501888 0.0439058 0.0874169 0.0396125 0.0307928 0.0811037 0.0809049 0.0435151 -0.0287173 -0.0564959 -0.0480525 0.0472258 -0.0307466 -0.0840127 -0.00969685 -0.0776735 -0.0863752 -0.00587727 0.0739811 -0.0778323 0.0682171 0 -0.0698056 -0.0566507 0.0641573 -0.0956203 0.0182741 -0.0891089 -0.0533234 -0.070599 -0.0084029 0.0275985 0.0984526 -0.0121771 -0.0810383 -0.0856862 -0.0647725 0.0157422 0.0354925 0.0629446 -0.0246206 -0.0201634 0.0100715 0.00417088 -0.0126497 -0.0219033 -0.0843154 0.0760002 
0.0816861 0.00813629 0.0812224 -0.0312563 -0.0277734 -0.0156647 -0.0601908 0.00489518 -0.0344752 -0.0896505 0.0777923 -0.0490129 0.0551486 -0.0415104 -0.0130349 -0.0600458 0.0891378 0.00247973 0.0888353 0.083793 0.0238974 -0.0550606 -0.0487268 -0.0448528 -0.083786 0.0588885 -0.0981008 -0.0229427 0.0677642 0.0180176 -0.0170701 -0.0406675 0.00757331 0.0929772 -0.0348621 -0.0885433 -0.0826177 0.00424461 0.0311113 0.0692069 0.0686321 -0.0101414 0.0283885 0.0327718 0.0983828 -0.0581301 -0.0354665 -0.0434472 0.0534564 0.0698056 0 -0.0907328 0.0392042 -0.0151203 0.0193631 -0.0550741 -0.0153644 0.0740929 -0.016985 -0.0787554 -0.0716018 -0.0228942 -0.00216544 -0.0766034 -0.0902789 0.0189563 0.0214682 -0.0476102 -0.0832165 -0.0992104 -0.0615757 0.0351116 0.0881086 -0.0768294 -0.0246297 0.0131998 
-0.00306203 -0.0288475 -0.0222385 -0.0129952 -0.0854743 0.0118739 -0.0247071 0.0865649 -0.0171301 -0.0289221 -0.0952402 0.0144624 0.0209454 0.0951748 -0.0694278 -0.0060322 -0.041596 0.0591469 0.051382 -0.0287941 -0.0336218 0.0183311 0.043669 0.0209062 -0.0321419 0.0547455 -0.0807641 -0.0925787 0.0806408 -0.0725251 0.00622313 0.0767473 0.0922185 0.0249432 0.0310795 0.00847567 -0.0172084 0.0690375 0.0558803 0.0372735 -0.0672817 0.0335228 0.0458435 -0.00738918 -0.0231433 0.0427556 0.00306733 0.0368447 -0.0564795 0.0566507 0.0907328 0 -0.03825 -0.0393876 -0.0130672 -0.0490983 -0.0808359 -0.07704 0.0287335 0.00721097 -0.0689495 0.0551917 0.0518837 -0.0537012 0.0438387 -0.086384 0.0592775 -0.033928 0.039339 -0.0565595 0.032962 0.0977435 -0.0626146 0.0337112 0.00888284 -0.0062069 
0.0837664 0.060304 -0.0923515 0.00972533 0.0996753 -0.0845138 0.0856358 0.0938715 0.0697112 -0.059839 -0.0978063 0.0417704 -0.0134086 -0.0838739 -0.0813002 -0.0969286 0.0280501 -0.0805552 0.0680554 -0.0513208 0.0113115 -0.00344828 -0.0029721 0.0392993 0.0810048 0.0652095 0.0830593 0.056592 -0.013396 -0.0554882 -0.0774711 0.0660816 -0.0213397 -0.0194891 0.0609538 0.00536172 -0.0523989 -0.0766016 0.0139904 -0.0683337 -0.02674 0.0928078 -0.0489746 0.0384356 -0.0236842 0.0816679 0.00264667 -0.0212893 0.09149 -0.0641573 -0.0392042 0.03825 0 -0.0899177 0.0538307 0.0586411 -0.0717984 0.0492704 0.0355947 -0.0420498 0.0293136 -0.0493662 0.048699 -0.00495924 -0.074126 0.0293518 -0.0886367 -0.053126 -0.0655188 -0.0419285 -0.0707355 -0.0882166 0.0434698 -0.0321177 -0.0559158 -0.0443029 
0.0418019 -0.0711622 0.0724537 0.0345726 -0.0771512 -0.0154105 -0.0665035 0.0896955 -0.095381 0.0188967 0.0509199 0.0804693 -0.040767 -0.0661987 -0.0804926 -0.0215794 -0.0925525 0.0265833 0.0156097 -0.0950068 -0.0350552 0.0191326 -0.0246874 0.089707 -0.0764713 -0.0671795 -0.079819 -0.0745998 0.0886758 0.0514083 -0.0962816 -0.00818994 -0.0515124 -0.077347 0.0118614 -0.0888579 0.0606552 -0.0218959 0.0901328 0.09012 -0.0332023 -0.0648965 -0.0878232 0.074637 -0.0820936 0.0905005 0.0218986 0.0182448 0.0399655 0.0956203 0.0151203 0.0393876 0.0899177 0 -0.0705356 -0.0386482 0.0769882 0.0427898 -0.0612928 0.0343915 -0.0244035 0.091961 -0.07496 -0.0968551 0.0993167 0.0600655 0.0283096 0.0885525 -0.059806 0.0633449 -0.0992082 -0.0257539 -0.063284 -0.00187605 -0.0259699 -0.0499147 
-0.030515 -0.0214655 -0.0536994 -0.0714942 0.0502068 -0.0350917 0.00788155 -0.0907942 0.0792029 -0.0714407 0.0441269 0.0290957 -0.0416262 0.0633594 0.0421049 -0.0844566 0.0884186 -0.00965569 -0.0142155 -0.0482271 -0.0568285 0.0131982 0.0208111 0.0324138 0.0405508 -0.0810126 0.0889391 0.0786056 0.0846759 -0.0968704 -0.0702021 0.00855923 -0.00344881 -0.0931043 -0.0306841 0.0232469 0.0305107 -0.0419599 -0.0415909 -0.0385728 -0.0460618 0.0460824 -0.0867414 0.0789767 0.0892335 -0.0303095 -0.0219383 -0.0383206 0.0273628 -0.0182741 -0.0193631 0.0130672 -0.0538307 0.0705356 0 0.0527379 -0.0921432 -0.0111038 0.0891161 -0.0307633 0.0758112 0.0323165 0.0723906 -0.039133 -0.0514401 0.0207777 -0.0478814 -0.0286693 0.0697473 0.0376599 -0.0700011 0.0748269 -0.0849 0.0355704 -0.00451129 0.0347846 
0.0400979 0.0738115 0.0862234 0.0330535 -0.0985733 -0.0263272 0.0271902 -0.0323828 -0.0635626 -0.0973557 -0.0902174 -0.00811116 0.0837127 -0.0718991 -0.0533163 0.0410745 -0.0242686 -0.0136249 0.0697265 0.0402635 0.0639617 0.0840025 0.0965393 -0.09083 0.0507112 0.0822121 0.0193052 0.0389239 -0.0826231 0.071648 0.0889587 -0.0344179 0.048111 0.0647238 -0.00351163 0.0951836 -0.00540274 0.0560923 -0.0757985 0.023964 0.0214161 0.0717958 -0.0335973 0.0478023 -0.0168023 -0.0366578 0.0306424 0.0471681 -0.0645672 0.0891089 0.0550741 0.0490983 -0.0586411 0.0386482 -0.0527379 0 0.0445468 0.0887021 0.0250317 0.040518 -0.045498 -0.0226021 -0.022104 -0.0237983 0.0268381 0.0167335 -0.0797547 -0.0685267 -0.0594688 -0.0358303 0.0286495 0.0542333 -0.0981832 -0.0207608 -0.0945295 -0.0249264 
0.0609558 0.0198001 0.0947145 -0.0497489 -0.0825697 0.0241795 0.0491391 0.0631415 0.0507322 0.058217 -0.0457268 -0.0463433 0.089486 -0.0204986 -0.0266816 -0.0830217 -0.0128117 -0.0727198 0.0120817 0.0400892 0.0697473 0.0742935 0.0503369 -0.0984329 -0.0147536 0.0366472 0.00874279 -0.0709077 -0.011316 -0.0568996 0.0707002 0.0240383 0.0947746 -0.0133748 -0.0709441 -0.0823261 0.011864 0.0552875 -0.0154353 0.0141126 -0.0543927 -0.059459 0.0180743 -0.0648981 0.0390828 -0.0460344 0.0339091 -0.0303711 0.0733724 0.0533234 0.0153644 0.0808359 0.0717984 -0.0769882 0.0921432 -0.0445468 0 -0.0579265 -0.0347093 -0.00199644 -0.0787304 -0.0181762 -0.070545 0.0071277 0.0242464 0.032873 0.0327737 -0.0915036 0.0529447 -0.0426837 -0.0384208 0.0118584 -0.0681917 0.0488285 -0.00322819 -0.0214719 
0.0672235 -0.0172104 0.006029 -0.00985293 -0.0562747 -0.063103 0.0415982 0.0833824 -0.0901751 0.0971468 -0.0335864 0.0777053 0.08806 -0.040741 -0.0583261 -0.0627448 0.0872152 -0.0949715 0.0809341 0.0670463 -0.0988856 0.0901335 0.0507103 0.0380891 0.0245483 0.0133061 -0.0683771 0.01178 0.0783386 0.0602696 0.0151876 0.0343411 0.0616494 0.0499049 -0.0689344 -0.00261046 0.0352331 0.000684116 -0.0535988 -0.0455908 0.0200237 0.0109206 -0.0457023 0.0662239 -0.0611014 -0.0163822 0.0848369 -0.0188995 -0.0236426 0.070599 -0.0740929 0.07704 -0.0492704 -0.0427898 0.0111038 -0.0887021 0.0579265 0 -0.0121782 0.0370069 -0.0831898 0.0247333 0.0902618 0.0403248 0.0135203 -0.0995755 -0.00248792 -0.050037 0.0395274 -0.0227692 -0.0223903 0.033404 -0.0463673 0.0584751 -0.00978562 -0.064611 
-0.0434029 -0.0740581 0.0793008 -0.099831 0.0560548 -0.0791317 0.00905567 0.0813527 -0.05263 0.019329 0.0209045 -0.0019379 -0.0586349 -0.0288222 0.0513358 -0.0499385 -0.0356506 0.0292471 0.00151917 0.0510772 0.0411509 -0.0883551 -0.0481267 -0.07787 -0.0410852 -0.0942465 -0.0710764 -0.0883833 0.0501488 -0.0128204 -0.0104047 -0.0344127 0.00248975 0.0121379 0.0707853 -0.0472027 -0.0319604 0.0766378 -0.0975118 0.0565383 -0.0348774 -0.0986129 -0.0548849 -0.0697626 -0.00310784 0.0380323 0.0241276 0.0528134 -0.0938382 0.0084029 0.016985 -0.0287335 -0.0355947 0.0612928 -0.0891161 -0.0250317 0.0347093 0.0121782 0 0.0568871 0.00588453 0.02659 0.0884101 -0.0647267 0.0407824 -0.0928656 0.0477258 0.0639161 -0.0033262 0.0408954 -0.091432 -0.0908081 0.0890733 0.0646504 -0.075691 -0.058182 
0.050519 0.071802 0.0104837 -0.0956559 0.0357898 0.091364 0.0670601 -0.000335943 -0.0216478 0.0165961 0.0220595 0.0478581 -0.00774058 0.0549381 0.05419 -0.023442 0.00912244 0.0639606 -0.0295047 0.0113054 0.0488494 -0.0748557 0.00910175 0.0783733 0.0516338 -0.0788204 0.00532559 -0.0846608 -0.010679 0.0183736 -0.0132154 0.0445594 0.0365997 0.0512302 0.0504014 -0.00901573 -0.0898473 -0.0847259 0.0705948 -0.0364949 0.0853091 -0.0183486 -0.0299142 0.0641399 -0.0485294 0.0549405 0.063484 0.0343058 0.0766933 -0.0275985 0.0787554 -0.00721097 0.0420498 -0.0343915 0.0307633 -0.040518 0.00199644 -0.0370069 -0.0568871 0 0.0237243 -0.0295562 -0.0433649 0.083947 -0.0960842 -0.0732696 -0.0235374 0.0340735 0.0167287 -0.0267145 0.0116267 0.0623416 -0.0929906 -0.0951913 0.0168684 -0.0793533 
0.037177 0.0677492 -0.0852971 0.0292996 -0.0124893 -0.0897768 -0.0458792 0.00102838 -0.068358 -0.0909487 0.0359402 -0.0760702 -0.0926246 -0.0920319 -0.012004 -0.0777492 0.0831566 -0.0347233 0.0610011 -0.00758114 0.0715361 -0.0237941 -0.0870528 -0.0087287 0.0116234 0.0414034 0.0785202 -0.0651042 0.0795585 0.0856077 -0.0297595 -0.0417725 -0.0350624 0.0643658 -0.00147158 0.0978012 0.0571884 0.0566355 -0.0667863 0.0126456 0.0604554 -0.0607792 -0.0776922 -0.0736481 -0.0426498 0.0458159 -0.00167709 0.0929225 0.0529466 -0.0984526 0.0716018 0.0689495 -0.0293136 0.0244035 -0.0758112 0.045498 0.0787304 0.0831898 -0.00588453 -0.0237243 0 0.0939163 -0.029672 -0.0765876 0.0955941 0.0927979 -0.0262683 0.0284373 -0.0509794 -0.0934514 0.0864407 -0.0182171 -0.0903459 -0.0764689 0.01997 0.00459405 
0.088889 0.0485454 0.0914292 0.0814327 0.0825441 0.0936741 0.0134437 -0.0310389 -0.0854491 0.0255725 0.0792522 0.025943 -0.0758185 -0.0737207 -0.0257477 -0.0995189 0.00614205 0.0606012 -0.0478186 0.0400631 -0.00984301 -0.011299 0.0187728 0.0844913 0.0402606 0.0612264 -0.0177686 -0.00241672 0.0238302 0.0948061 -0.0847355 0.0677053 0.00159525 0.0915661 0.0398646 0.00595761 -0.0632136 -0.0595228 -0.00614125 0.0026744 -0.04832 -0.0189419 0.0914894 0.00597661 -0.0225821 -0.0207693 -0.0404716 0.0556563 0.0222471 0.0121771 0.0228942 -0.0551917 0.0493662 -0.091961 -0.0323165 0.0226021 0.0181762 -0.0247333 -0.02659 0.0295562 -0.0939163 0 0.0343402 0.0813065 -0.0128871 -0.0266688 0.0328895 -0.0306096 -0.0591117 0.00883952 0.0216036 0.0252422 0.0234517 0.0807315 0.00935791 -0.0805576 
-0.0966446 0.0845436 0.0455679 -0.0266535 -0.0976972 0.0979424 0.0147339 -0.027494 0.059845 0.0907769 -0.0108484 -0.016224 -0.00477373 0.0074776 -0.0888856 -0.00775491 0.0598025 0.0906373 -0.0696213 -0.0984257 -0.00209675 0.0785909 0.0427925 -0.00667786 0.0569506 -0.0727515 0.081817 0.0370878 0.0336407 -0.00739817 -0.0792039 0.0499158 0.0255686 -0.0761234 0.091846 0.0974513 0.0816133 -0.057976 -0.0179458 0.0571516 0.00874348 0.0488437 0.00912687 -0.0995855 0.0946863 0.0981569 0.0596977 -0.0567902 0.0321547 0.0810383 0.00216544 -0.0518837 -0.048699 0.07496 -0.0723906 0.022104 0.070545 -0.0902618 -0.0884101 0.0433649 0.029672 -0.0343402 0 -0.00544756 -0.0107469 -0.0629818 0.0332043 -0.00902412 0.05514 -0.0553002 -0.0946919 0.0220346 -0.0257716 0.0311914 0.0141186 0.0144708 
0.0907613 0.0183048 0.0357601 -0.0474007 0.0861974 0.060591 0.0216595 -0.0438445 0.0618561 -0.0486438 0.0956962 -0.0391041 -0.062123 -0.0636852 0.0555414 -0.0205447 0.0734457 -0.0589004 -0.0162551 -0.0418628 0.0848271 -0.0345432 -0.0131649 0.0696484 0.00967032 0.0559116 0.00116914 0.0978704 0.0216073 0.00152523 -0.0915921 -0.0285026 0.00540579 0.0383723 0.0428544 -0.00536241 0.0703259 -0.00645051 -0.0613512 -0.0967596 -0.0860089 -0.0111645 0.00357527 -0.0506911 0.0247664 -0.054584 -0.0620687 -0.00957832 0.081406 0.0856862 0.0766034 0.0537012 0.00495924 0.0968551 0.039133 0.0237983 -0.0071277 -0.0403248 0.0647267 -0.083947 0.0765876 -0.0813065 0.00544756 0 -0.0965843 0.0815835 -0.0191405 0.0526902 -0.0575993 -0.000501465 0.0191162 -0.0551762 0.000474173 -0.0261536 0.0830976 0.0669602 
-0.00384131 0.00387581 -0.0863633 0.0619863 0.0269384 0.0521236 0.065766 0.0174877 -0.0134494 0.0215633 -0.0959823 -0.0524525 0.053566 -0.0701501 0.0947504 -0.0490531 0.0450692 0.0318185 -0.00759259 0.0503743 -0.0353527 0.0937672 -0.0923463 -0.0249482 -0.0444737 -0.00917577 0.0884547 -0.00413621 0.0420109 0.0755647 0.0387916 -0.0446251 0.0450116 0.0610841 0.00809081 -0.0806991 -0.0498496 0.0225207 0.00301312 0.08049 -0.0820878 -0.0226397 -0.0721722 -0.077539 -0.0909034 -0.0208604 0.0221024 0.0216946 -0.0745151 0.0647725 0.0902789 -0.0438387 0.074126 -0.0993167 0.0514401 -0.0268381 -0.0242464 -0.0135203 -0.0407824 0.0960842 -0.0955941 0.0128871 0.0107469 0.0965843 0 -0.0175816 -0.075318 -0.00387981 -0.011219 0.0316798 -0.0851737 0.0956382 0.0455085 0.0773111 0.0365642 0.0810497 
0.0654589 0.0904989 0.0281863 -0.0847386 -0.0350002 0.0913488 -0.0268915 0.0178583 0.05722 -0.062275 -0.00439199 0.0297399 0.0783228 0.0565895 -0.09249 -0.0545271 0.0172853 -0.0295664 -0.0852691 0.0810164 0.0930306 -0.0495382 0.0959093 0.0968896 0.0298543 0.048418 -0.0672183 0.0251013 -0.0934099 -0.0477613 0.0909245 -0.0657925 -0.0281002 0.00784647 -0.0724831 0.0802028 0.0844706 -0.0239621 0.0917457 0.0330963 0.0374181 0.0169686 0.0487193 -0.0750785 0.00029168 0.0999631 0.0272094 0.0503564 -0.0121917 -0.0157422 -0.0189563 0.086384 -0.0293518 -0.0600655 -0.0207777 -0.0167335 -0.032873 0.0995755 0.0928656 0.0732696 -0.0927979 0.0266688 0.0629818 -0.0815835 0.0175816 0 -0.0691468 0.0196869 -0.0658885 -0.05508 0.0449425 -0.0470294 -0.0697168 -0.0961157 0.0891003 0.0576715 
-0.0554034 0.0356623 -0.0903652 0.0788734 -0.0610242 -0.0667542 0.0312303 -0.0563047 0.0520488 -0.0673143 0.0978313 -0.0307948 -0.0895961 -0.0289043 -0.0779461 0.049771 -0.0785339 -0.0257059 0.0445654 0.0340222 -0.00581935 0.0503967 -0.0376723 0.0200192 0.0185474 0.0263528 -0.0749233 0.0935916 0.0286722 0.0850681 0.00920671 -0.0384729 0.0578483 0.0135885 -0.081861 0.0692571 0.0864378 0.0593412 0.0244986 -0.0101486 -0.0533777 -0.0229688 0.0918465 -0.0442465 -0.0473279 0.0567755 0.0735738 0.0485717 0.0148411 -0.0354925 -0.0214682 -0.0592775 0.0886367 -0.0283096 0.0478814 0.0797547 -0.0327737 0.00248792 -0.0477258 0.0235374 0.0262683 -0.0328895 -0.0332043 0.0191405 0.075318 0.0691468 0 0.0707108 -0.0417602 -0.00228034 0.084203 0.0841907 -0.0317356 -0.0599212 0.0973561 -0.0371224 
0.0581212 0.0487224 -0.0114116 -0.0926129 0.0122028 0.0304281 -0.068723 -0.047686 -0.063614 -0.00724564 -0.0343719 -0.0505024 -0.0649226 -0.000927274 0.0915924 0.00723171 -0.00951256 -0.0208898 0.0287159 0.0917545 0.00415791 -0.0637609 0.0898669 -0.00952635 -0.0542661 0.0124492 -0.0071745 -0.0563324 -0.0267199 -0.020447 0.0538226 -0.0459144 0.093283 0.0400436 0.0959893 0.0279509 0.0359788 -0.0675873 -0.0797991 0.0188952 -0.0706185 0.0635154 -0.0114727 -0.0455665 0.0569147 0.0621454 0.0623097 -0.0081952 -0.0359192 -0.0629446 0.0476102 0.033928 0.053126 -0.0885525 0.0286693 0.0685267 0.0915036 0.050037 -0.0639161 -0.0340735 -0.0284373 0.0306096 0.00902412 -0.0526902 0.00387981 -0.0196869 -0.0707108 0 0.0964898 -0.061832 0.0636709 -0.0806398 -0.0704394 -0.0972403 0.00617729 0.0366628 
-0.054333 -0.0144559 0.0302933 0.0671244 0.0185849 -0.067187 -0.050364 0.0719101 0.0967587 -0.0985447 0.0483405 -0.0940911 -0.0731314 -0.0809617 0.0276061 -0.0502499 -0.0726417 -0.0952258 -0.0478293 -0.0173681 0.0168858 0.0213962 0.0896599 0.0418509 -0.075358 -0.0106136 0.0563403 0.0483753 -0.02761 0.0533463 -0.0777982 0.00673612 -0.0222453 0.060879 -0.0618459 -0.00768237 0.01521 0.0391371 0.0135089 -0.0240231 0.037621 0.0501738 -0.00996088 -0.00487248 -0.0684658 0.0889021 -0.0762074 -0.0122588 -0.097717 0.0246206 0.0832165 -0.039339 0.0655188 0.059806 -0.0697473 0.0594688 -0.0529447 -0.0395274 0.0033262 -0.0167287 0.0509794 0.0591117 -0.05514 0.0575993 0.011219 0.0658885 0.0417602 -0.0964898 0 0.0958677 -0.053402 0.0815005 -0.0508133 -0.0935144 -0.0361786 0.0577518 
-0.0124039 0.0692627 -0.0992314 0.0722256 0.0204 -0.0591711 0.0858843 -0.0591433 -0.0115931 0.0365459 0.075044 0.0124458 0.0455835 -0.00283191 0.0415234 -0.0638078 0.0987041 0.0120213 -0.0147186 0.04366 -0.0672112 0.0338948 -0.0104708 0.0988067 0.095133 -0.00794669 0.0540088 -0.017748 -0.0915783 -0.020643 0.0459834 0.037216 0.00978889 -0.0193234 -0.0393346 0.0192605 0.0942996 -0.0430551 -0.0281336 0.0691137 -0.0525803 -0.00509791 -0.094672 -0.0109407 -0.0741028 0.0263729 -0.0254423 -0.0830842 0.0153589 0.0201634 0.0992104 0.0565595 0.0419285 -0.0633449 -0.0376599 0.0358303 0.0426837 0.0227692 -0.0408954 0.0267145 0.0934514 -0.00883952 0.0553002 0.000501465 -0.0316798 0.05508 0.00228034 0.061832 -0.0958677 0 -0.052489 -0.0247203 -0.0747088 -0.0485962 -0.0394021 -0.0127428 
-0.0767368 -0.0183012 -0.00569215 -0.0319673 0.0674935 0.0137129 0.0753835 0.0417384 0.0208717 -0.0918219 0.0897743 0.0824885 0.0428749 0.0959906 -0.0540404 0.00888742 -0.00162407 -0.0584067 -0.0193898 0.0441705 -0.0926551 -0.0556318 -0.0919574 0.073156 0.0611317 -0.0749069 -0.000898819 -0.0560818 0.049024 0.0720372 0.0976204 0.0518398 0.0857407 0.0976473 0.0985571 0.0651596 -0.00626658 -0.0947774 -0.04197 -0.0336869 -0.0692906 0.0971665 0.0815144 -0.0685995 0.0623025 0.060898 -0.0673409 -0.0173519 -0.0226235 -0.0100715 0.0615757 -0.032962 0.0707355 0.0992082 0.0700011 -0.0286495 0.0384208 0.0223903 0.091432 -0.0116267 -0.0864407 -0.0216036 0.0946919 -0.0191162 0.0851737 -0.0449425 -0.084203 -0.0636709 0.053402 0.052489 0 0.0271008 -0.0268644 -0.0455673 -0.097882 -0.0843898 
0.0819653 -0.0661602 0.0260544 -0.0731266 0.0443689 -0.0876064 0.0333202 0.0879223 0.0421241 0.0503348 0.0864746 0.0382958 0.0349576 -0.0226623 0.00563495 -0.0386958 -0.0371275 -0.0462041 0.084674 0.0941422 -0.0277107 0.009643 0.0803957 0.0930733 0.0463597 0.0684836 -0.0310652 0.0688654 -0.00695708 -0.0564558 -0.0700995 -0.00309626 0.0405514 -0.0685114 -0.00383546 0.0517205 0.063353 -7.14885e-05 -0.0985611 0.0929833 -0.0249651 0.0190263 0.0836359 0.00194181 0.000193611 0.0282742 0.0369863 0.0973743 -0.0538324 -0.00417088 -0.0351116 -0.0977435 0.0882166 0.0257539 -0.0748269 -0.0542333 -0.0118584 -0.033404 0.0908081 -0.0623416 0.0182171 -0.0252422 -0.0220346 0.0551762 -0.0956382 0.0470294 -0.0841907 0.0806398 -0.0815005 0.0247203 -0.0271008 0 -0.029127 -0.0361435 0.0552978 -0.0950708 
-0.0288615 -0.0736049 0.0757966 0.0714944 0.0383504 0.0240739 -0.0301935 0.0127826 0.000439261 -0.0775786 0.042521 0.0254859 -0.0972037 -0.00534801 -0.0644976 -0.0605492 0.0617828 0.061125 0.0497845 0.0126149 0.0722761 -0.0530558 0.0816953 0.0521907 0.0443896 -0.05201 0.099943 -0.0937458 -0.0845455 0.0501306 -0.0391866 0.0763399 -0.0315545 0.00329737 0.0934723 0.0892559 0.0462043 -0.0857754 -0.0804496 -0.0550641 -0.0607957 0.0999555 -0.0941956 0.0587454 -0.0513182 0.0666146 -0.0321858 -0.0733547 0.0587438 0.0126497 -0.0881086 0.0626146 -0.0434698 0.063284 0.0849 0.0981832 0.0681917 0.0463673 -0.0890733 0.0929906 0.0903459 -0.0234517 0.0257716 -0.000474173 -0.0455085 0.0697168 0.0317356 0.0704394 0.0508133 0.0747088 0.0268644 0.029127 0 -0.0130516 0.0444348 -0.00346422 
-0.0649034 0.0749148 -0.0998177 0.0375256 -0.0285681 0.00450183 -0.00447487 0.0152498 -0.0993608 0.00642495 -0.00560433 -0.0251758 0.0170735 0.0575653 -0.0865411 -0.01308 0.0959965 -0.0756386 0.00914097 0.0872692 0.0772618 0.011927 0.0498666 -0.0841791 -0.0992791 0.0568126 -0.0597209 0.0203057 -0.01541 -0.0959332 -0.030217 -0.0919086 -0.0250135 0.00308598 -0.0184983 -0.0883202 0.0824616 0.0417526 -0.0780964 0.0434678 -0.0800187 0.0138123 0.0488123 0.0226289 0.00943498 0.00811484 -0.0414968 -0.0340326 -0.0296845 0.0219033 0.0768294 -0.0337112 0.0321177 0.00187605 -0.0355704 0.0207608 -0.0488285 -0.0584751 -0.0646504 0.0951913 0.0764689 -0.0807315 -0.0311914 0.0261536 -0.0773111 0.0961157 0.0599212 0.0972403 0.0935144 0.0485962 0.0455673 0.0361435 0.0130516 0 0.069575 0.0391121 
-0.0145888 -0.0149238 0.0900885 -0.0936467 -0.00571158 0.0833703 0.0250035 -0.000874434 0.0556546 0.0732408 -0.0381798 0.086063 0.0419491 0.0586493 -0.0376374 0.0231147 -0.0580845 -0.0954702 -0.098274 0.0561299 -0.057631 0.00394267 -0.018429 -0.0484758 0.0763128 0.0964038 -0.0238543 0.04112 0.0530911 0.047045 -0.0772713 0.054814 -0.0681706 0.0141559 0.0337492 0.000348674 -0.0558286 -0.0486236 -0.0479573 -0.0724813 0.012932 0.071805 0.0271089 0.0151575 0.0678063 -0.0660686 0.0346186 0.0450292 0.0618148 0.0843154 0.0246297 -0.00888284 0.0559158 0.0259699 0.00451129 0.0945295 0.00322819 0.00978562 0.075691 -0.0168684 -0.01997 -0.00935791 -0.0141186 -0.0830976 -0.0365642 -0.0891003 -0.0973561 -0.00617729 0.0361786 0.0394021 0.097882 -0.0552978 -0.0444348 -0.069575 0 -0.0503224 
-0.0819899 -0.0980504 0.063164 -0.0771935 0.069752 0.0572896 -0.0009899 -0.00606572 0.0936673 -0.0577823 -0.0705347 -0.0436828 0.0451604 0.0491125 0.0924103 -0.0111268 -0.0491423 -0.0696101 -0.080042 0.0997555 0.0772516 -0.0551736 0.086933 -0.0758202 -0.0186293 0.000145335 0.0832811 -0.0404382 0.0633341 0.0531355 -0.099729 -0.0525516 0.00775193 -0.0807366 0.0897715 0.0728876 -0.0293341 0.068147 -0.0234995 -0.0144513 0.086237 0.0451099 0.03963 0.0173336 -0.0142757 0.0894517 -0.017205 -0.0172648 0.027011 -0.0760002 -0.0131998 0.0062069 0.0443029 0.0499147 -0.0347846 0.0249264 0.0214719 0.064611 0.058182 0.0793533 -0.00459405 0.0805576 -0.0144708 -0.0669602 -0.0810497 -0.0576715 0.0371224 -0.0366628 -0.0577518 0.0127428 0.0843898 0.0950708 0.00346422 -0.0391121 0.0503224 0 
