75

16000 4500

30 55 80

8

0 60520 75030 79741 26330 66180 61240 60610 56880 15440 67910 69051 82870 37320 49220 51460 50910 94490 39690 41110 47930 43770 62810 91240 29760 67210 72890 50681 51320 87290 34910 48990 62650 21390 98060 29970 36010 23360 86630 69580 84670 23970 93791 38910 64790 78590 20240 71370 97011 30360 62710 71450 20840 25880 76111 82470 69480 99850 43120 59290 19980 77920 51860 79060 48280 50750 61410 47920 39160 36560 50010 66730 90261 63560 92940 46510 
57820 0 28350 135821 84140 13350 111850 21210 100001 67600 125720 125131 38120 44120 107030 107880 9950 34240 50630 78540 46730 101580 11140 148960 42020 76080 46840 106761 84031 45870 51350 106800 85370 68580 42550 82990 93820 81170 73180 21080 39920 78600 111570 94430 77730 109980 63980 129210 147310 88170 22630 129260 76930 70600 132191 72290 127420 111220 54630 64440 72820 81750 12800 51900 67840 108560 90860 43090 96970 94370 40250 124570 141480 56460 58130 99270 
72950 28380 0 140110 96540 15700 131960 19130 123331 85760 136330 127660 10620 67450 114130 114761 34670 31450 73960 73550 72590 114550 39370 162080 64010 101940 74650 113561 107361 18150 49870 119770 74760 89060 25030 100900 106490 93840 100990 9370 12420 94690 91950 95070 103590 102570 85970 142060 167851 100840 50440 138700 83220 93010 136630 99540 140320 91600 78330 90300 74330 61880 38850 28120 60270 118050 115400 68950 109940 106750 66110 137420 161101 83660 30790 117230 
80251 135921 140880 0 65980 137930 93550 128460 108160 81100 31490 14620 149850 113311 41300 37500 126301 170940 112771 67460 122261 77000 138211 112970 106481 133010 149561 32180 110460 147480 90880 73940 79040 88720 165560 85100 73120 71180 160160 135430 150040 81700 96470 45030 126610 59340 89710 51500 121380 66580 138111 26090 60571 92750 5530 156000 90620 104150 115680 131850 67940 100921 127251 130490 83050 46250 120280 123951 73730 53910 126041 42200 114630 137430 148480 92960 
26720 83990 96430 66310 0 89650 46260 83920 46550 21060 46910 55600 105630 52651 32630 35350 74380 117960 50960 54150 59931 22120 86280 70991 49390 69780 87231 37230 47290 108690 55500 27020 74051 27690 121530 21930 14620 7380 97700 90980 107430 17900 102622 34260 63440 81170 29010 46730 77292 7600 85450 51260 23030 31360 62680 93540 48691 109822 53220 68980 31290 94830 75330 99650 65190 29690 57110 62261 17190 14600 65091 44770 70542 74970 114340 31530 
63530 13370 15700 137460 89850 0 121890 12490 110041 74850 133660 125010 26130 54160 111460 112091 20740 32130 60670 75090 58530 110020 24360 157620 51090 87880 59640 110891 94071 33660 49050 115240 80860 77650 33850 90380 102260 86880 85980 8510 27930 85860 99930 93290 89530 105480 73050 137650 157350 93880 35430 136050 80550 80090 133980 85090 135860 99580 65040 76240 71680 69860 24790 39330 63340 115380 101810 54890 105410 102810 52050 133010 151520 69260 45760 108340 
61820 111950 131850 93290 45910 122070 0 117190 15520 48630 64680 87760 141050 68240 62620 65790 102150 146700 62560 93120 69220 26740 108430 35880 71830 52610 92070 74300 31590 144110 90920 25690 115440 45050 154540 34890 34350 40820 84250 126400 142850 39080 145501 75330 46270 120460 49580 52460 42090 39841 99590 69140 62870 48520 89660 80220 22760 152692 59740 58930 70770 133040 102160 135070 103400 54490 33800 71880 31150 50730 75900 57320 35340 74140 149760 15830 
57990 21110 19020 127720 84150 12540 117140 0 108771 69310 123940 115270 28130 52890 101740 102371 21340 40670 59400 62890 59620 101750 31760 149350 49390 89950 64670 101171 92801 32720 37860 106970 68670 72610 41040 84840 93990 81340 91700 10900 29930 80320 93570 82810 90230 93280 70020 129380 154550 88340 41330 126310 70830 77060 124240 87540 127590 93220 63770 78310 61960 63500 25940 33480 51140 105660 100840 56960 97140 94360 54120 124740 148371 71670 42790 102900 
56570 100351 122781 107900 46200 110471 15530 109201 0 42660 79290 99110 133831 56831 71490 74660 90741 135101 51151 89230 57811 32240 96831 48720 62001 38100 77090 80740 18200 138990 87030 36100 111550 38110 142941 27950 39080 41110 69610 115511 135631 35260 141611 78670 31760 123220 42640 67070 45930 43710 86920 83750 61460 41370 104270 65580 37090 148811 48331 44760 66880 129150 90751 131180 99510 63990 19030 60471 37640 57570 64491 71930 40100 59970 144640 16120 
14400 67710 85800 81430 21540 74890 48730 69320 42720 0 64080 70720 93640 34281 47770 50490 58100 101880 32590 50030 41561 36080 67840 81700 28740 55760 68861 52350 38830 98060 46750 41670 72350 9490 106770 15940 28320 16090 79460 79830 95440 11420 102411 41160 53340 85350 10640 66360 86441 24150 64800 68430 23590 13560 77800 75300 59940 109611 34980 51150 27680 88870 59030 90280 59230 46860 48920 43891 32810 31770 46721 61940 79691 56730 103710 34000 
68550 125820 135830 31670 46400 132790 64940 123320 79550 63510 0 26140 145030 95101 26190 28730 116210 159790 93410 74190 102381 48390 128110 84360 91840 109230 129681 30620 87920 144690 88760 45330 87960 70450 161550 63350 45660 51850 140280 130380 146830 60660 110430 48560 102600 74420 71460 22890 92770 43720 128010 6610 52400 74120 28040 136120 62010 118150 95800 111740 63841 109841 117160 131060 89780 18770 95440 104711 45970 35670 107541 13710 86020 117550 147020 64350 
70351 126021 127750 14620 56030 124800 88120 115330 99550 71150 26060 0 136720 103401 31620 27840 116401 155720 101710 55190 110681 68270 128311 107540 96581 123000 137981 20160 100510 134350 78420 68510 66770 78770 152430 75150 63170 61230 148580 122300 136910 71750 89240 32760 116660 52080 79760 46070 115950 56630 128211 20660 50671 82800 10990 144420 85190 96960 104100 120270 55670 88651 117351 117550 70780 40820 110330 113011 63780 43960 115841 36770 109200 125850 135790 84530 
80850 38140 10750 148950 105830 26250 141250 28400 134511 93660 145620 136500 0 78000 123420 124051 45220 30260 84510 79110 83140 123840 49130 171370 74560 112490 84300 122851 117911 13180 57770 129060 79100 96960 17790 108800 115780 101740 109990 19920 4540 102590 94990 104060 114140 107590 94370 151350 177141 110130 60200 147540 91120 101410 145470 109860 149610 89910 88880 100850 82230 65360 49400 27340 65620 127340 125950 79500 119230 116040 76660 146710 170391 94030 25930 126520 
35580 44040 66470 112771 52901 54160 68480 52890 56821 33881 95441 102081 76900 0 79701 82421 34430 76520 6940 74500 10950 64601 40140 103770 9400 37900 35910 83491 40851 84430 55870 70191 92640 28511 85850 43071 56841 47451 50140 59200 78700 39941 122460 71720 37820 111980 26181 97941 102051 55501 33010 99791 54150 28420 109141 45980 85080 128470 11820 26260 54840 102960 33920 86190 75110 78221 48580 10940 61601 63131 13590 93301 96221 27070 95500 57380 
50350 107470 114440 42370 32490 111400 62950 101930 71590 47940 25960 32110 123640 80111 0 5230 97850 141440 78420 51050 87391 39330 109760 84820 74620 99150 114691 13740 76660 123890 67960 39670 68630 55480 140160 51300 35050 37930 125290 108990 125440 48450 97201 25230 92810 64620 56470 35560 92670 32000 109660 29500 31600 59510 38740 121130 62520 104401 80810 96980 43041 90511 98800 110260 66640 11780 86480 89721 35360 20110 92551 28190 85920 102560 126220 56350 
51680 107920 114861 37970 35320 111821 66050 102351 74690 50770 28700 27710 124061 82941 5060 0 98300 141890 81250 48190 90221 42430 110210 87920 76960 101980 117521 9340 79490 122750 66820 42770 65770 58310 140581 54130 38150 40760 128120 109411 125310 51280 93370 22370 95640 60220 59300 38300 95770 35100 110110 32240 31880 62340 34340 123960 65620 101090 83640 99810 41821 87651 99250 109120 63780 14520 89310 92551 38460 22940 95381 30930 89020 105390 125080 59450 
48190 9930 34360 126191 74510 20800 102030 21440 90371 57970 116090 115501 44790 34490 97400 98250 0 43900 41000 75870 40660 91950 14390 139140 32390 70010 44430 97131 74401 52320 48680 97170 84010 58950 52210 73360 84190 71540 71460 27090 46590 68970 111030 85370 71660 108620 54350 119580 137490 78540 22570 119630 67300 60970 122561 67300 117550 110680 45370 58370 64780 81210 5540 54740 66480 98930 82440 37020 87340 84740 34180 114940 131660 51470 64050 89640 
91670 34390 31310 170870 117990 32150 146670 40780 134151 101650 159570 155500 30260 77050 140880 141730 43800 0 82900 100520 77790 135430 39540 218610 75870 105000 66550 140611 117881 41810 76110 140650 105290 102430 17520 117170 127670 115020 92240 31420 33170 112650 124280 123060 106650 131160 97830 164600 182130 122020 49150 163110 110780 104450 164470 93050 161270 119190 86620 93360 101730 92440 45880 56620 88660 142410 120810 74150 130820 128220 70530 158420 174910 81680 54260 134860 
37480 49460 71890 111831 51590 59580 62130 58310 50471 32570 94130 101141 82320 5940 78390 81110 39850 82420 0 76400 11070 60900 46040 97420 13260 32540 37730 82771 34501 89850 60130 66490 96900 25180 91270 38920 53140 45150 48880 64620 84120 36240 126720 71000 31930 113880 24500 94860 95701 51800 38650 98480 53430 23450 108201 44720 78730 132730 5300 22890 55830 107220 39860 91610 79370 76910 42540 12760 57900 61820 15590 91990 89871 25810 100920 51030 
40710 78450 73560 67570 53940 75190 92970 62940 88930 49880 73860 55420 80160 73960 50220 47940 75090 100700 76330 0 84570 72910 88190 121321 66400 104980 108960 45740 86360 76200 28100 75820 22900 58800 96840 61910 65410 53060 123270 69090 78730 55700 53900 26940 102510 39030 57790 83250 127121 59180 95440 69190 33150 62870 64090 119110 99021 60830 79790 97060 23150 44300 80230 59960 16790 58480 96180 84560 67980 50080 86650 76090 120371 100200 77950 78240 
45880 46950 73160 121181 60721 59140 69150 59660 57491 41701 103261 110471 83590 10780 87521 90241 41200 78170 11040 84800 0 70860 41790 104440 19690 31000 28590 92101 41521 91120 66020 76450 102790 35140 88560 48880 63100 55110 42080 65890 85390 46200 132610 80670 32630 122280 34001 104820 102340 61760 30950 107611 63100 33410 117551 37920 85750 138620 10620 19360 65140 113110 37000 92960 85260 86041 45550 3950 67860 70951 7970 101121 96510 18220 102270 58050 
44220 101490 114370 77200 21780 109500 26860 101580 32300 36110 48590 67970 123570 65051 39300 42470 91880 135460 60850 73490 70840 0 103390 50020 62650 61650 98610 49600 40630 126630 73140 6440 91941 36410 140090 27570 7970 21260 99480 108920 125370 26620 120512 50480 55310 95610 40730 39240 56580 14940 98061 53050 42370 40080 73570 95090 27720 127712 61940 67970 50630 113822 92830 118570 84530 32140 48150 73310 5450 25430 76140 41760 49830 83180 132280 17060 
60190 11150 39320 138191 86510 24320 108260 31620 96411 67720 128090 127501 49090 40380 109400 110250 14350 39030 46230 88440 41690 103410 0 145370 41710 71000 38160 109131 80441 56840 61250 109100 95430 68270 51860 82680 95650 83360 64500 32050 50890 78720 121810 97370 72650 120040 63670 131580 143720 90540 13950 131630 79300 68510 134561 64660 126680 121460 49950 59360 76780 91990 11020 62870 77900 110930 85820 38050 99340 96740 35210 126940 137890 49650 69100 97160 
91690 149240 163440 113310 70800 157730 35880 149980 48700 81470 84700 107780 172640 103730 84860 88030 138850 197172 98050 121140 104710 50060 145740 0 106100 86050 129660 96540 66280 175700 120610 47930 139161 78800 206062 68200 57670 68730 119700 157990 174440 71920 167732 97570 79710 142700 83330 72480 33280 63960 136900 89160 90780 82270 109680 115670 24410 174932 95130 95680 99040 161042 139470 167640 132940 76730 66980 107370 54470 72970 112120 77340 26530 111730 181350 49020 
27570 41980 63010 105701 49700 50700 71660 49430 61601 28610 92240 95011 73440 9110 74200 76900 32370 75950 14440 66490 19760 62570 41630 106260 0 45660 44350 76641 45631 80970 47810 68160 84580 26940 82580 41350 54810 44250 59180 55740 75240 37910 114400 64870 45050 103970 22340 94740 106831 52310 38590 96430 47300 29380 102071 55020 84760 120410 18590 35300 46830 94900 33190 82730 67050 75020 54201 19750 59570 59930 21370 90100 101001 36110 92040 57630 
65240 75810 102020 133400 69730 88000 52860 89610 38220 55910 109580 122640 112450 37410 99140 101860 70130 105970 32370 104930 31050 62090 70500 86160 45540 0 46380 104270 23740 119980 92410 65950 126470 46610 117420 47960 67600 62750 42370 94750 114250 55300 157660 96480 6610 140670 47520 99700 79270 67960 57920 114010 78910 44880 129720 37440 72170 163670 28130 12480 83000 139500 65860 122910 111650 93840 22750 33310 67490 81100 36600 102220 73440 26990 132000 45980 
70600 46910 74970 147941 87481 59970 93150 64470 78020 68461 130021 137231 84550 35720 114281 117001 44060 66940 37670 108740 28520 98610 37790 129910 44220 46420 0 118861 63200 92490 86710 104230 123480 62480 80050 76220 90850 82031 29630 67700 86540 73540 153300 106740 48500 146810 60761 132521 120790 89100 24430 134371 89170 60750 144311 29560 112560 153080 36730 34870 89860 123610 39370 97770 105950 112801 64580 25280 95610 97711 23190 127881 115720 20060 104750 84160 
52021 107691 114541 32150 37700 111501 74280 102031 81220 52820 31160 20200 123741 84851 13290 9510 98071 141661 83380 45930 92351 49940 109981 96150 78251 104670 119651 0 82180 121690 65760 51000 61360 60440 139770 56820 44840 42900 130250 109091 124250 53420 87090 20110 98330 53940 61430 46530 104000 38300 109881 26040 32341 64470 28520 126090 73850 94810 85770 101940 41501 83241 99021 108060 61520 22750 92000 94681 45450 25630 97511 39160 97250 107520 124020 66200 
49410 84061 106491 110800 47180 94181 31430 92911 17890 39060 87940 100090 116921 40541 76590 79310 74451 118031 34861 86590 41521 40480 80541 65990 45711 23670 62320 81720 0 124451 80890 44340 108910 29940 125871 25410 45050 40200 61500 99221 118721 32750 138971 76390 17330 120580 34580 78060 63120 45410 71181 92400 58820 32710 107170 57110 50740 146171 32041 29990 64240 126110 74461 123370 96470 71530 12270 44181 45880 58550 48201 80580 57290 45200 135521 24370 
85190 45760 18150 145900 108780 33650 144200 32820 139030 98000 143270 133450 13390 85400 122380 121850 52620 41990 91910 75150 90540 126790 56750 174320 81900 119890 92030 120210 125311 0 56920 132010 71210 101300 28470 113140 118730 106080 118040 25880 9000 106930 85090 100950 121540 99700 98710 150850 180091 113080 67820 144490 95460 105750 142420 117480 152560 80010 96280 108250 84400 57470 56800 19450 61660 126040 133350 86900 122180 116930 84060 145170 173341 101610 14760 129470 
33820 51290 50050 90690 55640 49100 91060 37850 87020 46820 88090 78310 57890 55570 67240 66710 47930 76080 61420 28090 66220 73350 61030 120820 47800 92640 87140 65070 81100 56990 0 78570 37670 51170 73560 60000 65590 52940 105640 44690 58080 53790 67490 46590 92030 62280 48580 95670 126591 59940 69140 89350 39570 55620 87210 101480 99060 73500 65570 81760 28490 48020 53070 44860 20140 70900 91190 66210 68740 62470 67200 89990 119841 82570 60110 76330 
49670 106940 119820 74060 26670 114950 25750 107030 36110 41680 45450 68530 129020 70621 39480 42650 97330 140910 66420 75380 76410 6410 109230 47900 68220 65460 104210 51060 44440 132080 78590 0 93401 41980 145540 33140 13540 26830 103340 114370 130820 32190 121972 51940 59120 97070 46300 35570 55470 19830 103631 49910 47260 45650 70430 98900 25600 129172 67510 71780 55520 115282 98280 124020 89420 31350 51960 78880 10340 26890 81710 38090 48720 86990 137730 20870 
62360 85410 75110 78680 74241 81050 115490 68800 111450 72400 87510 66530 79610 92390 67450 65170 84000 105570 97980 23080 103040 92171 95790 139131 84620 126630 123960 60780 108880 71400 37760 93611 0 81320 96290 84430 86051 75580 142460 74080 77590 78220 32420 44440 124210 28740 80200 100690 146981 78971 104170 82390 55620 85390 75200 138300 116831 38800 101440 118580 45670 22991 88600 52760 19330 76440 118700 103030 87681 67871 104020 93320 140231 119390 68940 100760 
19470 68530 88950 89310 27930 77250 45020 72470 38220 9690 70700 78600 96790 28971 55650 58370 58920 102500 25260 59070 35250 36460 68180 79150 27010 46690 62610 60230 29930 101210 50950 42050 80900 0 109130 14710 28700 20710 70830 82290 98590 11800 111451 50260 44270 94450 4650 69570 82350 27360 61981 75050 32690 4490 85680 66670 58120 118100 26350 42110 36720 96170 59740 93430 66530 53480 40020 37720 33460 39080 40550 68130 76520 48100 106860 30990 
95490 42710 25110 164680 121810 33930 154940 41130 143071 106810 162050 152230 17870 86150 139900 140531 52040 17360 92660 95940 88700 140320 52100 227840 83670 117560 79110 138990 126061 28510 73460 145540 95930 110110 0 122340 132260 118220 104800 31450 20070 117820 111820 119790 119210 124420 105630 167830 190400 125840 61710 163270 107600 112630 161200 105610 166090 106740 96720 105920 97920 82190 54890 44170 82450 143820 133000 85060 135710 132520 82220 163190 184570 94240 40630 140400 
29780 82900 100990 85570 21950 90080 34760 84510 27960 15830 63520 74860 108830 43561 51360 54080 73290 117070 38950 62290 48940 27580 82660 68580 41490 48070 76300 56490 25580 113250 60090 33170 84610 14710 121960 0 19820 14970 84380 95020 110630 8250 114671 52090 41730 96280 19240 61130 72090 20180 76571 67870 34520 18180 81940 80220 47550 121871 40040 51210 39940 102210 74220 104240 72570 46300 35400 51410 24580 33320 54240 60950 66260 61790 118900 20420 
36490 93760 106340 73490 14190 101770 34450 93830 38880 28380 46700 62780 115540 57321 35280 38450 84150 127730 53120 65900 63110 7950 95660 57610 54920 67680 90880 44410 45200 118600 65410 13540 85761 28680 132060 19840 0 13530 98690 100890 117340 18890 114332 45290 61340 90420 33000 41690 64170 7350 90331 51160 34780 32350 69860 94530 35310 121532 54210 69970 43040 106580 85100 109560 76940 29980 54180 65580 4950 20240 68410 42390 57420 75960 124250 23860 
23790 81060 93640 71480 7500 86720 40720 81130 41010 16110 52010 60770 101480 47701 37800 40520 71450 115030 45100 53450 54981 21170 83350 68640 44440 62750 82281 42400 40260 105900 52710 26760 75770 20660 118000 14900 13410 0 90670 88190 103280 10870 105312 37840 56410 84090 24060 50880 74411 8670 80500 56360 22330 24330 67850 86510 46880 112512 46190 61950 30590 94130 72400 96860 64490 34790 50080 57311 17470 19770 60141 49440 67661 67940 111550 25990 
84460 73350 101410 158950 97980 86410 84290 91300 69700 79470 141030 148240 110110 50310 125290 128010 70890 92500 48980 123380 42040 99810 64230 119770 59390 42300 29810 129870 61460 118460 105860 103720 142630 70790 105610 84330 98750 90760 0 94140 112510 81850 172890 118690 44930 161020 71330 135780 107840 97410 50870 145140 101120 69060 155320 5170 105850 178900 46080 34830 103520 150440 66200 124600 125100 123570 53000 42340 103510 108720 42500 138890 102850 26060 130540 83700 
67520 21100 9420 134680 91110 8560 126530 10890 116051 78920 130900 122230 19850 60170 108700 109331 27390 31390 66680 68990 65310 109120 32090 156650 56730 94660 67370 108131 100081 26440 44690 114340 73790 82220 31400 94450 101060 88410 93710 0 21650 89260 92470 89640 96310 99380 78690 136630 162421 95410 43160 133270 77790 85730 131200 92260 134890 92120 71050 83020 68900 62400 31570 31590 57240 112620 108120 61670 104510 101320 58830 131990 155671 76380 37250 111800 
82570 39860 12470 149200 107550 27970 142970 30120 136231 95380 146570 136750 4800 79720 125140 125150 46940 33340 86230 77660 84860 125560 50850 173090 76280 114210 86130 123510 119631 8990 58020 130780 77030 98680 20020 110520 117500 103460 112140 21640 0 104310 92530 104310 115860 105520 96090 153070 178861 111850 61920 147790 92840 103130 145720 111580 151330 87450 90600 102570 83950 63290 51120 25270 64170 129060 127670 81220 120950 117760 78380 148430 172111 95750 21740 128240 
24770 78660 94800 82130 18150 85840 39330 80270 35290 11590 60920 71420 102640 40471 48450 51170 69050 112830 36270 56070 46260 26680 78790 72300 38070 55350 73620 53050 32860 107060 53870 32270 78390 11830 117720 8270 18920 10930 81840 89350 104440 0 108451 45870 49010 90060 16150 59790 77041 17580 73481 65270 28300 15500 78500 77680 50540 115651 37360 53120 33720 95990 69980 98020 66350 43700 42680 48730 23680 30420 51560 58350 70291 59110 112710 24600 
93330 111470 92000 96580 102712 100110 145481 93600 141441 102391 110260 89280 94530 122140 95921 93540 110810 123720 127990 53550 132790 120642 122120 167602 114370 157600 153380 87080 138871 84480 67510 122082 32380 111311 111210 114421 114522 105122 172510 92820 91930 108211 0 72911 155180 38570 110301 129161 175452 107442 130980 105140 84621 115381 96140 168350 145302 10150 132140 148330 75661 32190 115410 69200 49080 104912 149771 132780 116152 96342 133770 120970 168702 149140 78710 130751 
38960 94340 94950 45240 34190 92980 75360 82660 77990 41160 48000 33090 104030 71670 24360 22080 85580 123050 71360 26820 80790 50360 97480 97230 65070 96350 107240 20130 76490 101820 46600 51800 44460 50080 119740 51880 45260 37330 118850 89500 104220 45830 73031 0 92640 47460 50930 57600 105080 38720 97380 43830 19160 54150 41760 114690 74930 80231 74530 90700 23850 66341 86530 85580 42410 32990 86310 82270 45870 26050 84360 50230 98330 95780 103570 62970 
62710 77460 102710 126950 63330 89650 46460 89130 31820 53380 103150 116240 113140 36930 92740 95460 70670 107620 31890 102400 32700 55690 72150 79760 45060 6550 48430 97870 17340 120670 91940 59550 123940 44080 119070 41560 61200 56350 44920 95440 114940 48900 155121 92540 0 136730 44990 93270 73470 61560 59570 107610 74970 42350 123320 39990 65770 161140 27650 14460 80390 139020 67510 122430 109570 87440 16910 34960 61090 74700 38250 95790 67640 29810 131740 39580 
78290 109960 103330 59460 80870 105600 120260 93350 123190 85290 74320 52090 108030 111540 64140 60360 108550 131360 113910 39050 122150 95260 120340 142130 103980 140480 147190 53900 120620 99620 62310 96700 28840 94210 124710 96170 90160 83630 161220 99500 106000 89960 38480 47290 136770 0 95060 94330 149980 83620 128720 69200 63290 98280 59020 156850 119830 47510 117370 134640 60500 50560 113150 80980 43970 73600 130440 122140 90770 70950 124230 85030 143230 137780 97160 109270 
18390 63960 84990 90610 30150 72680 49600 69970 42800 11130 72690 79900 94290 25781 56950 59670 54350 97930 24090 58230 33061 40820 63610 83730 22440 47520 60361 61530 34530 98710 48530 46410 79820 4680 104560 19290 33060 24700 70960 77720 96090 16160 110611 50890 45100 95080 0 73930 86930 31720 58610 77040 33320 7120 86980 66800 62700 117020 26480 42570 35880 95090 55170 90930 65450 55470 44620 35391 37820 40380 38221 70550 81100 48230 104360 35570 
71900 129170 142050 51820 46130 137180 52780 129260 67390 66240 23210 46290 151250 97831 35250 37790 119560 164600 93700 83520 103690 39180 131460 72200 94570 99460 132411 46300 78150 152040 96110 35560 101190 69260 167770 61080 41620 50840 135950 136600 153050 59470 129761 57790 92830 94570 73580 0 80610 42530 130841 27670 58840 72930 48190 131920 49850 136961 94790 107160 70780 123071 120510 138410 97660 24990 85670 106160 40010 38420 108990 11160 73860 116540 154370 54580 
98241 147680 169981 121760 77540 157800 42550 154900 46290 87240 93150 116230 179181 102071 92580 95750 137880 182430 96391 128451 101720 56800 144160 33810 107241 78890 119910 104260 63440 182241 127161 55650 146881 82690 190270 72530 64410 75281 107120 162840 180981 77701 175452 105290 73830 150420 87220 80930 0 70700 132780 97610 97331 86160 118130 103090 43920 182652 93571 87480 105591 168762 137890 174181 139491 84450 59560 105711 61210 80690 109731 85790 8070 100630 187891 54801 
30960 88230 100810 66870 7180 93890 40221 88300 43680 24240 43920 56160 110010 55801 32000 34900 78620 122200 51600 59360 61590 14850 90520 63721 52570 67910 88950 37790 45420 113070 59880 19750 78691 27160 125770 20060 7350 8740 97170 95360 111810 17370 107262 38670 61570 83800 31480 42790 70022 0 88630 48270 28550 30830 63240 93010 41421 114462 52690 68450 36810 100350 79570 104030 70710 26700 55240 64060 9920 14620 66890 41350 63272 74440 118720 28660 
60300 22580 50640 138301 85641 35640 99420 41440 86940 64880 128181 127611 60410 33030 109510 110360 22660 49270 38480 95660 30850 97341 13460 136530 38870 58060 24310 109241 71081 68160 69290 102931 104150 61251 62380 75811 89581 80191 50650 43370 62210 72681 131170 97480 59710 128760 58430 130681 133600 88241 0 131740 79410 61160 134671 50810 117840 130820 40180 46420 76890 101350 17740 74190 86620 110961 73500 27210 94341 95871 23590 126041 126330 36710 80420 87610 
72070 129340 138350 26070 51050 135400 69590 125930 84200 68160 6590 20540 147320 99751 29710 32250 119730 163310 98060 68990 107031 53040 131630 89010 96340 113590 134331 25420 92570 144950 89020 49980 82760 75100 163030 68000 50310 56500 144930 132900 147510 65310 105230 43360 107250 69220 76110 27540 97420 48370 131530 0 55920 78770 22440 140770 66660 112950 100450 116390 65341 104641 120680 131320 84580 22290 100090 109361 50620 39190 112191 18240 90670 122200 147280 69000 
20840 77070 83350 59831 23060 80310 62550 70840 61460 23560 52010 49141 91190 54070 31160 31880 67460 110940 53760 33250 63190 42030 79360 90441 47420 78750 89640 30771 58890 95400 39470 46930 55570 32480 107710 34440 34530 22180 101250 77900 92990 28230 84412 19000 75040 63190 33330 59510 96241 28300 79260 55550 0 36550 56201 97090 68141 91612 56930 73100 12980 75500 68410 83620 45860 34820 68710 64670 37100 23840 66760 53910 89491 78180 98870 47820 
23950 70470 91990 93350 31670 79680 48530 76950 41050 13780 74440 82640 101270 28100 59690 62410 60860 104440 23460 63220 33450 40200 68240 82660 29440 44890 60810 64270 32690 105690 55430 45790 85380 4480 111560 18220 32440 24450 69030 84720 103070 15540 115601 54350 42470 98540 7080 73310 85860 31100 61110 78790 36780 0 89720 64870 61630 122580 24550 40310 40870 100650 61680 97910 71010 57220 42780 35920 37200 43120 38750 71870 80030 46300 111340 34500 
76831 132501 136430 5530 62560 133480 90130 124010 104740 77680 28070 11190 145400 109891 37880 34080 122881 164400 109320 63870 118291 73580 134791 109550 103061 129530 145591 28760 107040 143030 87100 70520 75450 85300 161110 81680 69700 67760 156190 130980 145590 78280 96060 41440 123190 58930 86290 48080 117960 63160 134691 22670 57151 89330 0 152030 87200 103740 111500 127880 64350 97331 123831 126380 79460 42830 116860 120531 70310 50490 122621 38780 111210 133460 144620 89540 
80360 72050 99190 154850 93880 85110 80360 87200 65770 75370 136930 144140 109620 46210 121190 123910 66790 93250 44880 119280 37940 95590 64100 115840 55290 37480 29340 125770 57240 117150 101760 99450 138530 66690 106360 80230 94650 86660 5170 91920 111420 77750 168790 114590 40110 156920 67230 131850 103910 93310 50740 141010 97020 64960 151220 0 101920 174800 41980 30190 99420 146340 62100 120500 121000 119440 49070 38240 99410 104620 38400 134790 98920 21960 129170 79480 
70020 127930 141701 91170 48660 136220 22760 128300 37090 59830 62560 85640 150901 84890 62720 65890 117540 162180 79210 99000 85870 27920 126900 24340 84930 71900 112250 74400 50880 153961 98940 25790 117021 58150 167421 47550 35530 47060 105820 136251 152701 50280 145592 75430 65560 120560 62680 50340 43460 41820 118060 67020 68741 61620 87540 101790 0 152792 76390 78220 77001 138902 118360 145901 110901 54590 55370 88530 32330 50830 93280 55200 36710 94320 159611 28370 
99330 111240 91650 104340 110041 99760 152810 93250 148770 109720 117990 97010 89650 128140 103250 100970 110700 118840 133990 60670 138790 127971 121890 174931 120370 163600 153270 94810 146200 79600 73510 129411 38750 118330 106330 121750 121851 112451 178510 92470 87050 115540 10010 80240 161180 47460 117170 136490 182781 114771 130870 112870 91950 122710 103900 174350 152631 0 138140 154330 82990 31420 115300 64990 55080 112241 157100 138780 123481 103671 139770 128700 176031 155140 73830 138080 
40960 54500 77140 114520 53550 64830 59740 63560 48081 35040 96600 103810 87570 11190 80860 83580 45100 86090 5300 79880 10650 62080 49710 94980 18510 28300 36830 85440 32111 95100 65380 67670 101420 26360 96480 40100 54320 46330 45960 69870 89370 37420 131970 74260 27690 117360 26900 95670 93311 52980 40310 100670 56690 24630 110890 41800 76340 137980 0 18410 59090 112470 44150 96860 84620 79100 38330 13310 59080 64290 17330 94460 87481 23230 106170 48640 
57500 63990 90200 130810 69280 76180 59270 78130 44970 51330 112890 120100 100630 26210 97150 99870 58310 94150 22960 97190 19230 68500 58680 95980 35290 12490 34770 101730 30150 108160 81760 72360 118530 42090 105600 51090 70050 62060 34840 82930 102430 53150 148350 90550 14490 134670 42630 106110 87150 68710 46100 116400 72980 40360 127180 30160 78580 154360 18500 0 75380 128850 54040 111430 101000 94830 30630 21490 73900 80580 24780 108630 81320 16150 120180 52390 
19780 72760 74350 67870 31170 71400 70660 61930 66660 27610 63130 55720 82190 54460 42280 41691 64870 101790 55950 23230 65070 50140 76770 98551 46900 82800 90030 40491 64090 84410 28480 55040 45550 36530 97860 39640 42640 30290 103440 68900 83990 33430 75611 24000 80240 60410 35520 70710 104351 36410 76670 65551 13020 40600 64390 99280 76251 82811 59120 75290 0 65360 65820 72630 35720 45940 73910 65060 45210 35890 67150 65030 97601 80370 87880 55930 
77430 81820 61770 100961 94660 69880 133100 63370 129060 88860 109791 88811 65620 102750 89731 87451 81280 92460 108600 44270 113400 113630 92470 161412 94980 139820 123850 83061 126360 57200 48110 115892 22461 96430 82300 102040 106130 93780 150880 62590 63590 95830 32250 66721 139210 50310 95270 122971 168081 99900 101450 104671 75550 100920 97481 146720 139112 31540 112750 128940 65400 0 85880 38760 30790 98721 136310 113390 108700 90152 113300 115601 161331 129750 51520 118370 
49220 12840 38940 127221 75540 24990 102300 26020 90641 58860 117120 116531 49370 33950 98430 99280 5530 45650 40590 80390 36770 92980 11010 139410 33170 66120 39730 98161 74671 56900 53200 98200 88590 59730 54980 74140 85220 72570 66760 31670 51170 69860 115610 86400 67770 113200 55130 120610 137760 79570 17640 120660 68330 61750 123591 62600 118330 115260 44320 54480 65810 85790 0 59320 71060 99960 80690 33130 88370 85770 30290 115970 131930 46770 68630 90420 
77410 52050 28160 130970 99720 39510 135140 33610 131100 90220 130440 117600 27620 86190 109550 109020 54640 56810 92700 59890 92920 118660 63040 166190 82690 123250 97970 107380 123450 19400 44850 123880 52520 93520 44300 104080 109670 97020 124660 31080 25590 97870 69400 85690 123530 81010 90930 138020 171961 104020 74110 131660 83650 97970 127490 120840 144430 65380 97070 111610 72570 38780 59240 0 44220 113210 133540 90260 114050 104810 87420 132340 165211 104970 19650 120410 
47690 67800 61310 83150 64920 63440 103360 51190 99320 59120 89440 71000 66670 74780 65800 63520 66390 88730 80630 16720 85430 83890 78180 132301 67010 111850 106350 61320 96620 62710 20150 88790 19250 66690 83350 72300 76390 64040 124850 57340 65240 66090 49070 42520 109540 43910 65530 97310 138101 70160 86560 84770 45810 71180 79670 120690 110001 55080 84780 100970 35660 30690 70990 44220 0 72540 106570 85420 78960 64140 86410 91630 131351 101780 62210 88630 
51110 108380 118020 46110 29330 114980 54880 105510 64100 46440 18420 40580 127220 78031 11770 14310 98770 142350 76340 58690 85311 32230 110670 76750 74770 93450 112611 22820 71640 127210 71280 31600 76450 53380 143740 46280 29490 34780 123210 112570 129020 43590 105021 33060 87110 73700 54390 25020 84600 26650 110570 21960 34920 57050 42480 119050 54450 112221 78730 94670 46361 98331 99720 113580 72830 0 79950 87641 29800 17280 90471 19710 77850 100480 129540 48860 
59490 89830 113450 120800 57180 101050 33840 99870 19090 49140 95630 110090 123880 47670 86590 89310 81410 121590 42490 96590 44590 48170 84790 67030 54441 22690 63680 91720 12230 131410 90970 52030 118910 40020 132110 35410 54560 50200 53070 106180 125680 42750 148971 86390 16910 130580 44660 85380 59180 55410 73510 100090 68820 42790 117170 49040 55400 156171 38300 30600 74240 136190 79480 133170 106550 79920 0 47220 53570 68550 51240 88270 53350 45950 142480 32060 
45630 43440 69650 122751 62291 55630 71740 57870 60081 43271 104831 112041 80080 10530 89091 91811 37760 74660 12470 84550 3880 73140 38280 107030 19440 33300 25420 93541 44111 87610 65770 78730 102540 37420 85050 51160 65380 56841 42490 62380 81880 48480 132360 81770 34930 122030 35571 107100 105311 64040 27440 109181 64200 35690 119121 38330 88340 138370 13210 21660 64890 112860 33490 91170 85010 87611 48010 0 70140 72521 4460 102691 98970 19020 99630 60640 
39850 97120 110000 74110 16850 105130 31260 97210 37710 32900 46950 63400 119200 62051 35530 38700 87510 131090 57850 68560 67840 5450 99410 54420 59650 67060 95610 45030 46040 122260 68770 10350 87371 33410 135720 24570 4970 17630 103420 104550 121000 23620 115942 45910 60720 91040 37730 40080 60980 10010 95061 51410 37440 37080 70480 99260 32120 123142 58940 73380 45700 109240 88460 114200 79600 30230 53560 70310 0 20860 73140 42600 54230 80690 127910 22470 
37110 94380 105550 54320 14350 102390 50730 93040 57560 31450 35240 43610 114750 63041 20110 22830 84770 128350 61350 49580 70321 25390 96670 72880 59780 81010 97621 25240 58520 117390 61390 26830 67601 38410 131270 33160 20290 19790 108220 100100 116550 30310 96172 26120 74670 71250 39400 38180 80450 14640 95860 38780 22830 42440 50690 104060 50580 103372 63740 79910 34770 89482 85720 104470 63720 17210 68340 72651 20900 0 75481 33540 73700 85490 119720 42410 
47650 39840 66050 124931 65341 52030 76140 54270 64481 46321 107881 114241 76480 13580 92141 94861 34160 71060 15520 86570 8280 76190 34680 111560 21270 37030 23310 95561 48511 84010 67090 81780 103860 40470 81450 54210 68430 59891 43190 58780 78280 51530 133680 83790 38680 124050 38621 110150 109711 67090 23390 112231 66220 38740 121301 39030 93390 139690 17610 25390 66910 113410 29890 87570 86330 90661 52410 4640 73190 75571 0 105741 103881 21160 96030 65040 
67200 124470 137240 42550 44430 132480 57680 124560 72290 61540 13940 37020 146440 93131 28200 30740 114860 158440 91440 76560 100411 41690 126760 77100 89870 101970 127711 39250 80660 146100 90170 38070 94140 67590 162960 60150 41380 49170 138310 131790 148240 57800 121310 50740 95340 85300 69490 11110 85510 40860 126141 18400 53810 71260 38920 134150 54750 129030 93120 108880 65251 116021 115810 132470 91720 19650 88180 102741 41690 33720 105571 0 78760 114870 148430 57090 
91041 140950 161191 114560 70340 151070 35340 148170 39560 80051 85950 109030 170391 95341 85380 88550 131150 174430 89661 121251 94990 49600 136590 26610 100511 72840 115030 97060 56710 173451 119961 48450 139681 75960 183540 65800 57210 68081 102280 155741 172191 70501 168252 98090 67100 143220 80490 73730 7070 63500 125730 90410 90131 79430 110930 98250 36720 175452 86841 80750 98391 161562 130890 165391 132291 77250 52830 97620 54010 73490 102650 78590 0 95750 179101 47601 
61150 56790 83780 136181 75300 69760 74390 71940 60090 56701 118261 125471 94210 27000 102521 105241 51530 82350 25670 100070 18170 83620 49410 111150 36080 27000 20000 107101 45270 101740 82550 87480 119320 48110 95460 61850 76070 68080 26130 76510 96010 59170 149140 95520 29850 137550 48650 117790 101480 74730 36830 122420 77950 46380 132551 21970 93800 155150 23290 16220 80350 129640 46840 105240 101790 100850 45990 18980 80830 85951 21000 116121 96410 0 113760 67510 
88430 56640 30750 146550 112020 44400 147440 41340 142270 101240 143920 133270 26010 93920 123030 122500 62370 54710 100430 75560 100650 130030 67630 177560 90420 130500 102910 120860 133831 14740 57620 135250 67710 104540 41190 116380 121970 109320 129210 35840 21720 110170 78130 101360 131260 96200 101950 151500 183331 116320 78700 145140 96420 108990 143070 128100 155800 73310 104800 118860 85340 50580 66970 17440 59890 126690 141870 97510 125420 117580 94670 145820 176581 112220 0 132710 
47220 99660 117250 92480 30950 108280 15660 102710 16420 34030 63870 83860 126450 57700 55660 58830 90050 135370 52020 78520 58680 16410 97890 48930 58140 45830 84480 65490 24810 129510 76320 20270 100840 31360 140160 20760 23750 25860 83660 111800 128250 24480 130892 63420 39490 109670 35890 53990 53661 28460 88340 68330 47910 34830 88850 79270 27900 138092 49200 52150 56170 118440 90870 120470 88800 48160 32330 61340 21810 41790 65360 56510 46911 67360 135160 0 

0 Ciudad_0 0 0 32400 0
1 Ciudad_1 730 14787 18192 1460
2 Ciudad_2 508 8660 12572 1016
3 Ciudad_3 110 19502 23635 220
4 Ciudad_4 680 8095 10622 1360
5 Ciudad_5 118 27154 29592 236
6 Ciudad_6 456 6352 9352 912
7 Ciudad_7 401 7645 10670 802
8 Ciudad_8 704 9927 12272 1408
9 Ciudad_9 603 8759 12862 1206
10 Ciudad_10 134 15010 17527 268
11 Ciudad_11 446 11136 14235 892
12 Ciudad_12 146 11145 15831 292
13 Ciudad_13 714 20753 24683 1428
14 Ciudad_14 482 9360 14033 964
15 Ciudad_15 581 7627 10465 1162
16 Ciudad_16 284 6716 10201 568
17 Ciudad_17 128 8597 11638 256
18 Ciudad_18 252 2019 6655 504
19 Ciudad_19 257 10388 13399 514
20 Ciudad_20 318 8342 10645 636
21 Ciudad_21 778 14277 16802 1556
22 Ciudad_22 184 17068 21165 368
23 Ciudad_23 197 18222 22532 394
24 Ciudad_24 650 9477 12976 1300
25 Ciudad_25 250 20078 23280 500
26 Ciudad_26 317 13545 16064 634
27 Ciudad_27 779 23249 27006 1558
28 Ciudad_28 497 7027 11151 994
29 Ciudad_29 492 12371 16085 984
30 Ciudad_30 808 3071 6900 1616
31 Ciudad_31 388 6159 9099 776
32 Ciudad_32 285 4884 7619 570
33 Ciudad_33 177 20575 23285 354
34 Ciudad_34 498 9908 11944 996
35 Ciudad_35 788 18713 22128 1576
36 Ciudad_36 337 23075 26128 674
37 Ciudad_37 231 22399 25866 462
38 Ciudad_38 462 8199 11571 924
39 Ciudad_39 176 6432 8906 352
40 Ciudad_40 183 3923 7053 366
41 Ciudad_41 632 21093 25862 1264
42 Ciudad_42 717 19296 23156 1434
43 Ciudad_43 176 5807 10545 352
44 Ciudad_44 775 14515 16610 1550
45 Ciudad_45 708 23255 26976 1416
46 Ciudad_46 454 10120 15064 908
47 Ciudad_47 621 17738 20917 1242
48 Ciudad_48 814 16231 18813 1628
49 Ciudad_49 570 1284 6275 1140
50 Ciudad_50 776 13351 17902 1552
51 Ciudad_51 191 10599 14439 382
52 Ciudad_52 645 4523 7751 1290
53 Ciudad_53 762 12283 15919 1524
54 Ciudad_54 639 21939 23963 1278
55 Ciudad_55 210 21395 24807 420
56 Ciudad_56 663 7106 11833 1326
57 Ciudad_57 447 13949 16635 894
58 Ciudad_58 663 26225 28813 1326
59 Ciudad_59 249 16417 20987 498
60 Ciudad_60 440 19605 24362 880
61 Ciudad_61 794 22738 26287 1588
62 Ciudad_62 137 15887 20779 274
63 Ciudad_63 538 15729 20049 1076
64 Ciudad_64 191 23872 26429 382
65 Ciudad_65 760 7725 11699 1520
66 Ciudad_66 323 5684 9281 646
67 Ciudad_67 268 4228 7822 536
68 Ciudad_68 418 16709 19829 836
69 Ciudad_69 829 5449 7756 1658
70 Ciudad_70 537 24765 28045 1074
71 Ciudad_71 357 9649 11830 714
72 Ciudad_72 397 14641 17422 794
73 Ciudad_73 660 13765 17299 1320
74 Ciudad_74 182 22364 26538 364
75 Ciudad_75 370 26612 29606 740

0 0.0777154 -0.0981661 -0.0737559 0.0347604 -0.0779907 0.00675518 0.0354616 0.0864811 0.0718099 0.0984041 -0.0149864 0.0213755 -0.0481162 0.079554 0.0219642 0.0994536 -0.0917804 -0.0062166 0.038518 -0.0843101 -0.0904423 0.00811712 0.0458833 0.0001722 0.0744977 -0.0651697 -0.0938237 -0.0631553 0.0590373 -0.0867701 -0.00348268 -0.0337142 0.0722933 0.0658491 0.0154598 -0.00959615 0.0348733 0.0444207 0.053149 -0.0610359 -0.0650502 -0.0913862 0.00168554 0.023506 0.00350107 0.0145073 0.015759 -0.0764902 0.0354408 0.00468334 -0.0760506 0.0326065 -0.0467352 0.0499169 0.0655833 -0.0451454 0.0991661 -0.0300804 0.0559844 0.0466454 -0.0415666 0.0733801 -0.0139407 -0.00693062 0.0601139 0.0035778 0.0256586 0.0502004 0.0483364 -0.0322255 -0.0147445 -0.0591519 0.0195632 -0.0527918 -0.00714164 
-0.0777154 0 -0.0416893 0.0431336 0.0465823 0.0687737 -0.0361488 0.0683981 -0.0730184 0.0975871 0.0836172 0.00587026 0.00626016 -0.0350331 -0.00782134 0.0551103 -0.0543297 0.00927381 0.0788142 -0.0918831 -0.0207737 -0.0621635 0.0573047 -0.0300665 -0.072845 0.0794948 -0.0310064 -0.0250291 0.0406584 -0.0099752 -0.057976 -0.0389531 0.0496836 0.0459612 -0.0236955 -0.0466291 0.0184867 -0.0837312 0.0582372 -0.0155652 0.0153183 0.017692 0.0468888 0.0315223 -0.0753213 -0.0580508 0.0665848 -0.077452 0.0287226 -0.0451631 -0.048387 -0.0570688 -0.0750172 0.0422813 0.00282271 0.0205451 0.0977198 -0.0730687 0.0146671 -0.0130008 0.00282796 -0.0337227 -0.0133478 -0.0689576 -0.024051 0.00500542 0.0101075 0.00796871 0.00125088 0.0862364 -0.0396013 0.0242819 0.0642372 0.0235145 -0.0493107 -0.0492867 
0.0981661 0.0416893 0 0.0722668 0.0708321 -0.0135236 -0.0737319 -0.0297772 0.0605384 0.0227193 0.0219249 0.0934645 -0.0817631 -0.0365187 -0.00742913 -0.0507403 0.0580416 0.0824122 -0.0825319 -0.0323306 -0.0479201 0.0296898 -0.0626666 0.045863 -0.00418763 0.0638709 0.0301492 0.0847779 0.0908381 0.025145 -0.0484267 0.0380068 -0.0791746 0.0308837 0.053889 0.0709298 -0.0842779 0.0286951 0.0664145 -0.0855863 0.0559222 -0.044662 -0.0751541 0.030452 0.0282912 0.0113415 -0.056092 -0.0946245 -0.0504739 -0.0859634 -0.0313093 0.0189944 -0.0339346 0.0893959 0.0726613 0.082879 -0.0635782 -0.0498169 -0.00785862 0.0451858 -0.0717386 0.00102687 -0.0662604 0.0239561 0.0335275 -0.000579793 0.0598294 -0.00557219 0.0748728 0.0122342 0.0884501 0.0866783 0.064145 0.0505582 -0.051187 0.00237137 
0.0737559 -0.0431336 -0.0722668 0 0.0682584 0.0334362 0.0471289 0.0556685 0.0671791 0.0255983 -0.0320397 -0.0490364 -0.0039811 0.0310018 -0.074921 -0.0752577 -0.0218154 0.0499833 -0.0283986 -0.0953909 -0.0379044 0.0931358 -0.040862 0.0760691 0.0234107 -0.0985351 0.0993894 0.0968537 -0.0293761 -0.0419486 0.0984435 -0.0997249 0.0996407 -0.0714533 -0.0168695 0.0232846 0.0845598 0.0959166 -0.0970031 -0.0648637 0.094465 0.019209 0.0231486 0.0961122 -0.0613269 0.0459335 -0.00850049 -0.0438214 -0.0129199 -0.0131094 0.0801548 0.0561857 0.051468 0.0832582 -0.0723746 -0.0507819 0.0843359 -0.06569 -0.0471777 -0.0866457 0.0823963 -0.0622281 0.0366794 -0.0725034 -0.00302645 -0.0271944 0.0683783 0.0266203 0.011754 -0.0851363 -0.00826723 -0.0438427 0.0657092 0.0202732 0.0788318 -0.0414676 
-0.0347604 -0.0465823 -0.0708321 -0.0682584 0 0.0859095 0.0873183 -0.0326802 0.0749388 0.0438638 -0.0606375 0.0617463 -0.0914108 0.0755162 0.088254 -0.0348863 0.024766 -0.0478237 0.0405118 0.0319129 0.0560432 0.00324627 0.0978727 0.0219687 0.0602452 -0.083307 0.0193748 0.0663696 -0.0937551 -0.0898499 0.0152722 -0.0229814 -0.00690249 0.0181763 -0.0846102 0.0714154 -0.0526182 -0.0266313 -0.0485202 -0.0768702 0.0148339 -0.0636357 0.0209329 0.0552653 -0.0456438 -0.0800588 0.0119865 -0.019352 -0.0678087 0.0158938 -0.0859775 -0.0328983 -0.037145 0.0381534 -0.0274411 0.0619884 0.0425911 0.0468762 -0.0547121 -0.0234029 0.0493837 0.00993051 -0.0158916 0.0669865 -0.00594242 0.0534536 -0.0250357 -0.078477 -0.0165169 -0.0402243 -0.0348705 -0.0424549 -0.0640503 -0.0152937 -0.0666462 -0.0195666 
0.0779907 -0.0687737 0.0135236 -0.0334362 -0.0859095 0 -0.0900889 0.00418441 0.0774791 -0.0144719 -0.079615 -0.0219364 0.0305102 -0.0604562 -0.0893208 0.0536582 -0.0358629 -0.0221684 -0.0237428 -0.00444322 0.0841221 -0.0645551 -0.0473736 -0.0186591 -0.0477228 0.0664014 -0.0718936 -0.0527069 0.00570772 0.0578848 -0.0953465 -0.0103292 0.0733357 0.0390043 -0.0100383 0.0865283 -0.0920409 -0.0147897 -0.0375767 -0.0171687 0.0661612 0.0539958 0.0664631 0.0251057 -0.0908778 -0.0713486 -0.0573193 0.0660272 -0.0493119 0.0197489 0.0969313 0.0267766 0.0734557 0.0710883 -0.0556974 0.0991679 0.0760314 -0.0339886 0.0590336 -0.0536373 -0.0725213 0.0521181 -0.0923993 0.0258 -0.0662387 -0.0682144 0.0787025 -0.0703308 -0.0900235 0.0344539 -0.0553185 -0.0860476 0.0563256 -0.0926436 0.0274606 -0.0828765 
-0.00675518 0.0361488 0.0737319 -0.0471289 -0.0873183 0.0900889 0 -0.0437427 -0.0284884 -0.0418433 0.00528562 0.0277634 -0.0777767 -0.0344133 -0.0388158 -0.0741222 -0.0730456 -0.0911358 -0.0924768 -0.00421956 -0.0487284 0.0330348 -0.094399 -0.0689765 -0.00677092 -0.0567426 0.0345612 -0.0726278 0.00069424 -0.0194502 0.044723 0.0399193 0.0361024 -0.0798167 0.0999341 -0.0642631 -0.0459028 0.0496444 -0.0376913 0.0822363 0.00929615 -0.0163072 -0.0560239 0.00418016 0.08323 -0.068436 0.0823297 -0.0163233 0.026301 -0.0881529 -0.0142125 -0.0720482 -0.0354679 -0.0547852 0.0309654 -0.0514104 0.0335616 0.00503254 0.0186096 -0.0375767 0.0768201 0.0936231 -0.0128227 0.0765749 0.00378311 0.0195785 -0.0796777 0.0194444 -0.0248482 -0.0744659 0.0978762 0.0772735 -0.0323769 -0.0119927 0.0211528 -0.0236425 
-0.0354616 -0.0683981 0.0297772 -0.0556685 0.0326802 -0.00418441 0.0437427 0 0.0761286 0.0269747 0.0473589 -0.0243913 0.0966499 -0.0865971 0.0711399 0.0694762 0.0982592 0.0442817 -0.0093005 0.0839931 -0.0927422 0.00199706 0.0482003 -0.0782597 -0.00501936 -0.056057 -0.0558338 0.0519246 0.0190884 -0.0866138 0.0298078 -0.0856771 0.0735386 0.0966387 -0.0515917 -0.00231977 0.0395183 0.0269357 0.0817804 0.0298226 0.0534067 -0.0142415 -0.0595233 0.0780899 0.044219 0.0324442 -0.00963286 -0.0148099 0.0990245 0.0990699 0.041035 0.0693659 -0.050616 -0.0351424 -0.039557 0.00230367 0.0125655 0.0065087 0.0693821 0.0388674 -0.0636815 0.0342967 -0.0985415 0.0581434 0.0516689 -0.0498537 -0.0833739 -0.0353895 -0.0249576 -0.0849781 -0.0837731 -0.0078717 -0.0210391 0.0179478 0.0207831 -0.0708607 
-0.0864811 0.0730184 -0.0605384 -0.0671791 -0.0749388 -0.0774791 0.0284884 -0.0761286 0 0.0291056 -0.0444041 -0.0604693 -0.0175384 -0.0658249 -0.0918362 -0.0660507 -0.089086 0.0521565 -0.00564055 -0.0469332 -0.0470696 -0.0159397 0.0910278 -0.0238901 -0.0182014 -0.0130222 -0.0530926 -0.0407783 0.0215592 0.0226814 -0.0196626 0.032591 -0.0787434 -0.0284903 0.0858176 -0.0611691 0.0320441 0.0451355 -0.0367899 -0.015094 -0.0283138 -0.00531841 0.0900185 0.0341946 0.0361879 0.0973968 -0.0735688 0.086424 0.0235304 -0.0430364 0.0417378 0.0912993 -0.0892822 0.0880353 0.0300568 -0.0992619 -0.0269823 0.0879762 0.0814412 -0.0869136 0.0416854 0.0270383 0.0557976 0.0542884 0.0670625 0.041584 -0.0318445 -0.0492067 0.00662003 -0.0235412 0.0388445 0.0264705 -0.0665867 0.067841 -0.0353239 -0.0804185 
-0.0718099 -0.0975871 -0.0227193 -0.0255983 -0.0438638 0.0144719 0.0418433 -0.0269747 -0.0291056 0 -0.0379318 0.0221902 0.0215431 0.0758444 -0.061838 -0.0715547 0.045899 0.0593699 -0.0215977 0.0342192 -0.0661531 0.0699503 -0.00038909 0.00744988 0.0639812 0.0715868 0.00392178 -0.0208962 -0.032623 -0.082745 -0.0372008 -0.0949384 0.0244089 0.0523703 0.0213563 -0.0449983 0.0485091 -0.096087 0.0651582 0.0270339 0.0238032 -0.0554235 0.057821 0.0544389 -0.068523 -0.0697641 -0.0137799 0.0329937 -0.00433085 -0.0258729 -0.00750533 -0.0709043 0.0573157 0.00810554 -0.0316267 0.0491247 0.0715262 -0.0403765 0.0270884 0.0230347 0.058852 -0.0760135 -0.0905419 -0.0704193 0.0554917 -0.00374981 -0.00350476 0.00430683 0.0174266 0.0243631 -0.0242923 0.0359154 0.0893209 0.0891638 0.0313231 0.0652502 
-0.0984041 -0.0836172 -0.0219249 0.0320397 0.0606375 0.079615 -0.00528562 -0.0473589 0.0444041 0.0379318 0 0.0406698 -0.00366369 -0.0798391 -0.0171955 0.0452824 0.0571731 0.054343 -0.0954928 -0.0870256 -0.0965443 -0.0815815 -0.0335762 -0.0511647 -0.0955656 -0.0604958 0.0469672 0.0789341 0.00611542 0.014226 0.0246118 -0.0793247 -0.0357618 -0.0961906 -0.0964869 0.00339123 -0.0719534 0.0943702 0.0719364 -0.0193112 0.0857125 -0.0395371 0.0213586 0.0998349 -0.045293 0.0987129 0.0524089 0.0131093 0.0910121 -0.017279 -0.0138225 0.0140881 0.0757823 0.0770418 -0.040079 -0.0361921 0.0151209 -0.0707515 -0.0108518 0.087025 -0.0577367 0.0599306 -0.0110297 0.0240858 -0.0940191 -0.0939313 0.012725 -0.0676629 -0.0180682 -0.0632431 -0.0352663 0.0741322 -0.0431165 -0.0943347 0.0462976 0.00492671 
0.0149864 -0.00587026 -0.0934645 0.0490364 -0.0617463 0.0219364 -0.0277634 0.0243913 0.0604693 -0.0221902 -0.0406698 0 -0.0513359 0.0123274 0.0503669 0.0493906 -0.0214436 -0.0733854 -0.0781481 -0.0380939 0.0824231 -0.0452491 0.0144303 -0.0165989 -0.0424956 -0.024852 0.0701745 0.0943613 -0.0564402 -0.0772649 0.04568 0.0584712 -0.0784303 -0.0661082 -0.0923142 -0.0523153 0.0209716 -0.0386857 0.0168149 -0.0371477 0.0137662 -0.0527738 -0.0268236 -0.0307299 -0.0945862 0.0972315 -0.0471221 -0.0748612 0.00555596 0.0340716 -0.0174419 0.0216689 0.0884173 -0.0127942 -0.0112697 -0.010946 0.0961455 -0.0599723 0.0013292 -0.0471248 0.0705703 0.0623103 -0.0919475 0.0612907 0.00581963 0.0334309 0.0066835 0.0243981 0.00317864 -0.0415279 0.0651209 -0.0970229 0.0825238 -0.0385593 0.0370398 -0.0220231 
-0.0213755 -0.00626016 0.0817631 0.0039811 0.0914108 -0.0305102 0.0777767 -0.0966499 0.0175384 -0.0215431 0.00366369 0.0513359 0 0.0657961 -0.0462899 -0.0783642 0.091702 -0.0128008 0.0950973 0.0179452 -0.0313634 0.0987258 -0.0675414 0.0738463 0.0140254 -0.0177462 -0.0285266 -0.0515912 -0.0910412 0.0035329 0.0730862 0.0251268 0.0810738 1.90607e-05 0.0125119 -0.093778 0.0521048 0.0882376 -0.0051688 0.0659142 0.0168321 0.00984698 -0.0500555 0.0361335 0.0969722 0.0438361 -0.0175788 0.0821415 0.0940846 -0.0531769 0.0916761 0.0968993 0.0615601 0.0574214 0.086507 0.0183913 -0.0571891 0.0674823 -0.0357457 -0.0263621 0.0209612 -0.0806995 0.0494937 0.0938985 0.0258946 0.0705142 -0.00355921 0.0614796 -0.0993612 -0.00687826 -0.041392 0.0655274 0.0339471 -0.00782479 -0.00709666 -0.064418 
0.0481162 0.0350331 0.0365187 -0.0310018 -0.0755162 0.0604562 0.0344133 0.0865971 0.0658249 -0.0758444 0.0798391 -0.0123274 -0.0657961 0 -0.04251 0.0582785 0.0369023 -0.0686402 -0.0915144 -0.0202284 0.00803499 0.0452428 -0.0205835 0.0134221 0.0261488 -0.0400905 0.0094831 -0.0448754 -0.0476497 -0.0339175 -0.0540212 0.0626351 -0.0392265 -0.0398659 0.0293945 0.0601602 0.048457 0.0544142 0.00880264 0.0647467 -0.0484162 0.0827688 0.0469683 0.0968188 0.0031414 -0.000957388 -0.0689406 0.0494347 -0.0462307 -0.0953672 -0.043132 0.00731915 -0.0226096 0.0192122 -0.0958102 0.0571829 0.0813017 -0.0251665 -0.0678778 0.0625925 0.00358054 0.0269743 0.0302968 -0.0814468 0.0397658 0.0118473 -0.0746458 0.0810491 0.0284005 0.00521834 0.00740449 0.0124585 0.0456055 -0.091692 -0.00681116 -0.0199419 
-0.079554 0.00782134 0.00742913 0.074921 -0.088254 0.0893208 0.0388158 -0.0711399 0.0918362 0.061838 0.0171955 -0.0503669 0.0462899 0.04251 0 -0.0328503 -0.0478788 -0.0700021 -0.0283093 0.0787137 0.0410154 0.0968967 -0.00176429 0.0242304 -0.0123318 0.0245663 0.00702446 -0.0347652 -0.0585235 -0.0309947 0.0612144 -0.0519699 -0.0156877 0.0850716 0.0116579 0.0535792 0.0723157 0.0277212 -0.0540273 -0.0677855 -0.0361581 0.0754442 -0.0716993 -0.088377 0.0576598 0.0894808 0.0323991 -0.0328985 0.0358615 0.0744799 0.0450673 0.0784476 -0.0764653 0.0120283 -0.0829374 0.0246743 0.0887539 -0.0794828 0.032411 -0.00948921 0.0750022 -0.0969416 -0.059381 0.0134652 0.0849392 -0.0187744 -0.0361544 0.0152737 -0.061737 -0.0292896 -0.0794358 -0.0815789 0.00224431 0.0448371 -0.00667833 -0.0138302 
-0.0219642 -0.0551103 0.0507403 0.0752577 0.0348863 -0.0536582 0.0741222 -0.0694762 0.0660507 0.0715547 -0.0452824 -0.0493906 0.0783642 -0.0582785 0.0328503 0 -0.0466258 -0.0954357 -0.0252142 0.0372044 -0.051635 0.0445068 -0.0995894 0.000144637 0.0153433 0.0849172 0.0412308 -0.0966673 0.064635 0.0218363 -0.00826331 0.0424736 0.0633534 0.0715898 0.0524349 0.0120391 0.0663659 0.0755394 -0.0759144 -0.0714229 0.0694273 0.0252722 0.0692877 0.0397923 -0.0482641 -0.0113204 -0.0103982 0.0696873 -0.067863 0.0288007 0.00482464 0.0349089 -0.0967977 -0.00957931 0.023447 0.0587215 0.0760098 0.0723914 0.0515074 0.0158466 0.0245954 -0.00699156 0.0590076 0.083398 0.0723697 -0.0793143 0.0384877 0.066195 -0.064568 -0.0195657 -0.0506628 0.088259 -0.0877592 0.0805555 -0.0518667 -0.0924196 
-0.0994536 0.0543297 -0.0580416 0.0218154 -0.024766 0.0358629 0.0730456 -0.0982592 0.089086 -0.045899 -0.0571731 0.0214436 -0.091702 -0.0369023 0.0478788 0.0466258 0 -0.0775246 0.0571741 0.0254441 0.0164328 0.0980709 0.0409268 -0.0526693 0.049424 0.0268488 0.0926162 -0.00459201 0.0741345 0.0871468 -0.0494156 -0.0820855 -0.028525 0.0583742 -0.0529675 -0.0166296 -0.0670179 0.0441834 -0.0525992 -0.0752592 0.00937298 0.0184429 0.0989529 -0.0279316 -0.03369 0.0387827 -0.0279441 -0.0223318 -0.0416967 -0.00446367 0.0682055 0.00273374 -0.0633822 -0.0495556 0.0225786 -0.0855908 -0.0299604 0.0534944 -0.0865738 -0.0403927 -0.0437847 0.0554632 0.0189085 0.0258752 -0.0687993 0.0291661 -0.0330979 0.0287307 0.00521824 0.0651455 -0.0879026 -0.0941729 0.0899618 0.059258 -0.00310013 0.0205191 
0.0917804 -0.00927381 -0.0824122 -0.0499833 0.0478237 0.0221684 0.0911358 -0.0442817 -0.0521565 -0.0593699 -0.054343 0.0733854 0.0128008 0.0686402 0.0700021 0.0954357 0.0775246 0 0.00456022 0.0759016 0.0581497 0.0646083 0.011466 0.0703839 -0.00441697 -0.0551674 0.0640084 0.0848988 0.0940609 -0.0481304 -0.0266043 0.0445755 -0.0234202 -0.0628605 0.0638176 -0.0107741 -0.0379109 -0.0662566 -0.0498961 0.0580015 -0.00409472 0.0457348 -0.0594202 -0.0542001 -0.0644213 -0.0987403 -0.0964569 0.0377807 0.04191 0.0343108 0.0335324 0.00913338 -0.0609798 -0.051295 -0.0758511 -0.0986362 0.0121571 0.0883823 0.0785089 -0.00289266 0.00718803 0.00317843 -0.0753589 -0.0385745 0.0759357 -0.0343846 -0.000719474 0.0902804 -0.0223068 0.0766305 -0.0392597 -0.0453205 -0.0568986 0.0522761 -0.0328908 0.0923033 
0.0062166 -0.0788142 0.0825319 0.0283986 -0.0405118 0.0237428 0.0924768 0.0093005 0.00564055 0.0215977 0.0954928 0.0781481 -0.0950973 0.0915144 0.0283093 0.0252142 -0.0571741 -0.00456022 0 -0.0656771 0.029197 0.00991432 0.0830597 0.0719035 -0.017029 0.0782025 -0.0248981 0.0543486 -0.0355677 0.0335138 0.00643239 0.0900208 0.0329584 0.0876379 0.0971373 0.0714036 -0.0757609 -0.0741232 -0.00434871 -0.00687446 -0.00346568 0.000868348 0.0923553 0.0906613 -0.0820364 -0.00969241 -0.00646744 0.0642078 0.0191102 0.0440266 -0.0689017 0.0418507 -0.0661412 -0.0873285 0.061244 0.085439 0.0517391 -0.00149941 -0.027351 0.0420125 -0.0146555 -0.0761816 0.00983622 0.0407279 -0.0422426 -0.0832016 -0.042493 -0.0756738 -0.0956045 0.0422986 -0.0515427 0.000225537 -0.0467444 -0.0831679 -0.00993764 0.0479182 
-0.038518 0.0918831 0.0323306 0.0953909 -0.0319129 0.00444322 0.00421956 -0.0839931 0.0469332 -0.0342192 0.0870256 0.0380939 -0.0179452 0.0202284 -0.0787137 -0.0372044 -0.0254441 -0.0759016 0.0656771 0 -0.0956898 -0.0271186 0.00181764 -0.00646939 -0.0835404 -0.0637668 -0.0903503 -0.0630149 -0.0311331 0.0937657 0.081261 -0.0677823 0.0911541 0.0628346 0.0977431 0.0889845 0.0782432 -0.0514595 -0.0391703 -0.00847992 0.0695435 -0.0306318 0.0772658 -0.0489265 -0.0233328 0.0104149 -0.0374203 -0.00739054 0.00714991 -0.0785861 0.0432411 -0.0472769 -0.0965021 0.0240137 0.0653472 0.0265937 -0.0292292 -0.0603596 0.0843654 -0.0888898 -0.0678136 -0.0276167 -0.0108884 -0.0500702 0.0690954 -0.0696416 -0.0854118 0.0925532 -0.0199167 -0.0916341 0.0888623 0.0479986 -0.030088 0.0994769 -0.0852971 0.0824549 
0.0843101 0.0207737 0.0479201 0.0379044 -0.0560432 -0.0841221 0.0487284 0.0927422 0.0470696 0.0661531 0.0965443 -0.0824231 0.0313634 -0.00803499 -0.0410154 0.051635 -0.0164328 -0.0581497 -0.029197 0.0956898 0 -0.077004 -0.0370591 -0.0407265 0.0632975 -0.0685155 -0.05415 -0.0851197 0.0210334 -0.0367052 -0.0534701 0.0998444 0.0806954 0.0121315 -0.0660705 -0.00724893 -0.0198346 -0.0419758 0.00388807 0.0977061 -0.0302113 0.0396851 -0.0166443 0.0269729 -0.00273534 0.0165437 -0.0214757 -0.0507917 -0.0563018 -0.0804504 0.0105912 -0.058237 0.0123514 0.0830509 -0.070507 -0.0599397 -0.084978 0.0850976 0.0074491 0.0332969 -0.0363409 0.0619432 0.0881353 0.0436782 0.00517809 -0.0556349 -0.0503874 0.0751909 0.0479522 0.0102362 -0.0439021 -0.0397234 -0.0270274 0.0733572 -0.053713 -0.0174492 
0.0904423 0.0621635 -0.0296898 -0.0931358 -0.00324627 0.0645551 -0.0330348 -0.00199706 0.0159397 -0.0699503 0.0815815 0.0452491 -0.0987258 -0.0452428 -0.0968967 -0.0445068 -0.0980709 -0.0646083 -0.00991432 0.0271186 0.077004 0 0.0102267 0.0268632 0.0931221 0.0982493 0.054536 -0.0972578 0.0337525 0.0864956 0.0182477 0.0845118 0.0979422 0.0574035 -0.0229864 0.0488179 0.0640047 -0.00390781 -0.0804666 -0.0734163 0.0868304 0.0654111 0.0721939 0.0132506 -9.78628e-05 0.0586189 -0.0485413 0.0268335 0.0280952 0.0109615 -0.0448074 0.0254198 0.0290731 0.0727839 -0.0959632 0.016126 -0.059433 0.0862407 -0.0765223 0.0450371 0.0311383 0.0915123 0.0925874 -0.0652788 -0.0447575 0.00425212 -0.00393876 0.0364463 -0.0351025 0.090676 0.0496117 -0.052422 0.0478037 -0.0010856 0.0395301 0.0247585 
-0.00811712 -0.0573047 0.0626666 0.040862 -0.0978727 0.0473736 0.094399 -0.0482003 -0.0910278 0.00038909 0.0335762 -0.0144303 0.0675414 0.0205835 0.00176429 0.0995894 -0.0409268 -0.011466 -0.0830597 -0.00181764 0.0370591 -0.0102267 0 0.0343756 0.0560801 0.0839653 0.0944805 -0.0169998 -0.0421481 0.0758504 0.0941494 0.0807735 -0.00683155 0.00923525 0.00712753 -0.0408981 0.0453328 -0.0237869 -0.0902593 -0.0183536 -0.0177172 -0.0560736 0.0301503 0.0388901 -0.0504542 0.0677629 0.0208215 0.0156213 -0.0314512 -0.050107 0.0489225 0.0322331 0.0419069 0.0467799 -0.0875848 -0.0142097 -0.0662251 0.0358644 -0.0939402 -0.0935131 0.00858467 0.00511064 0.0504455 -0.0367297 -0.0657717 0.05711 -0.0687938 0.0912551 -0.00508201 0.0404903 -0.0126899 0.0347354 -0.0469486 -0.0381995 -0.0697224 0.0777862 
-0.0458833 0.0300665 -0.045863 -0.0760691 -0.0219687 0.0186591 0.0689765 0.0782597 0.0238901 -0.00744988 0.0511647 0.0165989 -0.0738463 -0.0134221 -0.0242304 -0.000144637 0.0526693 -0.0703839 -0.0719035 0.00646939 0.0407265 -0.0268632 -0.0343756 0 -0.0232495 0.0607929 -0.0129334 0.0790426 -0.0512394 -0.0931889 0.0779415 0.071153 -0.0206007 -0.00477535 -0.0923079 -0.0425687 0.0439723 0.0937352 0.0857167 -0.00194717 0.0734399 0.0639029 0.0857019 -0.0473328 0.0597079 0.0688484 -0.0297462 -0.0287714 0.0552869 -0.093172 -0.0739752 0.0371897 0.0338177 0.00648771 0.0118287 0.0665454 0.0915531 0.0685638 -0.0822407 -0.0750199 0.0945479 0.046508 -0.0604414 0.0350885 0.0598721 0.0423044 0.0419172 -0.0810957 -0.0525025 0.01006 -0.066032 0.0473876 0.051776 0.089403 -0.0554938 -0.0746021 
-0.0001722 0.072845 0.00418763 -0.0234107 -0.0602452 0.0477228 0.00677092 0.00501936 0.0182014 -0.0639812 0.0955656 0.0424956 -0.0140254 -0.0261488 0.0123318 -0.0153433 -0.049424 0.00441697 0.017029 0.0835404 -0.0632975 -0.0931221 -0.0560801 0.0232495 0 -0.0516417 -0.0567552 -0.0933579 -0.040135 -0.0518632 -0.0700165 -0.0772435 0.0617406 0.00711412 0.0143866 -0.0800945 0.0152322 0.0548036 -0.0803411 -0.00553382 0.0273535 -0.000257626 -0.0886389 0.04805 0.0404353 -0.0385352 0.0566119 -0.054485 -0.0909313 -0.054479 0.0753145 -0.0978958 0.0846344 -0.0196901 -0.0394688 -0.0879512 0.0587809 0.0574122 -0.011298 -0.0812502 -0.0244938 0.074574 -0.0730344 -0.0419832 0.0600386 -0.0267503 0.0785825 0.0258302 -0.00434244 -0.0587873 -0.0289883 0.0933561 0.00381499 -0.0983094 -0.0151484 -0.0435781 
-0.0744977 -0.0794948 -0.0638709 0.0985351 0.083307 -0.0664014 0.0567426 0.056057 0.0130222 -0.0715868 0.0604958 0.024852 0.0177462 0.0400905 -0.0245663 -0.0849172 -0.0268488 0.0551674 -0.0782025 0.0637668 0.0685155 -0.0982493 -0.0839653 -0.0607929 0.0516417 0 0.0179024 -0.0322349 -0.09295 0.0471557 0.0647552 0.0587099 -0.0883193 0.0329348 -0.092347 -0.0771752 0.061673 -0.00418514 -0.0248998 -0.0603214 -0.0309077 0.0478228 -0.0822148 -0.0247039 0.0412124 -0.0988717 -0.0660492 0.0378158 -0.0165331 0.0239313 -0.0924553 -0.0633009 -0.0433284 -0.0381343 -0.0838528 -0.0605386 0.0297584 0.00153387 -0.0953106 -0.0399582 -0.0234395 -0.0749305 -0.0813495 0.0260787 -0.0216416 0.0419018 0.0836461 0.00939935 0.00730126 -0.0299219 0.047183 0.0191059 -0.0810618 0.0273948 -0.0638158 0.0781569 
0.0651697 0.0310064 -0.0301492 -0.0993894 -0.0193748 0.0718936 -0.0345612 0.0558338 0.0530926 -0.00392178 -0.0469672 -0.0701745 0.0285266 -0.0094831 -0.00702446 -0.0412308 -0.0926162 -0.0640084 0.0248981 0.0903503 0.05415 -0.054536 -0.0944805 0.0129334 0.0567552 -0.0179024 0 -0.0541561 -0.0027861 0.0357212 -0.0855858 -0.0571969 -0.0914939 0.0689496 0.0559424 0.0936855 -0.00843908 -0.00835982 0.0195862 -0.0149022 0.0130562 -0.0700467 -0.0395786 -0.0134003 -0.085157 0.0795924 -0.0838321 -0.0425177 -0.0459914 -0.00997731 -0.0422384 -0.0545673 0.0545043 0.0242414 -0.0476373 0.0818021 -0.0681138 -0.00874248 0.0101476 0.0668642 0.0107347 0.0839029 0.00541859 -0.0128053 -0.0334204 -0.0214444 -0.0243257 -0.0721958 0.0490465 0.049712 0.0967576 -0.0853015 0.09695 0.0304544 -0.0821556 0.0711977 
0.0938237 0.0250291 -0.0847779 -0.0968537 -0.0663696 0.0527069 0.0726278 -0.0519246 0.0407783 0.0208962 -0.0789341 -0.0943613 0.0515912 0.0448754 0.0347652 0.0966673 0.00459201 -0.0848988 -0.0543486 0.0630149 0.0851197 0.0972578 0.0169998 -0.0790426 0.0933579 0.0322349 0.0541561 0 -0.0153974 0.0623211 0.0858392 0.063168 0.0260927 -0.0342611 -0.0995767 0.0747058 -0.0474801 0.0673569 -0.0415166 0.0249338 0.0090062 -0.0564892 0.0887299 -0.0208991 0.0922587 0.0695139 -0.0858691 0.0281383 0.055609 -0.096902 -0.0592959 0.0153062 -0.0817294 -0.034197 0.0391413 -0.0316422 -0.0290277 0.0842104 -0.0916377 0.0344833 0.0425981 -0.0989647 0.0195012 -0.0909888 -0.00284555 0.0698036 0.0466795 -0.0530869 0.0579462 -0.0884212 -0.0103374 -0.0319329 0.09998 -0.0534693 -0.0464554 0.0651706 
0.0631553 -0.0406584 -0.0908381 0.0293761 0.0937551 -0.00570772 -0.00069424 -0.0190884 -0.0215592 0.032623 -0.00611542 0.0564402 0.0910412 0.0476497 0.0585235 -0.064635 -0.0741345 -0.0940609 0.0355677 0.0311331 -0.0210334 -0.0337525 0.0421481 0.0512394 0.040135 0.09295 0.0027861 0.0153974 0 0.0629173 0.0434522 0.0936143 0.0604301 -0.0823769 0.0313888 -0.0110157 0.0741664 -0.076696 0.0516091 -0.00353133 0.0551022 0.0905486 -0.052346 -0.0706307 0.0153612 0.0040165 -0.0541574 0.093897 -0.00952184 0.072027 0.0936478 0.0265288 0.00424765 -0.0852725 -0.0878935 0.00316454 -0.0124353 0.00146323 -0.0681149 0.00408885 -0.099489 -0.00686573 0.0563161 0.0218355 -0.0536697 0.0237956 0.075143 0.0297764 0.0237236 -0.0116601 -0.00665165 -0.0963068 -0.0658986 -0.00107486 0.0566441 0.0285279 
-0.0590373 0.0099752 -0.025145 0.0419486 0.0898499 -0.0578848 0.0194502 0.0866138 -0.0226814 0.082745 -0.014226 0.0772649 -0.0035329 0.0339175 0.0309947 -0.0218363 -0.0871468 0.0481304 -0.0335138 -0.0937657 0.0367052 -0.0864956 -0.0758504 0.0931889 0.0518632 -0.0471557 -0.0357212 -0.0623211 -0.0629173 0 0.00121889 0.00248295 0.0310908 -0.078697 -0.00271256 -0.00362042 -0.0797896 0.0924742 -0.0197251 -0.0310758 -0.0338894 0.0668111 0.0393914 0.0205768 0.0598393 0.0513376 0.0434993 -0.0260678 -0.0482492 -0.0239338 -0.0716865 0.0558841 0.0702963 0.0641072 -0.00580127 0.0402902 0.0606067 0.0544939 0.00730386 -0.0178064 0.0801208 0.0301239 0.0333357 0.0470182 -0.0616149 -0.0874329 0.0692951 0.0715613 -0.021891 -0.0488457 0.0522123 0.0425249 0.0535698 0.064836 -0.0908529 -0.0171095 
0.0867701 0.057976 0.0484267 -0.0984435 -0.0152722 0.0953465 -0.044723 -0.0298078 0.0196626 0.0372008 -0.0246118 -0.04568 -0.0730862 0.0540212 -0.0612144 0.00826331 0.0494156 0.0266043 -0.00643239 -0.081261 0.0534701 -0.0182477 -0.0941494 -0.0779415 0.0700165 -0.0647552 0.0855858 -0.0858392 -0.0434522 -0.00121889 0 0.0181008 0.0231571 0.0367024 0.0884945 0.0293817 -0.0467773 0.0954944 -0.0200942 0.0486691 -0.0473208 -0.0742087 0.0262869 0.0616538 -0.015686 -0.0624018 -0.0315639 -0.0694959 0.067295 -0.0146917 0.0594212 0.0602633 0.0504809 -0.0719156 -0.0462559 -0.0942444 0.0420754 0.048445 0.00560632 -0.0247811 -0.00696644 -0.0817111 0.067383 0.0479845 -0.000732188 0.0519331 0.0846841 0.0132362 -0.0340663 0.0906505 0.0156584 -0.0786991 0.0812353 -0.0596882 0.021577 -0.0129494 
0.00348268 0.0389531 -0.0380068 0.0997249 0.0229814 0.0103292 -0.0399193 0.0856771 -0.032591 0.0949384 0.0793247 -0.0584712 -0.0251268 -0.0626351 0.0519699 -0.0424736 0.0820855 -0.0445755 -0.0900208 0.0677823 -0.0998444 -0.0845118 -0.0807735 -0.071153 0.0772435 -0.0587099 0.0571969 -0.063168 -0.0936143 -0.00248295 -0.0181008 0 -0.019674 -0.0854284 0.0454923 -0.0715392 0.0684647 0.0810513 0.045414 -0.0251356 -0.0636759 -0.0269427 -0.0653207 0.0641862 0.000195475 0.026189 -0.0893439 0.0792101 0.0168096 -0.0770995 -0.0333208 0.0483937 -0.09522 -0.0791467 0.0221887 0.0920114 -0.0222427 0.0163195 0.0414173 -0.0730794 -0.0893222 -0.0556678 -0.0849208 -0.0630313 -0.0850369 0.00759483 0.0987963 -0.0527634 -0.0391009 -0.0631983 -0.0499159 0.0499946 0.0753638 -0.0255096 -0.0678682 -0.0161263 
0.0337142 -0.0496836 0.0791746 -0.0996407 0.00690249 -0.0733357 -0.0361024 -0.0735386 0.0787434 -0.0244089 0.0357618 0.0784303 -0.0810738 0.0392265 0.0156877 -0.0633534 0.028525 0.0234202 -0.0329584 -0.0911541 -0.0806954 -0.0979422 0.00683155 0.0206007 -0.0617406 0.0883193 0.0914939 -0.0260927 -0.0604301 -0.0310908 -0.0231571 0.019674 0 0.0392989 -0.0568244 -0.0944896 0.0391116 0.0356996 0.0780879 -0.0426386 -0.0704628 0.0768716 -0.0703428 -0.0488818 0.0990966 0.0856494 0.0898582 0.0561743 0.0122973 -0.0460287 0.0804001 -0.0432896 -0.0854608 0.0702954 -0.0844128 -0.0247076 0.096458 0.0832529 0.0826827 0.084648 0.0143597 0.0482058 -0.0158578 -0.00901205 0.0275392 0.0359512 -0.0279229 0.037326 0.0448761 0.0797841 -0.0268291 -0.0894531 0.000963378 0.0598695 0.0809776 0.0662446 
-0.0722933 -0.0459612 -0.0308837 0.0714533 -0.0181763 -0.0390043 0.0798167 -0.0966387 0.0284903 -0.0523703 0.0961906 0.0661082 -1.90607e-05 0.0398659 -0.0850716 -0.0715898 -0.0583742 0.0628605 -0.0876379 -0.0628346 -0.0121315 -0.0574035 -0.00923525 0.00477535 -0.00711412 -0.0329348 -0.0689496 0.0342611 0.0823769 0.078697 -0.0367024 0.0854284 -0.0392989 0 0.0499113 -0.00893002 0.00158592 -0.0590927 -0.0430034 0.0688413 0.0222881 0.0965508 0.033243 -0.0522568 0.0545181 0.0197493 -0.0780764 0.038442 -0.0338819 -0.0784236 -0.0538391 0.0277788 0.000641353 0.00660193 -0.00556589 0.0548882 0.080827 0.0834342 0.0725543 -0.0447852 -0.0969733 -0.0380567 0.0666929 -0.0917495 0.0158251 -0.0860745 0.0779365 -0.0638297 -0.0357515 0.0419072 -0.0816226 -0.0865604 0.0204648 -0.0918758 0.0986274 0.014108 
-0.0658491 0.0236955 -0.053889 0.0168695 0.0846102 0.0100383 -0.0999341 0.0515917 -0.0858176 -0.0213563 0.0964869 0.0923142 -0.0125119 -0.0293945 -0.0116579 -0.0524349 0.0529675 -0.0638176 -0.0971373 -0.0977431 0.0660705 0.0229864 -0.00712753 0.0923079 -0.0143866 0.092347 -0.0559424 0.0995767 -0.0313888 0.00271256 -0.0884945 -0.0454923 0.0568244 -0.0499113 0 0.0333771 -0.0674037 -0.041433 0.0636442 -0.0794191 -0.0230223 0.0999066 -0.00650764 0.0678619 -0.0670567 -0.0696649 0.0885757 0.087561 -0.0692359 0.0596541 -0.0567037 0.0183168 -0.000992108 0.088498 -0.0122775 0.075704 -0.0594767 -0.0463306 0.0583731 -0.0743012 0.0713847 0.0999306 -0.00495387 0.0563687 -0.0274174 0.0877153 -0.0715684 0.0788707 0.0909024 -0.0164554 0.00767146 -0.0619627 0.06306 -0.0136682 0.0394788 0.0684699 
-0.0154598 0.0466291 -0.0709298 -0.0232846 -0.0714154 -0.0865283 0.0642631 0.00231977 0.0611691 0.0449983 -0.00339123 0.0523153 0.093778 -0.0601602 -0.0535792 -0.0120391 0.0166296 0.0107741 -0.0714036 -0.0889845 0.00724893 -0.0488179 0.0408981 0.0425687 0.0800945 0.0771752 -0.0936855 -0.0747058 0.0110157 0.00362042 -0.0293817 0.0715392 0.0944896 0.00893002 -0.0333771 0 -0.0494127 -0.0176471 0.0798564 0.0469972 -0.00428017 -0.00422493 0.0917328 0.0574349 0.0608386 -0.0358228 0.0271986 0.0933969 -0.0981676 -0.0153062 0.0330391 0.00774656 -0.0509998 -0.0577399 -0.0456327 -0.0146433 0.0664194 -0.0842799 0.0512876 -0.030082 -0.0335275 0.00478838 -0.0162771 0.0244382 0.034965 0.0851668 0.0477769 -0.0899766 -0.0125164 0.0518604 0.0342024 -0.0112228 -0.000935645 0.0609805 0.0063968 -0.0513616 
0.00959615 -0.0184867 0.0842779 -0.0845598 0.0526182 0.0920409 0.0459028 -0.0395183 -0.0320441 -0.0485091 0.0719534 -0.0209716 -0.0521048 -0.048457 -0.0723157 -0.0663659 0.0670179 0.0379109 0.0757609 -0.0782432 0.0198346 -0.0640047 -0.0453328 -0.0439723 -0.0152322 -0.061673 0.00843908 0.0474801 -0.0741664 0.0797896 0.0467773 -0.0684647 -0.0391116 -0.00158592 0.0674037 0.0494127 0 -0.0196366 0.000319731 -0.0882408 -0.0395851 0.0378233 -0.0753638 -0.0135909 -0.0174673 -0.0818452 -0.0493828 0.0111852 0.069614 0.0991456 -0.0689951 -0.0217213 -0.0962242 0.0617715 0.0531424 -0.0765476 0.0620485 0.0545873 0.066921 -0.0216266 0.0802033 -0.00448103 0.00820897 0.094834 0.00421218 0.00869575 -0.0626577 -0.0319081 0.0619844 -0.0495883 -0.0302607 0.0845922 -0.0653975 0.0127044 -0.0388018 -0.0824463 
-0.0348733 0.0837312 -0.0286951 -0.0959166 0.0266313 0.0147897 -0.0496444 -0.0269357 -0.0451355 0.096087 -0.0943702 0.0386857 -0.0882376 -0.0544142 -0.0277212 -0.0755394 -0.0441834 0.0662566 0.0741232 0.0514595 0.0419758 0.00390781 0.0237869 -0.0937352 -0.0548036 0.00418514 0.00835982 -0.0673569 0.076696 -0.0924742 -0.0954944 -0.0810513 -0.0356996 0.0590927 0.041433 0.0176471 0.0196366 0 -0.0283415 0.0878554 -0.000520873 0.0450863 0.0468914 0.0642246 0.0906742 -0.0288252 0.0513158 -0.0949121 -0.0579008 0.00770099 -0.00881257 -0.0230473 0.00493937 -0.0421126 0.0913009 0.00137644 0.0360938 -0.00121494 -0.0221994 -0.0877972 -0.0215896 0.0777339 0.0307417 -0.079811 -0.0450749 0.0738924 0.015237 0.0344517 0.049825 0.0980686 0.0337064 -0.0869282 -0.0397443 -0.0573525 -0.0928612 -0.0686488 
-0.0444207 -0.0582372 -0.0664145 0.0970031 0.0485202 0.0375767 0.0376913 -0.0817804 0.0367899 -0.0651582 -0.0719364 -0.0168149 0.0051688 -0.00880264 0.0540273 0.0759144 0.0525992 0.0498961 0.00434871 0.0391703 -0.00388807 0.0804666 0.0902593 -0.0857167 0.0803411 0.0248998 -0.0195862 0.0415166 -0.0516091 0.0197251 0.0200942 -0.045414 -0.0780879 0.0430034 -0.0636442 -0.0798564 -0.000319731 0.0283415 0 0.0543377 -0.0740721 0.0627097 0.00872184 0.098677 0.0592492 -0.0624466 0.0813022 0.0431924 0.0156616 0.0292223 -0.0616934 -0.024769 0.0556654 -0.0844487 0.0640602 -0.0751979 -0.0111716 0.0301213 0.00503967 0.078679 -0.0684378 0.0182126 0.0963328 -0.0145923 0.0880405 -0.0919158 -0.0416503 -0.089374 -0.00166182 0.0224699 0.0603381 -0.0189105 -0.0649779 -0.0293418 -0.0766113 0.00256414 
-0.053149 0.0155652 0.0855863 0.0648637 0.0768702 0.0171687 -0.0822363 -0.0298226 0.015094 -0.0270339 0.0193112 0.0371477 -0.0659142 -0.0647467 0.0677855 0.0714229 0.0752592 -0.0580015 0.00687446 0.00847992 -0.0977061 0.0734163 0.0183536 0.00194717 0.00553382 0.0603214 0.0149022 -0.0249338 0.00353133 0.0310758 -0.0486691 0.0251356 0.0426386 -0.0688413 0.0794191 -0.0469972 0.0882408 -0.0878554 -0.0543377 0 0.0469124 -0.0157946 -0.026252 -0.0175306 -0.0728669 -0.0880776 0.0253736 -0.0577246 0.0398381 -0.0719221 0.0231861 -0.0276564 0.0417136 0.00456361 -0.0391055 0.0689138 0.0634459 -0.0452042 -0.0774148 0.0898015 -0.0433934 -0.0980238 -0.0620751 0.0293814 0.0373047 0.0565652 0.0896171 -0.0400617 0.0683646 -0.012728 -0.0904391 0.0438849 -0.0436215 -0.0098174 -0.088429 0.0228437 
0.0610359 -0.0153183 -0.0559222 -0.094465 -0.0148339 -0.0661612 -0.00929615 -0.0534067 0.0283138 -0.0238032 -0.0857125 -0.0137662 -0.0168321 0.0484162 0.0361581 -0.0694273 -0.00937298 0.00409472 0.00346568 -0.0695435 0.0302113 -0.0868304 0.0177172 -0.0734399 -0.0273535 0.0309077 -0.0130562 -0.0090062 -0.0551022 0.0338894 0.0473208 0.0636759 0.0704628 -0.0222881 0.0230223 0.00428017 0.0395851 0.000520873 0.0740721 -0.0469124 0 -0.0949473 -0.0665271 0.010482 0.0584392 -0.0343108 -0.045905 0.0558176 -0.0144175 0.0604125 -0.0596576 -0.0772655 -0.0708809 -0.068107 -0.064904 -0.0391101 -0.0263552 0.0344799 -0.0552163 0.0377208 -0.0266681 -0.0430987 -0.0848481 0.0495718 -0.0754429 -0.011145 -0.0364027 -0.00555235 -0.0774218 0.0359147 0.0723294 0.0172356 -0.0824115 -0.0397507 0.0455558 0.0858821 
0.0650502 -0.017692 0.044662 -0.019209 0.0636357 -0.0539958 0.0163072 0.0142415 0.00531841 0.0554235 0.0395371 0.0527738 -0.00984698 -0.0827688 -0.0754442 -0.0252722 -0.0184429 -0.0457348 -0.000868348 0.0306318 -0.0396851 -0.0654111 0.0560736 -0.0639029 0.000257626 -0.0478228 0.0700467 0.0564892 -0.0905486 -0.0668111 0.0742087 0.0269427 -0.0768716 -0.0965508 -0.0999066 0.00422493 -0.0378233 -0.0450863 -0.0627097 0.0157946 0.0949473 0 -0.0868735 0.00873339 0.09614 0.0608115 -0.0189522 0.0220512 -0.0981837 0.0360488 -0.0660642 -0.0696012 -0.0702971 0.0619408 0.0925554 -0.0145795 0.00831349 -0.0138967 0.00911422 0.012194 -0.0846474 -0.0939764 0.0384483 -0.0819196 -0.0723865 -0.0444034 0.0999906 0.0619692 0.0420613 0.092849 0.0780228 0.0498849 -0.0505627 0.0492047 -0.082098 0.0626699 
0.0913862 -0.0468888 0.0751541 -0.0231486 -0.0209329 -0.0664631 0.0560239 0.0595233 -0.0900185 -0.057821 -0.0213586 0.0268236 0.0500555 -0.0469683 0.0716993 -0.0692877 -0.0989529 0.0594202 -0.0923553 -0.0772658 0.0166443 -0.0721939 -0.0301503 -0.0857019 0.0886389 0.0822148 0.0395786 -0.0887299 0.052346 -0.0393914 -0.0262869 0.0653207 0.0703428 -0.033243 0.00650764 -0.0917328 0.0753638 -0.0468914 -0.00872184 0.026252 0.0665271 0.0868735 0 0.0513187 -0.0950443 -0.0695893 0.0545104 0.0800084 0.054893 0.0464677 -0.0650986 -0.0358113 0.00412756 0.0899715 -0.0980313 0.0933555 -0.0157012 0.00395285 -0.0748392 -0.0631666 -0.0718438 -0.0401596 -0.0353321 0.0133455 0.0437809 0.0637884 -0.0531597 -0.0914043 0.0675824 -0.0392419 -0.00304806 0.0191803 0.0849263 0.0927769 0.0512783 -0.0402961 
-0.00168554 -0.0315223 -0.030452 -0.0961122 -0.0552653 -0.0251057 -0.00418016 -0.0780899 -0.0341946 -0.0544389 -0.0998349 0.0307299 -0.0361335 -0.0968188 0.088377 -0.0397923 0.0279316 0.0542001 -0.0906613 0.0489265 -0.0269729 -0.0132506 -0.0388901 0.0473328 -0.04805 0.0247039 0.0134003 0.0208991 0.0706307 -0.0205768 -0.0616538 -0.0641862 0.0488818 0.0522568 -0.0678619 -0.0574349 0.0135909 -0.0642246 -0.098677 0.0175306 -0.010482 -0.00873339 -0.0513187 0 -0.0187872 -0.0304781 0.0988156 0.0365599 0.0158255 0.081194 0.0394396 0.0600842 -0.0630684 0.0453313 -0.0130426 -0.00184203 -0.000879677 0.0244704 -0.0414577 0.0846726 -0.0813191 0.0826305 -0.0213902 -0.081602 -0.0325954 0.082324 -0.0219314 -0.062367 0.043343 -0.0662676 0.0791934 0.0782184 0.0112894 0.0555494 -0.0651973 -0.0738184 
-0.023506 0.0753213 -0.0282912 0.0613269 0.0456438 0.0908778 -0.08323 -0.044219 -0.0361879 0.068523 0.045293 0.0945862 -0.0969722 -0.0031414 -0.0576598 0.0482641 0.03369 0.0644213 0.0820364 0.0233328 0.00273534 9.78628e-05 0.0504542 -0.0597079 -0.0404353 -0.0412124 0.085157 -0.0922587 -0.0153612 -0.0598393 0.015686 -0.000195475 -0.0990966 -0.0545181 0.0670567 -0.0608386 0.0174673 -0.0906742 -0.0592492 0.0728669 -0.0584392 -0.09614 0.0950443 0.0187872 0 0.0395522 0.093318 0.0591054 0.0372326 0.00118549 -0.0784202 0.0616412 0.0676093 -0.0461223 0.0732708 -0.0622303 -0.0669428 -0.0390954 0.0459568 0.0384659 0.095935 -0.0251945 -0.0760573 0.0878238 -0.092344 0.0955513 0.0676752 -0.0432913 0.0467664 0.0102549 0.0833825 0.0532484 -0.0581835 -0.0881452 -0.0332382 0.0976552 
-0.00350107 0.0580508 -0.0113415 -0.0459335 0.0800588 0.0713486 0.068436 -0.0324442 -0.0973968 0.0697641 -0.0987129 -0.0972315 -0.0438361 0.000957388 -0.0894808 0.0113204 -0.0387827 0.0987403 0.00969241 -0.0104149 -0.0165437 -0.0586189 -0.0677629 -0.0688484 0.0385352 0.0988717 -0.0795924 -0.0695139 -0.0040165 -0.0513376 0.0624018 -0.026189 -0.0856494 -0.0197493 0.0696649 0.0358228 0.0818452 0.0288252 0.0624466 0.0880776 0.0343108 -0.0608115 0.0695893 0.0304781 -0.0395522 0 -0.0395026 -0.0943452 0.0772671 0.0918508 0.0882835 0.0508973 -0.0276639 0.0138105 -0.0849778 0.0618835 -0.0483415 -0.00938099 -0.0439222 0.0281507 -0.00771054 0.0760641 0.0830741 0.0831796 -0.00867985 -0.0320132 -0.0279462 -0.0313126 0.068479 0.096528 -0.0646507 0.0809968 0.0831765 0.0522732 -0.0655231 -0.048289 
-0.0145073 -0.0665848 0.056092 0.00850049 -0.0119865 0.0573193 -0.0823297 0.00963286 0.0735688 0.0137799 -0.0524089 0.0471221 0.0175788 0.0689406 -0.0323991 0.0103982 0.0279441 0.0964569 0.00646744 0.0374203 0.0214757 0.0485413 -0.0208215 0.0297462 -0.0566119 0.0660492 0.0838321 0.0858691 0.0541574 -0.0434993 0.0315639 0.0893439 -0.0898582 0.0780764 -0.0885757 -0.0271986 0.0493828 -0.0513158 -0.0813022 -0.0253736 0.045905 0.0189522 -0.0545104 -0.0988156 -0.093318 0.0395026 0 -0.0211403 -0.0261812 0.00208582 -0.0267116 0.0048586 -0.0614578 0.00859153 0.0325366 -0.0575244 -0.0925041 -0.0712088 -0.0640454 -0.0719164 0.079006 -0.0546679 0.038997 -0.00218179 -0.016514 0.0694517 0.00532644 0.0749352 0.00604433 -0.0580888 -0.0466772 0.0829856 -0.0862492 -0.0580343 -0.0875016 -0.0941561 
-0.015759 0.077452 0.0946245 0.0438214 0.019352 -0.0660272 0.0163233 0.0148099 -0.086424 -0.0329937 -0.0131093 0.0748612 -0.0821415 -0.0494347 0.0328985 -0.0696873 0.0223318 -0.0377807 -0.0642078 0.00739054 0.0507917 -0.0268335 -0.0156213 0.0287714 0.054485 -0.0378158 0.0425177 -0.0281383 -0.093897 0.0260678 0.0694959 -0.0792101 -0.0561743 -0.038442 -0.087561 -0.0933969 -0.0111852 0.0949121 -0.0431924 0.0577246 -0.0558176 -0.0220512 -0.0800084 -0.0365599 -0.0591054 0.0943452 0.0211403 0 -0.0371315 0.067316 -0.0817699 -0.0642156 0.0111505 0.0770601 -0.0712158 -0.0826878 0.0328712 -0.0448305 0.0908529 -0.0527778 0.0821446 0.0468478 0.00287023 0.0622715 0.040256 -0.054592 0.00239654 0.0185736 0.0588372 0.0393627 -0.00514831 0.0330105 0.0499732 -0.0987217 -0.0856232 0.0574807 
0.0764902 -0.0287226 0.0504739 0.0129199 0.0678087 0.0493119 -0.026301 -0.0990245 -0.0235304 0.00433085 -0.0910121 -0.00555596 -0.0940846 0.0462307 -0.0358615 0.067863 0.0416967 -0.04191 -0.0191102 -0.00714991 0.0563018 -0.0280952 0.0314512 -0.0552869 0.0909313 0.0165331 0.0459914 -0.055609 0.00952184 0.0482492 -0.067295 -0.0168096 -0.0122973 0.0338819 0.0692359 0.0981676 -0.069614 0.0579008 -0.0156616 -0.0398381 0.0144175 0.0981837 -0.054893 -0.0158255 -0.0372326 -0.0772671 0.0261812 0.0371315 0 -0.0546074 -0.00248924 -0.00279883 0.0204638 0.0212017 -0.044801 -0.00587356 -0.0362788 -0.0326863 -0.0873325 -0.0518258 0.0275653 0.0416752 0.0822596 0.00567364 0.0113159 -0.0979384 0.0496757 -0.042914 0.0620425 -0.0788443 0.0347654 -0.0241651 -0.00215041 -0.0448068 -0.0695209 0.0257924 
-0.0354408 0.0451631 0.0859634 0.0131094 -0.0158938 -0.0197489 0.0881529 -0.0990699 0.0430364 0.0258729 0.017279 -0.0340716 0.0531769 0.0953672 -0.0744799 -0.0288007 0.00446367 -0.0343108 -0.0440266 0.0785861 0.0804504 -0.0109615 0.050107 0.093172 0.054479 -0.0239313 0.00997731 0.096902 -0.072027 0.0239338 0.0146917 0.0770995 0.0460287 0.0784236 -0.0596541 0.0153062 -0.0991456 -0.00770099 -0.0292223 0.0719221 -0.0604125 -0.0360488 -0.0464677 -0.081194 -0.00118549 -0.0918508 -0.00208582 -0.067316 0.0546074 0 0.0652602 0.0499568 -0.0678402 0.0982179 0.00807695 0.0994541 -0.0070037 -0.0567535 0.0711122 0.0333328 0.0531295 -0.0991115 -0.0560879 -0.0251223 0.0958683 0.0420848 -0.0964019 -0.0534147 0.0842341 -0.0361495 -0.0216704 -0.0449566 0.0903364 -0.00239258 -0.0535305 -0.0775665 
-0.00468334 0.048387 0.0313093 -0.0801548 0.0859775 -0.0969313 0.0142125 -0.041035 -0.0417378 0.00750533 0.0138225 0.0174419 -0.0916761 0.043132 -0.0450673 -0.00482464 -0.0682055 -0.0335324 0.0689017 -0.0432411 -0.0105912 0.0448074 -0.0489225 0.0739752 -0.0753145 0.0924553 0.0422384 0.0592959 -0.0936478 0.0716865 -0.0594212 0.0333208 -0.0804001 0.0538391 0.0567037 -0.0330391 0.0689951 0.00881257 0.0616934 -0.0231861 0.0596576 0.0660642 0.0650986 -0.0394396 0.0784202 -0.0882835 0.0267116 0.0817699 0.00248924 -0.0652602 0 -0.065308 -0.0540969 0.0322401 0.0300838 -0.0338013 -0.0263278 0.0278734 0.0931947 -0.0162387 -0.0873264 -0.0255394 -0.0322231 0.0270179 0.0705088 -0.0304479 -0.0386076 0.0246939 -0.0482711 -0.0786584 -0.0243014 0.0740122 -0.0358205 0.0076741 -0.00626082 -0.0963646 
0.0760506 0.0570688 -0.0189944 -0.0561857 0.0328983 -0.0267766 0.0720482 -0.0693659 -0.0912993 0.0709043 -0.0140881 -0.0216689 -0.0968993 -0.00731915 -0.0784476 -0.0349089 -0.00273374 -0.00913338 -0.0418507 0.0472769 0.058237 -0.0254198 -0.0322331 -0.0371897 0.0978958 0.0633009 0.0545673 -0.0153062 -0.0265288 -0.0558841 -0.0602633 -0.0483937 0.0432896 -0.0277788 -0.0183168 -0.00774656 0.0217213 0.0230473 0.024769 0.0276564 0.0772655 0.0696012 0.0358113 -0.0600842 -0.0616412 -0.0508973 -0.0048586 0.0642156 0.00279883 -0.0499568 0.065308 0 -0.0187838 -0.0268172 -0.00010967 0.0639579 -0.0360899 0.0808854 0.0840692 -0.0586562 -0.00559434 -0.00121183 0.00582449 0.0458472 0.0169638 0.0158399 0.0313948 0.0219555 -0.0540601 -0.039549 -0.0036633 0.0994813 0.00911745 0.00553826 0.0238124 0.0293194 
-0.0326065 0.0750172 0.0339346 -0.051468 0.037145 -0.0734557 0.0354679 0.050616 0.0892822 -0.0573157 -0.0757823 -0.0884173 -0.0615601 0.0226096 0.0764653 0.0967977 0.0633822 0.0609798 0.0661412 0.0965021 -0.0123514 -0.0290731 -0.0419069 -0.0338177 -0.0846344 0.0433284 -0.0545043 0.0817294 -0.00424765 -0.0702963 -0.0504809 0.09522 0.0854608 -0.000641353 0.000992108 0.0509998 0.0962242 -0.00493937 -0.0556654 -0.0417136 0.0708809 0.0702971 -0.00412756 0.0630684 -0.0676093 0.0276639 0.0614578 -0.0111505 -0.0204638 0.0678402 0.0540969 0.0187838 0 0.094936 0.0622357 -0.0715302 -0.0782781 -0.0466718 -0.0738799 0.0743047 0.0969259 0.0315865 -0.0166055 -0.0637208 -0.0544021 0.0568753 0.0343397 -0.0242993 -0.0587198 0.00508888 0.0719162 0.0103686 0.0999152 -0.0893851 -0.0892171 0.0310374 
0.0467352 -0.0422813 -0.0893959 -0.0832582 -0.0381534 -0.0710883 0.0547852 0.0351424 -0.0880353 -0.00810554 -0.0770418 0.0127942 -0.0574214 -0.0192122 -0.0120283 0.00957931 0.0495556 0.051295 0.0873285 -0.0240137 -0.0830509 -0.0727839 -0.0467799 -0.00648771 0.0196901 0.0381343 -0.0242414 0.034197 0.0852725 -0.0641072 0.0719156 0.0791467 -0.0702954 -0.00660193 -0.088498 0.0577399 -0.0617715 0.0421126 0.0844487 -0.00456361 0.068107 -0.0619408 -0.0899715 -0.0453313 0.0461223 -0.0138105 -0.00859153 -0.0770601 -0.0212017 -0.0982179 -0.0322401 0.0268172 -0.094936 0 -0.0348932 0.0779099 0.0572959 -0.020037 -0.0902897 -0.0532572 -0.0780166 -0.0744013 -0.00200054 -0.00473556 -0.0104068 -0.0841773 -0.0464056 0.0835583 -0.049387 -0.0250078 -0.0455036 -0.0884976 0.0325333 -0.00569155 0.0264239 0.0635305 
-0.0499169 -0.00282271 -0.0726613 0.0723746 0.0274411 0.0556974 -0.0309654 0.039557 -0.0300568 0.0316267 0.040079 0.0112697 -0.086507 0.0958102 0.0829374 -0.023447 -0.0225786 0.0758511 -0.061244 -0.0653472 0.070507 0.0959632 0.0875848 -0.0118287 0.0394688 0.0838528 0.0476373 -0.0391413 0.0878935 0.00580127 0.0462559 -0.0221887 0.0844128 0.00556589 0.0122775 0.0456327 -0.0531424 -0.0913009 -0.0640602 0.0391055 0.064904 -0.0925554 0.0980313 0.0130426 -0.0732708 0.0849778 -0.0325366 0.0712158 0.044801 -0.00807695 -0.0300838 0.00010967 -0.0622357 0.0348932 0 -0.0234582 -0.0340032 -0.0306474 -0.0132233 -0.0953849 0.0693596 -0.0750621 0.0431688 0.0640051 -0.0148864 -0.0562581 0.0844756 -0.00977777 0.0951509 -0.0686331 0.0800054 0.0807546 0.0839244 -0.0295291 -0.0855913 -0.0838989 
-0.0655833 -0.0205451 -0.082879 0.0507819 -0.0619884 -0.0991679 0.0514104 -0.00230367 0.0992619 -0.0491247 0.0361921 0.010946 -0.0183913 -0.0571829 -0.0246743 -0.0587215 0.0855908 0.0986362 -0.085439 -0.0265937 0.0599397 -0.016126 0.0142097 -0.0665454 0.0879512 0.0605386 -0.0818021 0.0316422 -0.00316454 -0.0402902 0.0942444 -0.0920114 0.0247076 -0.0548882 -0.075704 0.0146433 0.0765476 -0.00137644 0.0751979 -0.0689138 0.0391101 0.0145795 -0.0933555 0.00184203 0.0622303 -0.0618835 0.0575244 0.0826878 0.00587356 -0.0994541 0.0338013 -0.0639579 0.0715302 -0.0779099 0.0234582 0 0.0459098 0.0243452 -0.0409548 0.0429559 0.0181516 0.0566153 -0.00110315 0.0778056 -0.0857904 -0.0544787 0.0128245 -0.0325651 -0.07917 0.0904852 -0.0959671 0.087946 0.0540226 -0.0383576 -0.0798586 0.0231539 
0.0451454 -0.0977198 0.0635782 -0.0843359 -0.0425911 -0.0760314 -0.0335616 -0.0125655 0.0269823 -0.0715262 -0.0151209 -0.0961455 0.0571891 -0.0813017 -0.0887539 -0.0760098 0.0299604 -0.0121571 -0.0517391 0.0292292 0.084978 0.059433 0.0662251 -0.0915531 -0.0587809 -0.0297584 0.0681138 0.0290277 0.0124353 -0.0606067 -0.0420754 0.0222427 -0.096458 -0.080827 0.0594767 -0.0664194 -0.0620485 -0.0360938 0.0111716 -0.0634459 0.0263552 -0.00831349 0.0157012 0.000879677 0.0669428 0.0483415 0.0925041 -0.0328712 0.0362788 0.0070037 0.0263278 0.0360899 0.0782781 -0.0572959 0.0340032 -0.0459098 0 0.0254531 -0.0945386 -0.00853035 -0.0809894 0.0819621 -0.0649803 0.0996437 -0.0884834 -0.0869292 -0.02967 -0.02079 -0.00746016 0.0288702 -0.0320582 -0.0634353 0.0185391 -0.048107 -0.061037 0.0639028 
-0.0991661 0.0730687 0.0498169 0.06569 -0.0468762 0.0339886 -0.00503254 -0.0065087 -0.0879762 0.0403765 0.0707515 0.0599723 -0.0674823 0.0251665 0.0794828 -0.0723914 -0.0534944 -0.0883823 0.00149941 0.0603596 -0.0850976 -0.0862407 -0.0358644 -0.0685638 -0.0574122 -0.00153387 0.00874248 -0.0842104 -0.00146323 -0.0544939 -0.048445 -0.0163195 -0.0832529 -0.0834342 0.0463306 0.0842799 -0.0545873 0.00121494 -0.0301213 0.0452042 -0.0344799 0.0138967 -0.00395285 -0.0244704 0.0390954 0.00938099 0.0712088 0.0448305 0.0326863 0.0567535 -0.0278734 -0.0808854 0.0466718 0.020037 0.0306474 -0.0243452 -0.0254531 0 -0.0727948 -0.073651 -0.0489714 0.0854972 0.0170405 0.0416401 0.0169616 -0.0977062 -0.052295 -0.00258969 0.055971 0.0190132 0.0339189 0.079073 -0.0441985 -0.0500501 -0.00128677 -0.0563166 
0.0300804 -0.0146671 0.00785862 0.0471777 0.0547121 -0.0590336 -0.0186096 -0.0693821 -0.0814412 -0.0270884 0.0108518 -0.0013292 0.0357457 0.0678778 -0.032411 -0.0515074 0.0865738 -0.0785089 0.027351 -0.0843654 -0.0074491 0.0765223 0.0939402 0.0822407 0.011298 0.0953106 -0.0101476 0.0916377 0.0681149 -0.00730386 -0.00560632 -0.0414173 -0.0826827 -0.0725543 -0.0583731 -0.0512876 -0.066921 0.0221994 -0.00503967 0.0774148 0.0552163 -0.00911422 0.0748392 0.0414577 -0.0459568 0.0439222 0.0640454 -0.0908529 0.0873325 -0.0711122 -0.0931947 -0.0840692 0.0738799 0.0902897 0.0132233 0.0409548 0.0945386 0.0727948 0 0.0581082 -0.0709502 -0.0799691 0.0312375 -0.0979718 -0.0369889 -0.0310086 0.0414418 0.0241622 -0.0744079 -0.0982672 -0.0869251 0.0750895 -0.0302982 -0.0812582 -0.0549798 0.0638166 
-0.0559844 0.0130008 -0.0451858 0.0866457 0.0234029 0.0536373 0.0375767 -0.0388674 0.0869136 -0.0230347 -0.087025 0.0471248 0.0263621 -0.0625925 0.00948921 -0.0158466 0.0403927 0.00289266 -0.0420125 0.0888898 -0.0332969 -0.0450371 0.0935131 0.0750199 0.0812502 0.0399582 -0.0668642 -0.0344833 -0.00408885 0.0178064 0.0247811 0.0730794 -0.084648 0.0447852 0.0743012 0.030082 0.0216266 0.0877972 -0.078679 -0.0898015 -0.0377208 -0.012194 0.0631666 -0.0846726 -0.0384659 -0.0281507 0.0719164 0.0527778 0.0518258 -0.0333328 0.0162387 0.0586562 -0.0743047 0.0532572 0.0953849 -0.0429559 0.00853035 0.073651 -0.0581082 0 0.0577092 0.0122444 0.0471951 -0.0254536 0.0741447 0.000447746 -0.021289 0.0581533 -0.0655081 -0.05618 -0.0421365 0.0392625 -0.0571028 -0.0642557 0.0907487 0.0534331 
-0.0466454 -0.00282796 0.0717386 -0.0823963 -0.0493837 0.0725213 -0.0768201 0.0636815 -0.0416854 -0.058852 0.0577367 -0.0705703 -0.0209612 -0.00358054 -0.0750022 -0.0245954 0.0437847 -0.00718803 0.0146555 0.0678136 0.0363409 -0.0311383 -0.00858467 -0.0945479 0.0244938 0.0234395 -0.0107347 -0.0425981 0.099489 -0.0801208 0.00696644 0.0893222 -0.0143597 0.0969733 -0.0713847 0.0335275 -0.0802033 0.0215896 0.0684378 0.0433934 0.0266681 0.0846474 0.0718438 0.0813191 -0.095935 0.00771054 -0.079006 -0.0821446 -0.0275653 -0.0531295 0.0873264 0.00559434 -0.0969259 0.0780166 -0.0693596 -0.0181516 0.0809894 0.0489714 0.0709502 -0.0577092 0 0.0431698 0.064124 0.065534 -0.0664223 0.0678894 -0.0825993 0.0975784 -0.0523522 -0.039034 0.0407383 0.0518049 -0.0930385 0.0966558 -0.0461249 -0.0654954 
0.0415666 0.0337227 -0.00102687 0.0622281 -0.00993051 -0.0521181 -0.0936231 -0.0342967 -0.0270383 0.0760135 -0.0599306 -0.0623103 0.0806995 -0.0269743 0.0969416 0.00699156 -0.0554632 -0.00317843 0.0761816 0.0276167 -0.0619432 -0.0915123 -0.00511064 -0.046508 -0.074574 0.0749305 -0.0839029 0.0989647 0.00686573 -0.0301239 0.0817111 0.0556678 -0.0482058 0.0380567 -0.0999306 -0.00478838 0.00448103 -0.0777339 -0.0182126 0.0980238 0.0430987 0.0939764 0.0401596 -0.0826305 0.0251945 -0.0760641 0.0546679 -0.0468478 -0.0416752 0.0991115 0.0255394 0.00121183 -0.0315865 0.0744013 0.0750621 -0.0566153 -0.0819621 -0.0854972 0.0799691 -0.0122444 -0.0431698 0 -0.0116722 0.0640034 0.0921723 0.0976605 0.0707224 0.0970944 0.0226878 0.0447147 0.0360376 -0.0647754 -0.0968137 0.0217335 0.0151191 -0.0683034 
-0.0733801 0.0133478 0.0662604 -0.0366794 0.0158916 0.0923993 0.0128227 0.0985415 -0.0557976 0.0905419 0.0110297 0.0919475 -0.0494937 -0.0302968 0.059381 -0.0590076 -0.0189085 0.0753589 -0.00983622 0.0108884 -0.0881353 -0.0925874 -0.0504455 0.0604414 0.0730344 0.0813495 -0.00541859 -0.0195012 -0.0563161 -0.0333357 -0.067383 0.0849208 0.0158578 -0.0666929 0.00495387 0.0162771 -0.00820897 -0.0307417 -0.0963328 0.0620751 0.0848481 -0.0384483 0.0353321 0.0213902 0.0760573 -0.0830741 -0.038997 -0.00287023 -0.0822596 0.0560879 0.0322231 -0.00582449 0.0166055 0.00200054 -0.0431688 0.00110315 0.0649803 -0.0170405 -0.0312375 -0.0471951 -0.064124 0.0116722 0 0.0253406 0.0657317 -0.0331892 -0.0506049 -0.0951447 0.061706 -0.0837368 -0.0671617 0.0482476 -0.0355084 0.0922924 -0.0770005 -0.0428637 
0.0139407 0.0689576 -0.0239561 0.0725034 -0.0669865 -0.0258 -0.0765749 -0.0581434 -0.0542884 0.0704193 -0.0240858 -0.0612907 -0.0938985 0.0814468 -0.0134652 -0.083398 -0.0258752 0.0385745 -0.0407279 0.0500702 -0.0436782 0.0652788 0.0367297 -0.0350885 0.0419832 -0.0260787 0.0128053 0.0909888 -0.0218355 -0.0470182 -0.0479845 0.0630313 0.00901205 0.0917495 -0.0563687 -0.0244382 -0.094834 0.079811 0.0145923 -0.0293814 -0.0495718 0.0819196 -0.0133455 0.081602 -0.0878238 -0.0831796 0.00218179 -0.0622715 -0.00567364 0.0251223 -0.0270179 -0.0458472 0.0637208 0.00473556 -0.0640051 -0.0778056 -0.0996437 -0.0416401 0.0979718 0.0254536 -0.065534 -0.0640034 -0.0253406 0 0.0352447 0.0306971 -0.0472785 -0.0232664 -0.0897073 -0.0799836 0.0144019 0.0362864 0.0607135 -0.031587 -0.00860725 -0.0954828 
0.00693062 0.024051 -0.0335275 0.00302645 0.00594242 0.0662387 -0.00378311 -0.0516689 -0.0670625 -0.0554917 0.0940191 -0.00581963 -0.0258946 -0.0397658 -0.0849392 -0.0723697 0.0687993 -0.0759357 0.0422426 -0.0690954 -0.00517809 0.0447575 0.0657717 -0.0598721 -0.0600386 0.0216416 0.0334204 0.00284555 0.0536697 0.0616149 0.000732188 0.0850369 -0.0275392 -0.0158251 0.0274174 -0.034965 -0.00421218 0.0450749 -0.0880405 -0.0373047 0.0754429 0.0723865 -0.0437809 0.0325954 0.092344 0.00867985 0.016514 -0.040256 -0.0113159 -0.0958683 -0.0705088 -0.0169638 0.0544021 0.0104068 0.0148864 0.0857904 0.0884834 -0.0169616 0.0369889 -0.0741447 0.0664223 -0.0921723 -0.0657317 -0.0352447 0 0.0546906 0.04439 0.0479145 0.0647569 0.0266889 -0.0204543 -0.0918625 -0.0286472 0.0489199 -0.0817023 0.0875061 
-0.0601139 -0.00500542 0.000579793 0.0271944 -0.0534536 0.0682144 -0.0195785 0.0498537 -0.041584 0.00374981 0.0939313 -0.0334309 -0.0705142 -0.0118473 0.0187744 0.0793143 -0.0291661 0.0343846 0.0832016 0.0696416 0.0556349 -0.00425212 -0.05711 -0.0423044 0.0267503 -0.0419018 0.0214444 -0.0698036 -0.0237956 0.0874329 -0.0519331 -0.00759483 -0.0359512 0.0860745 -0.0877153 -0.0851668 -0.00869575 -0.0738924 0.0919158 -0.0565652 0.011145 0.0444034 -0.0637884 -0.082324 -0.0955513 0.0320132 -0.0694517 0.054592 0.0979384 -0.0420848 0.0304479 -0.0158399 -0.0568753 0.0841773 0.0562581 0.0544787 0.0869292 0.0977062 0.0310086 -0.000447746 -0.0678894 -0.0976605 0.0331892 -0.0306971 -0.0546906 0 0.0733153 -0.0790096 -0.0180208 0.0219848 0.0721888 -0.0352454 0.00360817 -0.0441383 0.0104242 0.0702343 
-0.0035778 -0.0101075 -0.0598294 -0.0683783 0.0250357 -0.0787025 0.0796777 0.0833739 0.0318445 0.00350476 -0.012725 -0.0066835 0.00355921 0.0746458 0.0361544 -0.0384877 0.0330979 0.000719474 0.042493 0.0854118 0.0503874 0.00393876 0.0687938 -0.0419172 -0.0785825 -0.0836461 0.0243257 -0.0466795 -0.075143 -0.0692951 -0.0846841 -0.0987963 0.0279229 -0.0779365 0.0715684 -0.0477769 0.0626577 -0.015237 0.0416503 -0.0896171 0.0364027 -0.0999906 0.0531597 0.0219314 -0.0676752 0.0279462 -0.00532644 -0.00239654 -0.0496757 0.0964019 0.0386076 -0.0313948 -0.0343397 0.0464056 -0.0844756 -0.0128245 0.02967 0.052295 -0.0414418 0.021289 0.0825993 -0.0707224 0.0506049 0.0472785 -0.04439 -0.0733153 0 0.0469383 0.0387977 0.0927305 0.0320792 -0.0585415 -0.0347921 -0.0163182 0.0946895 0.0967373 
-0.0256586 -0.00796871 0.00557219 -0.0266203 0.078477 0.0703308 -0.0194444 0.0353895 0.0492067 -0.00430683 0.0676629 -0.0243981 -0.0614796 -0.0810491 -0.0152737 -0.066195 -0.0287307 -0.0902804 0.0756738 -0.0925532 -0.0751909 -0.0364463 -0.0912551 0.0810957 -0.0258302 -0.00939935 0.0721958 0.0530869 -0.0297764 -0.0715613 -0.0132362 0.0527634 -0.037326 0.0638297 -0.0788707 0.0899766 0.0319081 -0.0344517 0.089374 0.0400617 0.00555235 -0.0619692 0.0914043 0.062367 0.0432913 0.0313126 -0.0749352 -0.0185736 0.042914 0.0534147 -0.0246939 -0.0219555 0.0242993 -0.0835583 0.00977777 0.0325651 0.02079 0.00258969 -0.0241622 -0.0581533 -0.0975784 -0.0970944 0.0951447 0.0232664 -0.0479145 0.0790096 -0.0469383 0 0.000866035 0.0184483 -0.0702672 0.0728287 -0.0981915 0.0845395 -0.046414 0.0624018 
-0.0502004 -0.00125088 -0.0748728 -0.011754 0.0165169 0.0900235 0.0248482 0.0249576 -0.00662003 -0.0174266 0.0180682 -0.00317864 0.0993612 -0.0284005 0.061737 0.064568 -0.00521824 0.0223068 0.0956045 0.0199167 -0.0479522 0.0351025 0.00508201 0.0525025 0.00434244 -0.00730126 -0.0490465 -0.0579462 -0.0237236 0.021891 0.0340663 0.0391009 -0.0448761 0.0357515 -0.0909024 0.0125164 -0.0619844 -0.049825 0.00166182 -0.0683646 0.0774218 -0.0420613 -0.0675824 -0.043343 -0.0467664 -0.068479 -0.00604433 -0.0588372 -0.0620425 -0.0842341 0.0482711 0.0540601 0.0587198 0.049387 -0.0951509 0.07917 0.00746016 -0.055971 0.0744079 0.0655081 0.0523522 -0.0226878 -0.061706 0.0897073 -0.0647569 0.0180208 -0.0387977 -0.000866035 0 0.0623157 0.0247295 0.0243485 -0.0989614 0.0464019 -0.0365586 -0.0695763 
-0.0483364 -0.0862364 -0.0122342 0.0851363 0.0402243 -0.0344539 0.0744659 0.0849781 0.0235412 -0.0243631 0.0632431 0.0415279 0.00687826 -0.00521834 0.0292896 0.0195657 -0.0651455 -0.0766305 -0.0422986 0.0916341 -0.0102362 -0.090676 -0.0404903 -0.01006 0.0587873 0.0299219 -0.049712 0.0884212 0.0116601 0.0488457 -0.0906505 0.0631983 -0.0797841 -0.0419072 0.0164554 -0.0518604 0.0495883 -0.0980686 -0.0224699 0.012728 -0.0359147 -0.092849 0.0392419 0.0662676 -0.0102549 -0.096528 0.0580888 -0.0393627 0.0788443 0.0361495 0.0786584 0.039549 -0.00508888 0.0250078 0.0686331 -0.0904852 -0.0288702 -0.0190132 0.0982672 0.05618 0.039034 -0.0447147 0.0837368 0.0799836 -0.0266889 -0.0219848 -0.0927305 -0.0184483 -0.0623157 0 -0.0610408 0.0915431 -0.02325 -0.0765625 0.0683474 -0.077664 
0.0322255 0.0396013 -0.0884501 0.00826723 0.0348705 0.0553185 -0.0978762 0.0837731 -0.0388445 0.0242923 0.0352663 -0.0651209 0.041392 -0.00740449 0.0794358 0.0506628 0.0879026 0.0392597 0.0515427 -0.0888623 0.0439021 -0.0496117 0.0126899 0.066032 0.0289883 -0.047183 -0.0967576 0.0103374 0.00665165 -0.0522123 -0.0156584 0.0499159 0.0268291 0.0816226 -0.00767146 -0.0342024 0.0302607 -0.0337064 -0.0603381 0.0904391 -0.0723294 -0.0780228 0.00304806 -0.0791934 -0.0833825 0.0646507 0.0466772 0.00514831 -0.0347654 0.0216704 0.0243014 0.0036633 -0.0719162 0.0455036 -0.0800054 0.0959671 0.0320582 -0.0339189 0.0869251 0.0421365 -0.0407383 -0.0360376 0.0671617 -0.0144019 0.0204543 -0.0721888 -0.0320792 0.0702672 -0.0247295 0.0610408 0 0.0200731 0.0800246 -0.0845635 -0.03696 0.0427188 
0.0147445 -0.0242819 -0.0866783 0.0438427 0.0424549 0.0860476 -0.0772735 0.0078717 -0.0264705 -0.0359154 -0.0741322 0.0970229 -0.0655274 -0.0124585 0.0815789 -0.088259 0.0941729 0.0453205 -0.000225537 -0.0479986 0.0397234 0.052422 -0.0347354 -0.0473876 -0.0933561 -0.0191059 0.0853015 0.0319329 0.0963068 -0.0425249 0.0786991 -0.0499946 0.0894531 0.0865604 0.0619627 0.0112228 -0.0845922 0.0869282 0.0189105 -0.0438849 -0.0172356 -0.0498849 -0.0191803 -0.0782184 -0.0532484 -0.0809968 -0.0829856 -0.0330105 0.0241651 0.0449566 -0.0740122 -0.0994813 -0.0103686 0.0884976 -0.0807546 -0.087946 0.0634353 -0.079073 -0.0750895 -0.0392625 -0.0518049 0.0647754 -0.0482476 -0.0362864 0.0918625 0.0352454 0.0585415 -0.0728287 -0.0243485 -0.0915431 -0.0200731 0 0.0649005 0.0567119 0.0689684 -0.0971632 
0.0591519 -0.0642372 -0.064145 -0.0657092 0.0640503 -0.0563256 0.0323769 0.0210391 0.0665867 -0.0893209 0.0431165 -0.0825238 -0.0339471 -0.0456055 -0.00224431 0.0877592 -0.0899618 0.0568986 0.0467444 0.030088 0.0270274 -0.0478037 0.0469486 -0.051776 -0.00381499 0.0810618 -0.09695 -0.09998 0.0658986 -0.0535698 -0.0812353 -0.0753638 -0.000963378 -0.0204648 -0.06306 0.000935645 0.0653975 0.0397443 0.0649779 0.0436215 0.0824115 0.0505627 -0.0849263 -0.0112894 0.0581835 -0.0831765 0.0862492 -0.0499732 0.00215041 -0.0903364 0.0358205 -0.00911745 -0.0999152 -0.0325333 -0.0839244 -0.0540226 -0.0185391 0.0441985 0.0302982 0.0571028 0.0930385 0.0968137 0.0355084 -0.0607135 0.0286472 -0.00360817 0.0347921 0.0981915 0.0989614 0.02325 -0.0800246 -0.0649005 0 0.0518616 -0.0236589 -0.0465091 
-0.0195632 -0.0235145 -0.0505582 -0.0202732 0.0152937 0.0926436 0.0119927 -0.0179478 -0.067841 -0.0891638 0.0943347 0.0385593 0.00782479 0.091692 -0.0448371 -0.0805555 -0.059258 -0.0522761 0.0831679 -0.0994769 -0.0733572 0.0010856 0.0381995 -0.089403 0.0983094 -0.0273948 -0.0304544 0.0534693 0.00107486 -0.064836 0.0596882 0.0255096 -0.0598695 0.0918758 0.0136682 -0.0609805 -0.0127044 0.0573525 0.0293418 0.0098174 0.0397507 -0.0492047 -0.0927769 -0.0555494 0.0881452 -0.0522732 0.0580343 0.0987217 0.0448068 0.00239258 -0.0076741 -0.00553826 0.0893851 0.00569155 0.0295291 0.0383576 0.048107 0.0500501 0.0812582 0.0642557 -0.0966558 -0.0217335 -0.0922924 0.031587 -0.0489199 0.0441383 0.0163182 -0.0845395 -0.0464019 0.0765625 0.0845635 -0.0567119 -0.0518616 0 -0.0642326 -0.0556479 
0.0527918 0.0493107 0.051187 -0.0788318 0.0666462 -0.0274606 -0.0211528 -0.0207831 0.0353239 -0.0313231 -0.0462976 -0.0370398 0.00709666 0.00681116 0.00667833 0.0518667 0.00310013 0.0328908 0.00993764 0.0852971 0.053713 -0.0395301 0.0697224 0.0554938 0.0151484 0.0638158 0.0821556 0.0464554 -0.0566441 0.0908529 -0.021577 0.0678682 -0.0809776 -0.0986274 -0.0394788 -0.0063968 0.0388018 0.0928612 0.0766113 0.088429 -0.0455558 0.082098 -0.0512783 0.0651973 0.0332382 0.0655231 0.0875016 0.0856232 0.0695209 0.0535305 0.00626082 -0.0238124 0.0892171 -0.0264239 0.0855913 0.0798586 0.061037 0.00128677 0.0549798 -0.0907487 0.0461249 -0.0151191 0.0770005 0.00860725 0.0817023 -0.0104242 -0.0946895 0.046414 0.0365586 -0.0683474 0.03696 -0.0689684 0.0236589 0.0642326 0 -0.00297097 
0.00714164 0.0492867 -0.00237137 0.0414676 0.0195666 0.0828765 0.0236425 0.0708607 0.0804185 -0.0652502 -0.00492671 0.0220231 0.064418 0.0199419 0.0138302 0.0924196 -0.0205191 -0.0923033 -0.0479182 -0.0824549 0.0174492 -0.0247585 -0.0777862 0.0746021 0.0435781 -0.0781569 -0.0711977 -0.0651706 -0.0285279 0.0171095 0.0129494 0.0161263 -0.0662446 -0.014108 -0.0684699 0.0513616 0.0824463 0.0686488 -0.00256414 -0.0228437 -0.0858821 -0.0626699 0.0402961 0.0738184 -0.0976552 0.048289 0.0941561 -0.0574807 -0.0257924 0.0775665 0.0963646 -0.0293194 -0.0310374 -0.0635305 0.0838989 -0.0231539 -0.0639028 0.0563166 -0.0638166 -0.0534331 0.0654954 0.0683034 0.0428637 0.0954828 -0.0875061 -0.0702343 -0.0967373 -0.0624018 0.0695763 0.077664 -0.0427188 0.0971632 0.0465091 0.0556479 0.00297097 0 
