75

16000 4500

30 55 80

8

0 86060 62030 23640 67340 20370 18810 27420 97580 65920 50880 83580 20240 49720 90940 41790 37420 44801 80480 12500 65830 57690 53510 54590 74850 61260 72150 71910 68030 21150 69090 54430 46430 40020 78920 36500 50961 95631 19500 72320 85630 49080 34460 43140 56120 74360 49280 50020 95630 54590 64340 77621 71270 72130 52300 81900 78921 81020 70450 92210 70410 64300 41750 44950 13740 27010 60671 84320 37400 37940 89260 87740 79990 77940 89040 94940 
86840 0 49490 84030 55360 73681 94891 85530 55740 39980 132820 68860 89111 77661 73150 89191 79151 81900 59810 96930 77260 130130 56010 116781 69940 134521 105381 145520 79930 98630 85300 33860 129541 126380 88530 76100 87340 30310 71310 110860 67430 65860 116790 48350 142480 116150 104980 133010 127871 139460 29260 32050 102991 61710 130410 32430 105510 150800 56030 139382 108740 139810 63791 51540 74160 113370 96940 117551 90700 81540 46900 129530 21740 62370 32310 48180 
62670 49600 0 70682 66430 45190 66400 74220 88760 52950 113460 87450 60620 49170 94620 60700 50660 77420 22220 75080 77910 118500 18780 88290 81860 106030 76890 133560 81100 81950 84000 32350 101050 100450 93000 70980 82860 44190 44840 108070 87560 61860 97040 21580 114790 111870 99180 112600 124651 115020 40471 24830 74500 74840 114150 66401 103980 141682 69540 110891 105010 126590 35300 47150 53320 87440 92540 89060 82890 76420 29770 125550 56150 19680 71280 84680 
23640 83280 69960 0 54380 30130 40020 4420 85140 56570 49780 65070 39590 60171 72430 55591 46591 24231 88410 22450 47320 49960 61440 75800 56340 80500 82891 65890 49520 15590 49131 53550 61400 47450 58961 15840 30391 101290 26330 49320 69430 31160 33750 51070 63590 51360 31510 49970 72630 56420 59010 83280 81451 56680 47590 72550 58351 71640 56780 107182 47410 58920 50250 35020 17980 41980 40101 95061 15140 15800 96430 64740 71230 85870 79150 82940 
67300 54740 66950 55880 0 60640 81681 54550 31910 18400 104320 21170 76680 75340 28340 84450 75580 41910 84870 72080 24470 94460 66150 111990 17770 123630 103580 109720 26990 70220 32360 35760 111030 101810 35470 43210 46460 84590 56260 61830 21280 24360 88380 52780 117950 68960 66420 104510 78131 111050 31880 68861 101510 8520 96420 25650 52570 115000 3260 136272 59710 105030 62470 24570 54840 91610 49350 116810 54900 45840 82771 82530 34280 84420 29390 29710 
20350 73861 45190 30250 60630 0 24121 34030 89900 55100 71140 78910 19120 33110 86270 28970 20000 51271 63640 32760 64720 76720 36670 55660 70180 66070 56300 91780 67380 40170 69670 42130 58771 57900 78610 40780 57400 78791 5610 78930 80810 44930 54720 26300 72511 80970 61120 70280 102890 72470 52360 60781 54860 67310 72370 71080 85100 100040 63740 80591 77020 84560 23340 36350 14090 44890 67110 68470 44750 44410 72420 94350 68620 61100 78680 86710 
18810 95221 66550 40020 81510 24120 0 43800 111160 76360 53790 99240 7780 38900 106610 28220 27950 62481 85000 23650 83510 67960 58030 35780 90510 44130 58690 80240 85710 34930 86770 63390 34940 37380 96600 54180 68641 100151 25780 88700 101240 65230 40670 47660 48680 90370 63060 50530 112660 52210 73620 82141 58130 87740 60810 92340 96601 92470 84620 73400 86790 68530 38370 57610 29570 23900 78351 70840 53130 55180 93780 103730 89880 82460 99940 107970 
27840 84740 74170 5050 53450 34340 44140 0 84210 57980 51410 64140 43800 64381 71500 59801 50801 22710 92620 25080 46390 46860 65650 79920 55410 83130 87101 63170 48590 17970 48201 55000 64030 49830 58031 14910 28870 102910 30540 46510 68500 30230 36130 55280 65970 48550 28700 51600 69820 58800 60460 84900 85661 55750 46800 72130 56830 68500 55850 111392 44600 56200 54460 36250 22190 44610 38260 99271 12000 12990 98050 61930 72680 90080 78600 82010 
97920 55770 88880 87000 32420 89880 111031 86180 0 36530 135790 29820 106030 102830 30250 112980 103590 73540 107101 102790 52760 126090 90020 141000 38540 152980 131410 140191 51290 101600 54200 57310 141740 132520 51770 74840 77620 86080 86220 83960 26810 55990 119760 76650 148660 91090 98050 135980 92450 142430 50801 85500 129340 35970 128050 29040 73070 144560 31930 165282 81840 136660 89960 54530 84940 122320 74180 144640 86530 77470 99680 103570 38990 106651 24090 7760 
65950 39060 53220 56550 18190 55280 76431 58050 36560 0 105340 38660 71430 68200 44830 78350 68960 50200 71140 71770 40090 102020 53910 105890 35950 118380 95920 117280 42760 71150 48130 21650 110720 101500 52730 48620 55640 68001 52330 74940 38610 31920 89310 40540 117640 82070 74710 105530 91600 111980 15821 52051 93850 26710 102930 16140 68340 122560 20900 129921 72820 112330 55330 22640 52830 91300 61140 109150 62460 53400 65961 95530 18600 70690 23740 33070 
50930 132030 112860 49850 103130 71200 53540 51520 133890 105320 0 113820 60930 92300 121180 81620 81100 68540 131310 39600 96070 26690 104340 75980 105090 59280 107200 27400 96200 36280 94890 102300 37880 16790 101890 64590 74620 146461 70070 76680 118180 79910 17390 93970 24480 73800 50480 3600 97010 10800 107760 128451 111530 105430 14530 121300 90610 39630 105530 114950 75980 14820 91520 83770 61720 29650 73460 118310 52510 60170 140090 80200 119980 128770 127900 131690 
83120 68250 87930 66080 20980 78790 99301 64500 29850 38470 114270 0 94380 94440 7360 103550 94680 49250 105850 86470 24250 98770 85730 131090 9470 141600 123240 110660 21720 80170 24410 56740 125420 112030 21980 53160 52490 100800 74190 54170 4910 37700 98330 72310 128170 61300 69620 114460 63920 121000 52701 88931 121170 14730 103670 37830 43280 114770 18840 155372 52050 111210 81570 43790 70800 106000 44390 136470 64370 55790 105810 73780 47790 105400 39640 33250 
20270 89431 60760 39750 76960 19540 7690 43530 106580 71780 61120 94690 0 34330 102050 24350 22030 60771 79210 28720 80500 73140 52240 37240 85960 47270 54710 86370 82800 40000 84540 58810 42340 44780 94030 52470 66931 94361 21200 88430 96690 60710 45850 41870 56080 90470 68130 57860 112390 59540 69040 76351 53830 83190 66360 87760 94891 98170 80070 74860 86520 74750 32580 53030 25790 31300 76641 66880 54250 53910 87990 103850 85300 76670 95360 103390 
49680 78781 50110 60012 76350 33330 38870 63792 103760 68960 92530 95750 34310 0 103110 14980 14860 76900 68560 60460 81850 105540 41590 42570 86910 64270 28840 118770 85120 69500 88020 52700 72400 76120 96350 66380 81840 83711 38050 108320 96720 63830 78250 31220 86980 110490 90882 89270 126531 90950 62170 65701 27040 83030 98760 84940 107330 129850 79460 65171 105330 107150 14470 52070 45410 62640 91550 41010 74512 71820 77340 124932 81150 66020 92540 100570 
90440 72660 95180 73400 28230 86110 106621 71820 30280 44790 121590 7320 101700 102040 0 111150 102280 56160 113100 93790 31570 105460 93050 138690 16790 148960 130840 117350 28410 87490 31100 63990 132740 119350 25280 60480 59390 105210 81510 60740 8880 45020 105650 79630 135490 67870 76310 121780 63490 128320 59021 95251 128770 21980 110360 42200 46430 121260 26090 162972 58450 117900 88890 51110 78120 113320 51080 144070 71690 63110 113060 74870 52200 112660 43620 35760 
41570 88921 60250 54392 83210 27940 28260 58172 111750 76950 81920 102610 24060 14330 109970 0 11240 74283 78700 51150 88710 96220 51730 30260 93770 51960 31980 108370 91980 61820 94880 62840 60090 65510 103210 65982 80443 93851 32660 102773 103580 70320 68830 41360 75830 104903 85262 78660 127362 80340 72310 75841 31130 89890 88940 92930 108403 120600 86320 55431 100833 96660 26120 58930 39790 52030 90153 44150 68892 67422 87480 118822 90470 76160 100530 108560 
36860 80511 51840 46432 75330 20010 27570 50212 103870 69070 81000 94620 21790 15790 101980 11780 0 66323 70290 47940 80830 93020 43320 39370 85890 59410 38780 106250 84020 56680 86920 54430 62220 64660 95250 58022 72483 85441 24730 94813 95510 62440 65730 32950 75960 96943 77302 77740 119392 79420 63900 67431 37340 82010 86240 85050 100443 116550 78440 63071 92873 94630 19640 51050 32590 51180 82193 50950 60932 59462 79070 110852 82590 67750 92650 100680 
45301 80100 77220 25650 41530 51781 62981 23570 72290 49440 68480 48990 61241 76610 55970 75802 66802 0 96080 46440 29190 55050 71440 97771 40260 104490 103102 69020 28270 39330 26840 51060 85390 71190 36670 14490 6510 101710 46550 31520 53350 18890 54820 58460 87330 35320 24920 69380 53390 77210 55820 83700 101662 41450 58260 61880 34470 74300 43440 127393 28490 66870 63740 30010 38200 65970 16220 115272 18360 10590 96850 48700 66830 94850 68350 70090 
80610 60030 21910 88622 84490 63130 84340 92150 107711 71010 131400 106290 78560 67110 113460 78640 68600 95680 0 93020 96180 136440 36720 106230 100130 123970 94830 152300 99370 99890 102270 50410 118990 118390 111270 88920 100920 49670 62780 126340 106400 79920 114980 39520 132730 130140 117250 130540 142921 132960 58531 29940 92440 92900 132090 83040 122250 161082 87600 128831 123280 144530 53240 65210 71260 105380 110810 107000 100830 94360 32650 143820 72350 6450 87870 102740 
12670 96450 74600 22490 72050 32940 23810 25090 102660 71740 39560 86680 28900 60650 94040 51630 48350 45841 93050 0 68930 46370 66080 59590 77950 60670 81990 60590 71130 12550 70741 64820 41570 31740 80571 37450 52001 108201 32070 69480 90340 52190 23140 55710 47880 68800 41790 38700 92290 44410 74180 90191 81110 76840 40980 87720 79961 71400 75160 97210 67870 52980 54320 50190 24430 22150 61711 94160 33800 36550 101830 82160 86400 90510 94320 100020 
65460 76490 78170 48420 24360 64510 83140 46840 52920 39720 95740 24180 80100 80790 31540 89900 81030 29700 97140 68810 0 81380 72830 116640 15450 125590 109280 93270 6760 62510 10720 51060 107760 94370 17640 35500 32940 102480 59910 40690 28540 20710 80670 59410 110510 47820 51570 96640 57350 103340 51930 84470 107210 18810 85520 48430 32300 98550 24440 141722 38570 93820 67920 30610 55380 88340 28710 122510 45620 38070 98010 61390 56030 95810 50910 51630 
57620 129630 118110 50000 94120 76710 67970 46910 124880 101480 26650 98600 73170 105600 105350 96190 93300 54950 136560 46290 80900 0 109590 100090 91590 85190 126660 23740 78390 39840 76930 99900 63790 42700 82820 57350 61030 149750 74480 56530 103510 70900 32990 99220 50930 51210 31620 29980 74420 37250 105360 131530 126060 95970 12500 113920 71540 29020 96520 139110 56910 17240 98090 81050 66130 51660 54390 139400 40550 49410 145340 57610 117580 134020 120390 122680 
53590 56090 18870 61602 64990 36110 57320 65130 89370 53140 104380 84590 51540 40090 91950 51620 41580 71240 37320 66000 71910 109420 0 79210 75860 96950 67810 124480 75100 72870 78000 34540 91970 91370 86330 61900 76180 58340 35760 101180 85370 55860 87960 13410 105710 104980 90100 103520 117991 105940 44010 38980 65420 71870 105070 68530 97310 132602 68100 101811 98160 117510 26220 41150 44240 78360 85890 79980 73810 67340 46100 118360 62640 34780 75920 85460 
54680 117381 88710 75890 111670 56060 35870 79670 140740 105410 76240 131070 37650 42790 138430 29600 39700 97501 107160 59520 117020 100040 80190 0 122230 31240 37170 102810 119320 70800 121060 91300 46130 59830 131150 89000 103661 122311 57720 125560 132040 97230 69220 69820 63910 126770 98930 72980 149520 74660 100770 104301 52510 118350 89330 121390 132733 115040 114780 38030 123650 90980 54580 87390 62310 49230 114483 47730 89000 90640 115940 140130 118930 104620 128990 137020 
74280 69260 82230 57240 18010 69950 90461 55660 38860 36010 105430 9560 85540 85600 16920 94710 85840 40410 100280 77630 15430 91340 76890 122250 0 132490 114400 103230 13400 71330 18020 52510 116580 103190 19230 44320 43650 99570 65350 47780 13920 28860 89490 63470 119330 54910 62190 105620 62361 112160 49890 86471 112330 10910 96240 39070 37460 107920 16380 146532 45660 103780 72730 34950 61960 97160 36960 127630 55530 46950 100960 68480 48800 99830 41550 39700 
61350 134961 106290 80880 123990 66600 44190 83410 153710 118840 59340 142070 48260 64580 149430 51390 59950 104181 124740 60780 126050 85250 97770 31190 132990 0 67540 85910 128250 68610 129081 105870 26920 44440 139951 95790 110341 139891 68260 125440 143840 107740 61040 87400 38560 124170 97410 56080 150160 51570 116100 121881 78720 130220 73090 134820 139150 98140 127100 60230 124570 74080 75150 100090 72730 41050 120181 78100 90900 94870 133520 134720 132360 122200 142420 150450 
71800 106221 77550 82932 103840 56510 57550 86712 131660 96400 107470 123240 54030 28590 130600 32090 39450 102823 96000 81200 109340 125510 69030 37220 114400 67600 0 135280 112610 92050 115510 80140 78460 91060 123840 93820 108983 111151 61230 131313 124210 91270 97130 58660 96240 133443 113802 104210 153971 105890 89610 93141 27290 110520 117900 112380 134820 147510 106950 40760 129373 122210 41910 79510 68780 79410 118693 12920 97432 95962 104780 147852 108590 93460 119980 128470 
71990 144990 133450 65960 109320 92050 80250 63130 140080 116680 27800 110780 86430 118900 117530 108330 106600 69200 152450 60660 93080 23960 124930 103040 103770 86340 135610 0 90570 54850 89110 115260 64940 43850 95000 72550 75280 165620 89820 63040 115690 86100 42430 114560 52040 57720 44610 31130 80930 38360 120720 147610 138500 108420 22430 129120 79180 12560 111720 143360 64400 14210 113430 96250 81470 56710 66570 146720 56720 64610 160680 62690 132940 149910 135590 137880 
67570 79230 81350 50530 26950 67490 85250 48950 51370 42460 94600 21520 82820 83970 28270 93080 84210 28190 100320 70920 6770 78140 76010 119360 13770 127700 112770 90030 0 64620 5560 54240 109870 96480 11800 37220 31420 105660 62890 35740 26430 22950 81450 62590 112620 42870 48990 95500 52400 103330 55110 87650 110700 19840 83040 50400 26630 94720 27030 144902 33620 90580 71100 33790 57490 90450 23760 126000 44480 37450 101190 56440 58770 98990 52880 52450 
21120 97770 81550 15590 68870 40150 34690 17950 99630 71060 36270 79560 39780 69500 86920 62000 57200 38721 100000 12490 61810 39870 73030 70470 70830 68470 92360 54770 64010 0 63621 68040 49370 33940 73451 30330 44881 115151 37920 59440 83920 45650 20240 62660 50080 58760 31750 36460 82250 42910 73500 97141 91480 71170 35160 87040 70300 63190 71270 108090 57830 47800 61530 49510 29570 29950 51750 104530 24800 29410 108780 72120 85720 97460 93640 97430 
68750 84500 84660 50431 32220 69670 86430 48841 54170 47730 94400 24320 84490 87280 31070 96390 87520 26890 103630 71591 10750 76740 79320 121030 18210 128880 116080 88630 5540 64511 0 57550 110541 96371 11790 37420 30120 108970 65070 32460 29230 26260 81040 65900 112511 39590 47590 95300 48750 103130 59910 90960 114010 25110 81640 55670 22880 93060 32300 148212 30340 89180 74410 37100 59160 91121 22360 129310 44280 36520 104670 53160 64040 102300 58150 57080 
54720 32890 32630 53680 36050 42140 63291 55180 57470 21660 102470 57070 58290 52290 64240 63820 53780 51930 50550 64810 51370 99780 35100 91410 52270 105240 80010 115170 54660 68280 57560 0 97941 94260 65890 45750 57370 54210 39190 81360 57180 36080 86440 21730 110360 86180 74630 101820 98121 107700 11540 37070 77620 44570 100060 36460 76870 120450 39160 114011 79240 109460 38420 21430 42040 81250 67050 92180 60350 51190 50980 99560 30540 50100 43480 53390 
46990 130151 101480 62310 111950 59050 35290 64840 142560 111290 38210 126450 42710 72860 133810 59670 62880 85611 119930 42210 108700 64120 92960 46460 117720 26880 78780 64780 110900 50040 110511 98320 0 22360 120341 77220 91771 135081 60710 104650 130240 92090 40140 82590 20320 102940 76620 34950 129370 32840 108550 117071 87460 116740 51960 127270 117830 77010 115060 83510 103780 52950 73300 90090 60250 20020 99280 89890 72330 76300 128710 113920 124810 117390 134220 139920 
40060 125640 100630 47110 100390 57960 37390 49470 131150 100990 16410 111080 44810 76150 118440 65470 64980 70241 119080 31290 93330 42320 92110 59830 102350 44470 91050 42980 95530 33540 95141 94010 21730 0 104971 61850 76401 134231 58250 84240 115440 77170 18570 81740 17560 82530 56210 13150 106020 14830 103430 116221 95380 102690 30160 116970 97940 55210 102790 97870 83370 31150 75400 79440 53320 13500 79620 102160 54630 60930 127860 91390 115650 116540 123570 128950 
78310 87190 92340 60431 34890 78230 95990 58841 51380 51780 101770 21530 93560 95180 24920 104290 95420 36890 111310 81591 17160 82720 86750 131090 18760 140031 123980 94610 11310 74511 11690 64980 120541 106371 0 47420 40120 116830 73630 36890 26440 33690 91040 73330 122511 44020 53570 103000 44950 110830 64430 98820 121910 27780 87620 57000 22940 97410 34310 156112 34600 95160 81840 44530 68230 101121 28340 137210 54280 46520 112140 53440 66730 109980 59480 54780 
36490 75510 70880 17130 42520 40990 54170 15550 73280 48500 64830 53210 52430 66790 60570 66991 57991 14000 89330 38300 35460 56720 62360 88960 44480 96350 94291 71980 37450 31220 36810 45780 77250 63080 46640 0 19330 96110 35670 43160 57570 19300 49380 51990 79220 45290 31440 65020 66210 72050 51240 78100 92440 44820 58340 62220 47290 77260 44920 118582 41220 67290 53690 26770 27320 57830 29040 106461 17160 8000 91250 58670 63460 86790 68690 71080 
47150 78130 74240 30110 41300 49960 64830 28530 72060 48660 78300 51840 62950 72380 59200 77530 68560 19160 92940 50500 34090 68040 67210 99490 43110 107280 100100 83300 36080 44200 36210 48400 89450 76060 46040 16790 0 98730 45340 49610 56200 18080 62360 55480 92200 53410 42260 78490 70100 85030 53860 80720 98030 43450 70000 61100 50330 88580 43700 129242 46550 78610 59510 28290 37620 70030 34280 113330 28480 19420 93870 66790 66050 91640 67570 69860 
96411 31360 44030 101270 84770 78931 100141 102770 86890 67950 147201 100720 94361 82911 105010 94441 84401 101840 49450 108821 102330 149550 58150 122031 101300 139771 110631 164980 105520 115691 108420 54360 134791 134191 117420 95520 107280 0 78581 132490 99230 86280 130781 54140 148531 136290 124400 146341 149071 148761 54270 20370 108241 93070 147891 63790 128400 170300 87390 144632 129430 159230 69041 71570 87061 121181 116960 122801 110120 100960 23910 149970 53100 52010 63460 79330 
19520 70680 44920 27140 56530 5580 25681 30920 86250 52020 70310 74260 20680 37790 81620 33650 24680 47260 63370 31930 60070 74950 36400 57220 65530 67630 60980 90010 62730 38400 65020 39050 60331 58230 73960 36040 52590 78521 0 75820 76260 40280 53890 26030 74071 77860 58010 69450 99780 72800 49280 60511 59540 62760 70600 68000 80290 98140 59640 85271 73910 83040 25210 32640 9770 45220 62300 73150 41640 40240 72150 91240 65540 60830 75600 83320 
71950 109980 107500 49150 61820 78440 88330 47070 83710 74700 76420 53860 87900 107690 60610 104041 94901 31000 126470 69340 40900 56230 101030 124990 47750 125360 131341 62600 36060 59250 32490 81310 104010 84670 36490 43490 34210 131990 74640 0 58770 47491 68090 88720 100700 7710 28950 79630 25570 87020 84760 113980 129901 55510 62270 85000 17250 60710 61970 155632 3640 69370 93330 60270 66290 84590 15990 143511 37920 35900 128340 21280 91010 125140 88351 86620 
85610 66890 88060 70420 21110 80930 101651 68840 26840 38500 118610 4910 96730 95630 8640 104740 95870 53590 105980 90390 28590 103650 86800 132280 13810 143870 124430 115540 26560 84510 29290 56870 129340 116370 26860 57500 56830 97940 76540 59050 0 41550 102670 73380 132510 66180 74500 118800 68670 125340 52731 88961 122360 14910 108550 36430 48160 119650 18970 156562 56930 116090 82760 44860 73150 109920 49270 137660 68710 60130 105940 78660 46430 105530 37850 30240 
48600 64710 62450 32330 24390 45320 65360 30830 55150 31750 80600 37710 60910 63520 45070 72200 63330 19230 81050 51950 20860 70740 57110 97450 28980 107860 91240 86000 23060 46500 25960 35740 90900 78360 34290 19490 24670 86760 40720 46991 41400 0 64660 43690 94500 53380 43740 80790 63161 87330 39800 68750 89170 27900 72700 44190 44100 91280 26790 124022 44470 81310 50650 14890 36810 71480 32060 104470 31180 22120 81900 66760 49140 80080 50660 52950 
34470 115960 96400 33780 87060 54740 40670 36140 117820 89250 17350 97750 45870 78340 105110 68750 66040 54720 114850 23140 80000 33050 87880 69240 89020 61000 97180 42390 81690 20210 80730 85650 39480 18960 90560 48520 60880 130001 53610 68210 102110 63840 0 77510 35100 66500 40180 17540 89990 24950 91690 111991 98660 89360 22310 105230 81910 54620 89460 107280 67340 30770 76020 67700 45260 20230 63590 109010 38660 45660 123630 75360 103910 112310 111830 115620 
44190 48420 21250 52202 52350 26710 47920 55730 76580 40350 94980 72160 42140 30690 79520 42220 32180 58900 39700 56600 59480 100020 13770 69810 63430 87550 58410 115080 62670 63470 65570 21750 82570 81970 73900 52500 64340 54180 26360 89350 72940 43430 78560 0 96310 93150 80700 94120 105561 96540 31200 36170 56020 59440 95670 55740 84880 123202 55460 92411 86290 108110 16820 28720 34840 68960 74020 70580 64410 57940 48480 106530 50650 37160 63130 72670 
56260 141840 114940 63940 117220 72510 48750 66300 147980 117820 24690 127910 56170 87050 135270 74550 76340 87071 133390 48120 110160 50680 106420 63940 119180 38520 96260 51540 112360 50370 111971 110210 20680 17700 121801 78680 93231 148541 74170 100670 132270 94000 35400 96050 0 97790 73040 21560 121460 14110 120120 130531 103910 119520 38520 133800 114600 63770 119620 98450 99970 38520 86760 96270 69520 29490 96450 107370 71460 77760 142170 104190 132480 130850 140400 145780 
74560 114980 112120 51760 68790 81050 90260 49680 90680 81670 73750 60830 90510 110960 67580 106711 97711 35620 131090 68940 47870 51200 105650 126290 54720 124280 134011 57570 43030 58850 39460 85940 102470 83130 43460 46100 38830 136610 77250 7880 65740 53280 66550 93340 98030 0 28470 77080 26200 84350 90700 118600 132571 62480 59600 91970 22960 55680 68940 158302 11000 64340 97170 64890 68900 83050 21360 146181 40530 38510 132960 15590 97980 129760 95321 93590 
49150 104280 98450 31630 66320 60920 62720 28770 97080 74230 50450 69590 67810 90961 76340 86381 77381 24810 117030 41830 51240 31610 89930 98500 62310 97180 113681 44320 49380 31740 47920 74550 75830 56490 53810 32130 30890 124880 57120 28830 74500 43680 39910 79560 72630 28390 0 51730 51880 59560 80010 106870 112241 65830 36300 86670 42530 49600 68230 136290 27960 43840 81040 54800 48770 56410 25380 125851 19040 24540 121230 41760 91620 114490 93140 94880 
50210 131960 112140 49780 103060 70480 50820 51450 133820 105250 3750 113750 58210 89580 121110 78900 78380 69690 130590 38880 96000 30290 103620 73260 105020 56560 104480 31000 96720 36210 95760 101390 35160 14070 103690 64520 75770 145741 69350 80100 118110 79840 17320 93250 21510 77400 52210 0 100610 7830 107690 127731 108810 105360 18130 121230 93860 43230 105460 111300 79230 18480 88800 83700 61000 26930 75620 115590 53660 60660 139370 83800 119910 128050 127830 131620 
95840 126882 125232 73040 78321 103370 113260 70960 92640 91830 96590 64590 112830 126762 63540 129031 120031 53621 144202 92910 58030 74040 119642 150680 62561 150860 155202 80310 52920 82820 49170 97912 129500 107100 45030 67221 56851 149722 99570 26340 69000 63652 90520 106222 121330 27030 52440 99920 0 107190 101890 131712 153132 71211 82440 100801 26420 72540 78111 181853 29840 87180 113522 77422 90180 107020 38631 169732 61810 59790 145032 18450 108140 142872 103281 96040 
54750 139140 115320 56960 110240 72650 52330 58940 141000 112430 11000 120930 59720 91090 128290 80410 79890 77220 133770 44500 103180 36990 106800 74770 112200 51530 105990 37850 104210 43390 103250 107560 33010 15580 111220 71700 83300 148921 72940 86980 125290 87020 24810 96430 14090 84100 59740 7870 107310 0 114870 130911 110320 112540 24830 128410 100910 50080 112640 111690 86280 24830 90310 90880 67170 28440 83150 117100 61180 68150 142550 90500 127090 131230 135010 138800 
64790 28940 40230 59110 31580 52450 73601 60610 50850 15280 107900 52600 68600 61780 59080 73310 63270 56630 58220 74330 52140 105210 44560 100900 49350 115550 89500 120600 55410 73710 59260 11580 108251 104060 65380 51180 62070 53770 49500 84710 52710 39910 91870 31190 120200 90880 80060 108090 101370 114540 0 37820 87110 40100 105490 26080 80220 125880 34690 123501 82590 114890 47910 26430 51840 91320 70840 101670 65780 56620 51730 104260 19640 57770 32620 44840 
77731 31850 24470 82590 68010 60251 81461 84090 84660 51190 128521 88940 75681 64231 94990 75761 65721 83160 29600 90141 83650 130870 38590 103351 85780 121091 91951 146300 86840 97011 89740 36710 116111 115511 98740 76840 88600 20240 59901 113810 88750 67600 112101 35460 129851 117610 105720 127661 130391 130081 37510 0 89561 76530 129211 56890 109720 151620 71120 125952 110750 140550 50361 52890 68381 102501 98280 104121 91440 82280 16690 131290 46200 32160 61720 77100 
71240 103921 75250 81932 102390 55510 57520 85712 130210 94950 111180 121790 53730 27140 129150 31760 38450 101823 93700 80820 107890 125480 66730 52500 112950 78790 27450 137860 111160 91490 114060 77840 87260 94770 122390 92370 107830 108851 60230 130313 122760 89820 98090 56360 103870 132443 112802 107920 152521 109600 87310 90841 0 109070 118200 110930 133370 151410 105500 66180 128373 125920 39610 78060 67780 81290 117540 39620 96432 94962 102480 146852 106760 91160 118530 127020 
72380 61250 75730 58200 8780 67700 88421 56620 36170 27180 106390 13970 83500 82400 21140 91510 82640 41980 93650 77160 18850 96070 73570 119050 9950 130450 110890 107960 19810 72290 25180 44540 116110 104150 28290 45280 45220 91560 63310 55360 14200 28320 90450 60150 120290 62490 65640 106580 70951 113120 40660 77641 108820 0 98490 31060 45390 113240 7790 143332 53240 107100 69530 31630 59920 96690 43380 124120 56970 47910 91551 76060 40790 93200 33540 34380 
52310 129790 113920 47900 95840 72520 60820 46840 126600 103040 14530 103480 66450 98920 110230 88900 86620 57910 132370 40980 85780 12500 105400 89390 96470 73070 117990 24170 83270 35170 81810 100060 51670 30580 87700 58500 63990 147521 70290 62490 108390 72620 22310 95030 38810 59610 36290 17860 82820 25130 105520 129511 118810 97730 0 115640 76420 36400 98240 128360 61790 13610 93900 81310 61940 40380 59270 129820 42480 51130 141150 66010 117740 129830 122110 124400 
81780 31430 66250 72150 24950 71110 92261 72930 28980 15980 120940 37810 87260 84030 41910 94180 84790 62220 83120 87370 47930 114150 68990 121720 38950 134210 111750 129410 50230 86750 55600 36280 126320 117100 57530 62510 67310 61740 68160 85200 36190 44050 104910 55620 133240 92330 86730 121130 100661 127580 26180 57390 109680 30720 116110 0 75760 134690 25500 145751 83080 124720 71160 37890 68660 106900 71400 124980 74590 65530 71570 105790 10970 83450 8170 21420 
79441 104700 104080 59740 52420 85320 97121 57660 73240 67930 90220 43390 95381 106970 46210 109942 100942 34390 123050 80070 32500 71170 98490 134142 37550 138890 135600 78220 26680 69990 22930 76720 116960 97740 22750 47990 37620 128570 80050 17090 48300 44050 81160 85070 113880 23090 42020 92980 26310 100810 80170 110560 133530 45310 76070 75790 0 77350 52500 161533 14800 83610 93580 56270 71700 97540 20020 148830 48510 44730 123880 32580 84240 121720 78270 76420 
81080 150100 141140 71960 114430 100110 92120 68560 144111 121790 39670 114480 98280 129940 121230 120200 117160 74310 160311 71400 96980 29070 132620 114910 107500 98210 147480 12710 94300 63240 92840 120370 76810 55720 97110 77660 80390 170810 97510 61090 119390 91210 54300 122250 63910 55770 49720 43000 73720 50230 125830 152800 151900 112320 34300 134230 77390 0 116830 155230 63460 26080 121430 101360 89160 68580 70470 158590 61830 69720 167160 54980 138050 157771 140700 142821 
70420 55460 70610 58000 3660 64300 85341 56420 30790 21650 106190 18440 80340 79000 25610 88110 79240 43330 88530 75200 24000 96330 69810 115650 15730 127290 107490 111590 26520 72090 31890 39420 114150 103950 34310 45080 47170 85770 59920 61430 18550 26360 90250 56440 120090 68560 67840 106380 77441 112920 35540 72111 105420 7070 98290 25270 52100 116870 0 139932 59310 106900 66130 28230 57960 94730 48950 120720 56770 47710 86021 82130 35000 88080 27750 28590 
92920 141723 113052 107774 136963 81352 74110 111554 166033 130412 115980 156363 75890 66692 163723 56002 64292 127665 131502 97760 142463 139830 104532 38810 147523 60600 40260 143790 145733 109040 148633 115642 83960 98640 156963 119364 133825 146653 86072 156155 157333 124053 108030 94162 98890 158285 137170 111790 182065 112120 125112 128643 65620 143643 129070 146392 161785 156020 140073 0 154215 130720 78482 112392 93622 88040 143535 38060 122274 120804 140282 174175 143932 128962 153992 162833 
70340 107740 104880 47540 59830 76830 86720 45460 81720 72710 76020 51870 86290 105250 58620 102422 93291 28540 123850 67870 38910 56970 98590 123380 45760 124430 129722 64020 34070 57790 30500 78700 103080 83740 34500 41880 31770 129370 73030 3670 56780 44450 67160 86100 99880 11040 28020 78980 29170 86620 82650 111360 128282 53520 61870 83010 15820 63370 59980 154013 0 69410 90890 57650 64680 83660 12530 141892 36310 34290 125720 24610 89020 122520 86361 84630 
63270 139280 124880 58860 104840 83480 68200 56330 135600 112200 14830 111020 74600 106960 117770 96280 94770 66700 143330 51940 93320 17320 116360 90640 104010 73940 121860 13970 90810 46130 89350 109550 52540 31450 95240 67990 72780 158481 81250 69750 115930 81620 30600 105990 38300 64430 43830 18200 87640 24620 115010 140471 126190 106730 11300 124640 83960 26200 107240 129610 69330 0 104860 90800 72910 44310 66810 132970 51270 60130 152110 70830 127230 140790 131110 133400 
41770 64311 35640 51040 62970 23200 38240 54820 90380 55580 91670 82260 32460 14280 89620 26490 18510 63940 54090 54180 68470 98140 27120 54080 73530 74930 42000 113200 71660 61590 74560 38230 72890 75330 82890 53390 69190 69241 25190 94190 83150 50450 76030 16750 86630 96780 81400 88410 113001 90090 47700 51231 39200 69650 93790 71560 93870 121460 66080 76681 91170 105300 0 38690 33670 61850 78900 54170 65110 58830 62870 111370 67150 51550 79160 87190 
44860 50280 47620 34570 24650 36690 57841 36070 54370 22100 83360 44050 52840 51390 51410 60500 51630 30500 66220 49790 30840 80550 42280 88040 35320 99790 79110 95810 34030 49170 36930 21050 88740 79520 45260 26390 35940 71930 32880 60730 44830 14800 67330 28860 95660 64750 55010 83550 76921 90000 26000 53920 77040 31330 80950 38060 56240 101090 27760 112221 57890 90350 38520 0 31880 69320 45620 92340 40990 31830 67070 78130 38220 65250 44530 51730 
13730 73520 52760 18150 54900 14090 29560 21930 84670 52900 62040 71190 25680 45470 78550 40890 32690 38470 71210 24170 55170 66130 44240 62220 62460 72630 68970 81190 57370 29580 59110 41890 59680 53270 68600 27050 43800 86361 9130 66830 73190 36710 45620 33870 69370 68870 49020 61180 90140 67060 51510 68351 67530 59690 61780 68880 71760 89150 58010 93261 64920 74220 33050 32040 0 40260 53510 81140 32650 31250 79990 82250 67160 68670 76020 82030 
27000 112580 87570 42290 91930 44900 23890 44820 122540 91620 29890 106430 31310 62650 113790 51970 51480 65591 106020 22190 88680 51600 79050 49230 97700 40990 79440 56460 90880 30020 90491 80950 19420 13480 100321 57200 71751 121171 45190 84630 110220 72070 20230 68680 29410 82920 56600 26630 106410 28310 90860 103161 81880 96720 40340 107600 97810 68690 95040 87270 83760 44630 61900 70070 40260 0 79260 91270 52310 56280 114800 93910 106280 103480 114200 119900 
61141 95210 92330 41440 49320 67020 78821 39360 74060 61090 73430 44210 77081 91310 50960 91642 82642 16090 111300 61770 28400 54380 86140 115842 37200 119820 118942 66270 24000 51690 22540 66170 98660 79880 28430 29690 19320 116820 61750 15890 49120 31920 63300 73570 96020 21410 25230 75120 38370 82950 70460 98810 116960 43570 59280 71390 19920 71360 49470 143233 12500 66820 78440 45120 53400 79240 0 131112 30210 26430 113170 34790 77400 109970 75851 74241 
84111 118591 89920 94803 116210 68381 69690 98583 144030 108770 118400 135610 66170 40960 142970 44460 51321 114694 108370 93340 121710 138881 81400 47660 126770 78040 13270 146210 124980 104361 127880 92510 89390 101990 136210 106190 120854 123521 73101 143184 136580 103640 108840 71030 107170 145314 125673 115140 169094 116820 101980 105511 39660 122890 129610 124750 147190 158440 119320 37780 141244 133140 54280 91880 80651 91120 130564 0 109303 107833 117150 159723 120960 105830 132350 140840 
37420 90050 82720 15400 54380 44750 52430 12000 85140 61740 52140 64140 54210 74791 71500 70211 61211 18160 101170 33350 46060 40360 74200 88210 55410 90820 97511 56620 45700 24750 44570 60320 71720 55150 54400 17610 24240 110650 40950 37980 68500 31160 38620 63830 71290 40020 19040 53040 61290 60870 65780 92640 96071 56270 42320 74180 48540 61900 56780 121802 36070 50930 64870 41310 32600 52300 29990 109681 0 9670 105790 53400 78000 98630 80650 82940 
38620 80940 76310 16320 45520 45100 55500 14240 76280 52880 60220 55750 54560 72220 63110 69121 60121 10850 94760 37110 37670 49190 67790 91090 47020 95160 96421 64450 37310 30000 36350 51210 76060 61860 46180 8790 17010 101540 39890 36290 60110 22300 45780 57420 78000 38420 24570 60860 59690 68400 56670 83530 94981 47580 51150 65320 44970 69730 47920 120712 34350 59760 59120 32200 31540 56640 26720 108591 9630 0 96680 51800 68890 92220 71790 74080 
89840 47010 29730 95980 82370 72360 93570 97480 99280 65550 140630 103300 87790 76340 109350 87870 77830 96550 32420 102250 97050 144270 45950 115460 100140 133200 104060 159700 100240 109120 103140 51070 128220 127620 112140 90230 101990 23710 72010 127210 103110 80990 124210 48750 141960 131010 119120 139770 143791 142190 51870 16920 101670 90890 141320 71510 123120 165020 85480 138061 124150 153760 62470 66280 80490 114610 111680 116230 104830 95670 0 144690 60820 34980 76340 91720 
87930 128880 126050 65130 81840 94420 103400 63050 103730 94720 79970 73880 103880 124330 74900 120081 111081 48990 145020 82080 60920 57420 119020 139430 67770 134760 147381 62380 56080 71990 52510 99310 113010 91740 53810 59470 52200 150540 90620 20930 78790 66650 75320 107250 104250 16100 41820 83300 19770 90570 104070 132530 145941 75530 65820 105020 32450 54610 81990 173933 24050 70560 110540 78260 82270 93990 34730 159551 53900 51880 146890 0 111030 143690 108371 106640 
81040 20780 56370 72080 33940 69440 90591 73580 38780 18560 120870 47440 85590 80800 51730 91940 81560 67550 72550 87300 55840 118180 62890 119530 48530 132540 108520 133570 58510 86680 63880 30520 125241 117030 67100 64150 72800 51090 66490 90690 46010 49270 104840 50590 133170 97820 92060 121060 107350 127510 19560 46740 106510 40290 118460 11010 84090 138850 34610 142521 88570 127860 67310 38590 68090 106830 76890 120690 78750 69590 61000 111280 0 72880 15840 31220 
78130 62220 19430 86142 83950 60650 81860 89670 107171 70470 128920 105750 76080 64630 112920 76160 66120 95140 6540 90540 95640 133960 34240 103750 99590 121490 92350 149820 98830 97410 101730 49870 116510 115910 110730 86440 100380 51860 60300 125800 105860 79380 112500 37040 130250 129600 114770 128060 142381 130480 57991 32130 89960 92360 129610 83921 121710 158602 87060 126351 122740 142050 50760 64670 68780 102900 110270 104520 98350 91880 34840 143280 73670 0 88800 102200 
88820 32310 71750 78980 28920 79100 100251 79770 24060 23970 127770 39530 95250 92020 43460 102170 92780 69050 88240 94200 50790 120980 76980 129710 41390 142200 119740 136240 52680 93580 58040 44270 133150 123930 59970 69340 73960 62620 75960 88220 37740 50880 111740 63610 140070 95350 93560 127960 103101 134410 33560 62510 117670 33160 122940 8410 78200 141520 27960 153741 86100 131550 79150 44720 75700 113730 75740 132970 81420 72360 76690 108920 16000 88570 0 16500 
94770 48010 84480 83850 29570 86580 107731 83330 7830 32770 132640 33100 102730 99530 35710 109680 100290 70690 102470 99640 51560 123240 85780 137220 39660 149680 128110 138500 52370 98450 57030 53070 138590 129370 55050 71990 74770 78320 83070 86790 30090 53140 116610 72410 145510 93920 95200 132830 95860 139280 44800 77740 126040 34280 125200 21280 76350 143780 29080 161522 84670 133810 86660 51380 81790 119170 74751 141340 83680 74620 91920 106850 31230 102020 16330 0 

0 Ciudad_0 0 0 32400 0
1 Ciudad_1 755 21849 25254 1510
2 Ciudad_2 687 23968 27880 1374
3 Ciudad_3 546 23288 27421 1092
4 Ciudad_4 185 20032 22559 370
5 Ciudad_5 510 12245 14683 1020
6 Ciudad_6 161 25218 28218 322
7 Ciudad_7 664 5414 8439 1328
8 Ciudad_8 480 4636 6981 960
9 Ciudad_9 414 15333 19436 828
10 Ciudad_10 379 2965 5482 758
11 Ciudad_11 334 20336 23435 668
12 Ciudad_12 700 2480 7166 1400
13 Ciudad_13 285 13731 17661 570
14 Ciudad_14 605 18269 22942 1210
15 Ciudad_15 477 24852 27690 954
16 Ciudad_16 536 4937 8422 1072
17 Ciudad_17 713 19236 22277 1426
18 Ciudad_18 100 16274 20910 200
19 Ciudad_19 107 646 3657 214
20 Ciudad_20 737 22673 24976 1474
21 Ciudad_21 380 25474 27999 760
22 Ciudad_22 135 14110 18207 270
23 Ciudad_23 407 13206 17516 814
24 Ciudad_24 567 7887 11386 1134
25 Ciudad_25 276 25277 28479 552
26 Ciudad_26 474 22007 24526 948
27 Ciudad_27 406 16561 20318 812
28 Ciudad_28 256 17554 21678 512
29 Ciudad_29 609 6926 10640 1218
30 Ciudad_30 353 13179 17008 706
31 Ciudad_31 355 10200 13140 710
32 Ciudad_32 540 8433 11168 1080
33 Ciudad_33 151 14847 17557 302
34 Ciudad_34 671 15538 17574 1342
35 Ciudad_35 418 4470 7885 836
36 Ciudad_36 532 20628 23681 1064
37 Ciudad_37 344 7977 11444 688
38 Ciudad_38 112 14965 18337 224
39 Ciudad_39 637 24121 26595 1274
40 Ciudad_40 774 7972 11102 1548
41 Ciudad_41 494 19131 23900 988
42 Ciudad_42 340 21992 25852 680
43 Ciudad_43 296 25043 29781 592
44 Ciudad_44 546 3934 6029 1092
45 Ciudad_45 135 11836 15557 270
46 Ciudad_46 285 15744 20688 570
47 Ciudad_47 702 15738 18917 1404
48 Ciudad_48 116 17999 20581 232
49 Ciudad_49 411 16526 21517 822
50 Ciudad_50 554 4194 8745 1108
51 Ciudad_51 146 15689 19529 292
52 Ciudad_52 505 14865 18093 1010
53 Ciudad_53 741 22413 26049 1482
54 Ciudad_54 431 15113 17137 862
55 Ciudad_55 773 3389 6801 1546
56 Ciudad_56 483 16863 21590 966
57 Ciudad_57 778 10459 13145 1556
58 Ciudad_58 506 16715 19303 1012
59 Ciudad_59 553 13414 17984 1106
60 Ciudad_60 389 5992 10749 778
61 Ciudad_61 269 25160 28709 538
62 Ciudad_62 138 5092 9984 276
63 Ciudad_63 130 15829 20149 260
64 Ciudad_64 718 12794 15351 1436
65 Ciudad_65 590 1703 5677 1180
66 Ciudad_66 486 21020 24617 972
67 Ciudad_67 417 13158 16752 834
68 Ciudad_68 741 16355 19475 1482
69 Ciudad_69 318 24066 26373 636
70 Ciudad_70 529 24439 27719 1058
71 Ciudad_71 166 13822 16003 332
72 Ciudad_72 468 20311 23092 936
73 Ciudad_73 214 21399 24933 428
74 Ciudad_74 332 10453 14627 664
75 Ciudad_75 228 5170 8164 456

0 -0.0985917 -0.0180154 -0.0654415 -0.0265861 -0.0424948 0.0302257 0.0922367 0.058647 -0.034686 -0.079472 0.0223674 0.0272441 -0.0262986 0.0210978 -0.0329514 -0.038753 0.00791918 -0.0143507 -0.0896761 0.0815202 -0.085531 0.0988268 -0.0624117 -0.0696958 0.0344725 0.073869 -0.00736152 -0.0245149 -0.088295 -0.0272507 0.00400599 0.0864035 0.0990721 0.0232115 0.0762802 -0.055422 -0.0618174 0.0289167 0.0155431 -0.0369522 -0.0985781 -0.00798662 0.0386291 -0.0153879 -0.0721284 0.0579911 0.0857655 -0.00555383 -0.0864581 0.0351011 -0.0856545 -0.014404 -0.0487134 -0.0411683 0.0922412 0.00987353 -0.0839375 -0.0904974 0.0789847 -0.0817639 0.0170127 -0.00554139 0.00188271 0.0369265 0.0398224 0.00758026 -0.0275329 0.0513326 -0.0917359 -0.0267316 -0.0410195 -0.0449666 0.0841666 -0.0325785 0.0699596 
0.0985917 0 -0.0977911 -0.00833274 -0.000595745 0.0192799 -0.0190646 -0.0661357 0.0724985 0.0844943 0.0410549 0.0461498 -0.0707052 0.0598385 0.0887876 0.0738361 0.0359206 -0.0225988 -0.00199043 0.0539672 -0.0559709 0.0877216 0.0673099 0.0949323 0.0482449 0.0648226 -0.0920652 -0.0279166 0.0421817 -0.0361282 -0.0811849 -0.0902292 -0.0457062 -0.0996154 0.0240925 0.0475887 -0.0305781 0.0488062 -0.018153 0.0633989 -0.0982304 -0.0255866 -0.0355113 -0.0406459 0.0686894 0.0929004 0.0539353 -0.0533311 -0.00473178 -0.00673995 0.0382272 0.0849597 -0.0496983 -0.0787059 -0.0807348 -0.0362916 0.0935377 -0.0102238 0.054865 0.0332964 -0.057575 -0.0313433 -0.0539373 0.0268968 -0.0556453 -0.0244421 0.0615323 0.0740477 -0.0705156 0.0393175 -0.0038815 -0.099752 0.0589828 -0.00693252 0.0636671 0.0425936 
0.0180154 0.0977911 0 0.0191593 0.0761223 0.0507159 -0.0458024 0.0765394 0.0455663 0.0242718 0.0128945 -0.0985473 0.0585942 0.0776153 -0.0657498 -0.0787261 -0.0928225 0.08985 -0.0428714 0.0895877 0.00350866 -0.0501651 -0.0377337 0.0812788 0.0268364 -0.0814953 -0.0614545 0.0693275 -0.0885726 -0.0387262 -0.0455627 0.0675735 -0.013352 0.0710215 0.031389 0.0387239 -0.0352095 -0.0251931 -0.00328351 -0.00346363 0.0888914 -0.0239028 -0.0892734 -0.0494358 -0.0678119 -0.0505345 0.016086 -0.0912586 -0.071612 -0.0480266 -0.0928839 -0.0573538 -0.0806631 0.0732425 -0.0354821 0.00987797 0.0579688 -0.0964008 -0.0419267 0.0798766 -0.0117394 -0.0620914 0.0176339 0.0621573 0.0871326 0.0771753 -0.022931 0.0431175 0.0730486 0.0673736 -0.0949649 -0.00718031 0.055238 0.0500965 -0.054826 -0.0338566 
0.0654415 0.00833274 -0.0191593 0 0.0537637 -0.0739063 -0.0394271 0.00459503 0.0798798 -0.0827871 -0.0624692 -0.0737279 -0.0808897 0.0741071 -0.0683637 0.043901 -0.0746077 0.0742394 0.0871721 0.0827761 -0.0354437 0.0600093 0.0281299 0.0940781 0.0151603 0.00532121 0.00597132 0.0921651 0.0443724 -0.0793439 -0.012313 -0.0942973 0.0832902 -0.0708735 -0.0968991 0.0187347 0.0416346 -0.0730428 -0.0197531 -0.0484853 -0.0393961 0.0981361 0.0727492 0.0851122 0.0750474 -0.00603053 -0.019453 0.0377226 -0.0906918 -0.0456011 0.0426954 -0.080121 -0.0798491 -0.0585206 -0.0982337 0.0537587 -0.00706967 -0.0487571 0.0451553 0.0136949 0.0594116 -0.0450055 0.00163307 -0.0798689 -0.0612861 0.0695078 -0.06729 0.0565378 -0.0422749 -0.0474364 0.0612859 0.0377841 -0.0796736 -0.0309345 0.0264348 0.0143578 
0.0265861 0.000595745 -0.0761223 -0.0537637 0 -0.0782814 -0.0288758 -0.0279526 0.0437776 -0.0605674 -0.0590015 0.0747104 0.0886944 0.05809 0.00552287 0.0875756 0.00689844 -0.0312399 -0.08199 0.0349519 -0.0156527 -0.0346149 0.0353152 0.0464343 0.0120016 -0.063273 -0.072984 0.0358604 -0.0227572 0.0479829 0.0850089 -0.00498475 0.0792221 0.0726761 0.0201015 0.0916416 -0.0838012 0.0592193 0.08798 -0.0904595 0.0351154 0.00354993 0.00634644 0.0705278 0.00395297 -0.0788556 -0.0923575 -0.0538662 -0.0311761 -0.00614151 -0.0625922 -0.0683785 -0.000502874 -0.05865 -0.0407802 0.035379 0.0794571 -0.0501189 -0.0569173 -0.0351895 0.0636419 0.0996525 -0.073854 0.0171269 -0.00183708 -0.059824 0.00992748 -0.0365642 0.0420451 0.000996972 -0.0887749 0.0835837 -0.0832565 0.0827861 -0.0557878 -0.0456631 
0.0424948 -0.0192799 -0.0507159 0.0739063 0.0782814 0 0.0627408 0.074332 -0.0783244 -0.00869368 -0.0746431 0.0197274 0.0869701 0.00580434 -0.0139479 -0.0632315 0.0567396 0.0575848 -0.0334151 -0.0069021 -0.0936571 0.039413 0.00956006 0.00731027 0.0879889 -0.00540405 -0.0363404 0.0110798 0.0869045 -0.0264839 0.0323107 0.0233128 0.00903116 -0.0485065 0.0503294 0.0867116 -0.0148577 0.0877291 0.00685743 0.0808024 0.00933599 0.0721786 0.0563416 -0.0926553 0.0136925 0.0933732 0.0880701 0.0875254 -0.0507641 -0.0934213 0.0933929 -0.0544476 0.0447265 0.00624006 0.04421 0.076846 -0.075613 0.0932569 -0.0738928 -0.0643213 -0.0766554 0.0938243 -0.0083497 -0.0683183 -0.0640338 -0.092557 -0.020908 -0.0807315 -0.0284232 0.0219212 0.0804901 -0.0400727 -0.0876394 -0.0891075 -0.0769101 0.0190777 
-0.0302257 0.0190646 0.0458024 0.0394271 0.0288758 -0.0627408 0 -0.0869801 -0.0701621 -0.0791695 0.079948 0.0683348 -0.0371067 -0.0499891 0.0338731 -0.037586 0.086736 0.011775 -0.0455675 -0.0302083 -0.0140648 -0.00419377 -0.0882074 0.0159169 0.0371212 0.0716587 -0.0184282 -0.0875141 -0.0914077 -0.0556175 -0.0646395 0.00978545 0.00752306 0.0759271 -0.0857747 -0.0453424 0.00830876 0.054225 -0.0767204 -0.0760484 -0.090225 -0.0746284 0.0588475 0.0411102 -0.0929569 0.0521864 -0.0798544 -0.0393746 -0.0983864 -0.0146083 0.0621778 -0.0368653 0.0244272 -0.0480803 0.0273908 -0.00137982 -0.0673843 0.0554351 0.0622799 -0.0794377 -0.0562434 -0.0795134 0.0131667 0.0403639 0.0424697 -0.0388799 -0.00199936 -0.0159626 -0.0879867 -0.0317657 -0.0149422 -0.0991185 -0.0328881 -0.0258253 0.0626447 -0.0554384 
-0.0922367 0.0661357 -0.0765394 -0.00459503 0.0279526 -0.074332 0.0869801 0 0.00756008 0.0634507 -0.0489952 -0.0658777 -0.00552563 0.0215939 0.0204848 -0.0748813 -0.029522 -0.0193947 0.0983898 -0.0940357 0.000349208 0.0550153 0.041745 -0.054528 -0.0744859 0.0246097 -0.0183881 -0.0797988 -0.00806918 -0.00184604 0.0160429 0.0680786 -0.0419842 -0.0249969 0.00358442 -0.0827637 0.0597539 -0.0608742 -0.0335851 0.00587199 -0.000321301 0.0478984 -0.0301617 -0.07413 -0.0255473 0.00270804 0.095818 -0.0761795 0.0576532 -0.0556068 -0.000982779 -0.0284441 0.0686488 -0.027325 -0.0160992 0.0759961 -0.00825598 0.0264965 -0.0162642 -0.0428044 0.015776 -0.00227093 0.0010655 -0.00413672 0.0464891 -0.0363112 -0.0542726 -0.0646134 0.0474855 0.075692 -0.005174 -0.0273731 0.048479 0.0845448 0.0305456 -0.0815534 
-0.058647 -0.0724985 -0.0455663 -0.0798798 -0.0437776 0.0783244 0.0701621 -0.00756008 0 -0.0884015 -0.0432676 0.0706632 -0.038147 -0.0205313 0.0410111 0.0132255 -0.0294249 -0.0550865 0.00395578 0.0773764 -0.053006 0.000519421 0.00133735 0.091281 -0.0911576 -0.0639531 -0.0723197 -0.0233757 0.0179991 -0.0962193 0.0535612 0.0684588 -0.0159131 -0.026079 0.0574018 0.00958677 0.0294529 -0.0261924 -0.0845689 0.0851671 0.0337078 -0.0399783 0.037909 0.0986267 0.0703182 -0.0727382 0.0317437 0.0696803 0.0529667 -0.0726022 -0.0352617 -0.0448112 0.0168085 0.0621552 -0.0716721 -0.0594502 -0.0561056 -0.0517675 -0.0183452 0.0838731 0.0872643 0.0609962 -0.026526 0.0504387 -0.0480885 -0.0459108 -0.0286347 0.00148188 -0.0209641 0.0525944 -0.0506923 -0.0415083 -0.0163857 -0.0245964 0.0980497 -0.0525534 
0.034686 -0.0844943 -0.0242718 0.0827871 0.0605674 0.00869368 0.0791695 -0.0634507 0.0884015 0 0.0170649 -0.0188853 0.0357807 -0.0865456 -0.0174398 -0.0643182 0.0817343 -0.0623595 -0.0171796 -0.043496 -0.0532661 0.0137947 -0.0240603 0.0224036 0.0323354 -0.0317789 0.0177781 0.07569 -0.0464846 -0.0289672 0.0559105 0.073606 -0.0150153 -0.0834665 -0.0353593 -0.00570808 -0.051788 0.056517 0.0630554 -0.0596247 0.0421583 -0.0745786 -0.0647429 -0.0966882 0.0412329 -0.00172492 -0.0851393 -0.0842058 0.0663969 0.0888487 -0.00151822 0.0463665 -0.015337 0.023021 -0.0831894 -0.0427818 0.0890311 0.0122861 0.0185008 0.0992851 -0.0827284 0.0672683 0.0330511 -0.00787596 -0.0344865 0.0762638 0.0487992 0.0501925 0.0932713 -0.00961801 -0.0297363 0.00505235 0.0062717 0.0739331 -0.0168105 -0.0490349 
0.079472 -0.0410549 -0.0128945 0.0624692 0.0590015 0.0746431 -0.079948 0.0489952 0.0432676 -0.0170649 0 -0.0196433 -0.039434 0.06409 -0.0390914 -0.0965379 -0.0733882 -0.0613185 0.0926199 0.0473737 0.062672 -0.0274207 0.0585377 -0.0269853 -0.0807632 0.0363232 -0.0206324 -0.0827848 0.0292974 -0.0441762 0.0595594 0.0280324 -0.0060734 0.00874854 -0.00214966 0.0352081 -0.0671865 -0.0516073 -0.0495485 0.0847921 -0.0761892 -0.0926645 -0.0197328 -0.00983466 -0.0890858 -0.0669428 -0.0695876 0.0198378 -0.031414 0.0907332 -0.0348768 -0.0270269 -0.0206153 0.0484768 -0.00903316 -0.0514842 -0.0512116 0.0552777 0.0911482 0.0120264 -0.0966319 -0.0306926 0.0747362 0.0930286 0.0495559 0.0539882 0.0421182 0.0126778 -0.0526783 0.0932676 -0.0688203 0.00285452 -0.0345664 0.0243302 0.0350869 -0.0472595 
-0.0223674 -0.0461498 0.0985473 0.0737279 -0.0747104 -0.0197274 -0.0683348 0.0658777 -0.0706632 0.0188853 0.0196433 0 -0.0320199 0.0882227 0.0620966 -0.000738383 0.056635 -0.0222154 0.0190333 0.0950827 0.0621846 -0.0827065 -0.0855211 0.0621449 -0.0891381 -0.0523802 -0.0652746 0.00656219 0.0901987 0.0506413 0.0858473 -0.0574409 -0.0694938 0.0835329 0.0747475 -0.00343792 0.0444141 0.0165206 -0.0199897 0.0773981 0.00573712 0.0751111 0.0359168 0.0668488 -0.0459443 0.0590365 0.0829708 -0.0891063 0.0816927 -0.0278159 0.0748741 -0.0424319 0.0808745 -0.0953912 -0.0665811 0.0190343 0.0348022 0.0277089 0.00394787 -0.0464829 -0.0607973 -0.0159084 -0.0124511 0.0118776 0.0867308 0.0849519 0.0854266 -0.0954185 0.0428647 -0.008862 0.073264 0.0124879 0.0045112 0.0802844 0.0324156 0.0843782 
-0.0272441 0.0707052 -0.0585942 0.0808897 -0.0886944 -0.0869701 0.0371067 0.00552563 0.038147 -0.0357807 0.039434 0.0320199 0 0.00277916 0.0564932 -0.0176907 -0.0979298 -0.0101499 -0.0471821 -0.016414 0.0664533 -0.088227 -0.0232168 0.0692344 0.0673323 0.0681137 -0.0345682 0.0262465 -0.0317437 0.0751407 -0.0249066 -0.0978101 -0.0520802 0.0571385 0.094416 0.0261361 0.00803901 -0.0458836 -0.0912219 0.0289765 0.0430756 -0.0686079 -0.0836374 -0.0141822 -0.0953021 -0.0874135 0.0515585 0.0203787 -0.0808784 0.0374453 -0.0482187 -0.0743136 -0.0988617 -0.0238111 0.0318917 0.0616749 0.0238687 0.00587861 -0.0514152 -0.0920546 0.0150886 0.0814804 0.0288262 0.0498639 -0.0153566 -0.0464614 -0.0348634 -0.0972207 0.0669329 0.0849992 0.0636304 0.0366869 -0.0557947 0.0842505 0.0613898 0.0499504 
0.0262986 -0.0598385 -0.0776153 -0.0741071 -0.05809 -0.00580434 0.0499891 -0.0215939 0.0205313 0.0865456 -0.06409 -0.0882227 -0.00277916 0 -0.0343999 -0.0505665 -0.00245362 -0.00344349 0.0557574 0.0603433 0.000266271 0.00183524 -0.0395639 0.0278104 -0.0690574 -0.0887824 -0.0706011 0.066121 0.0806865 0.0215435 -0.0836871 0.067814 -0.0137326 0.0439601 -0.0330509 0.0627703 -0.0120829 -0.0309749 -0.00692919 -0.0209979 -0.040813 0.0435375 -0.0396388 0.0369118 -0.0114912 0.0245277 -0.0776944 0.0517734 -0.0561724 -0.0782654 0.0241345 -0.0445575 -0.0469042 0.00994303 0.0328811 0.0232498 0.0489642 -0.0534564 -0.0364785 -0.0480211 0.00236753 0.071332 0.0778574 0.0716615 -0.0100543 0.0594612 0.0768801 0.0662266 0.0546254 0.0112575 -0.0244755 0.0210725 -0.0923851 0.0377095 -0.048951 0.0633055 
-0.0210978 -0.0887876 0.0657498 0.0683637 -0.00552287 0.0139479 -0.0338731 -0.0204848 -0.0410111 0.0174398 0.0390914 -0.0620966 -0.0564932 0.0343999 0 0.0127084 0.00873775 0.0467272 0.00830071 0.060913 -0.00497161 0.0334244 -0.0476411 0.0687641 0.0616205 0.00761869 -0.00319873 0.0803571 0.0574407 -0.0489135 -0.0958772 -0.0989445 0.0650317 0.0113608 0.01015 0.0663379 0.024686 -0.0694205 -0.0779491 0.0647924 -0.0343946 -0.0352429 -0.0219364 -0.0134861 0.0264343 -0.0026811 0.0274561 0.0290621 -0.0981566 0.0516011 0.0750483 0.0256772 0.0217965 -0.0650919 0.0167093 -0.000614378 -0.0197711 -0.0157066 0.0814515 -0.0752554 -0.0993799 -0.0472563 0.0719086 -0.0956233 -0.0472087 0.0711425 -0.0888262 -0.0986903 -0.0978353 0.0268213 0.078308 0.0873298 -0.0444627 0.0541749 0.070409 -0.0674996 
0.0329514 -0.0738361 0.0787261 -0.043901 -0.0875756 0.0632315 0.037586 0.0748813 -0.0132255 0.0643182 0.0965379 0.000738383 0.0176907 0.0505665 -0.0127084 0 -0.0338456 0.0916544 0.0657622 0.0355245 5.50927e-05 -0.0796686 -0.00933342 -0.0424617 -0.0433683 -0.0941905 0.0117437 -0.0191337 -0.0309346 0.0495147 0.0777576 0.0543453 0.03989 0.0664752 0.0511066 0.0440286 0.00458022 -0.0300033 0.090906 0.0663856 -0.0940574 0.0256533 0.0394741 -0.0701578 -0.0653952 0.046625 0.0857011 0.00907083 -0.041331 0.0700556 -0.0823079 0.0868253 0.0458583 -0.0896697 0.057673 0.0616566 -0.090322 0.074819 0.0145402 -0.0535379 -0.0560677 -0.0973832 0.034122 0.059673 -0.0109059 -0.0262066 0.0174252 0.0275954 0.0678255 0.0915473 0.0689215 0.0029603 -0.0787705 0.0856706 -0.0857468 -0.0683802 
0.038753 -0.0359206 0.0928225 0.0746077 -0.00689844 -0.0567396 -0.086736 0.029522 0.0294249 -0.0817343 0.0733882 -0.056635 0.0979298 0.00245362 -0.00873775 0.0338456 0 -0.0243445 -0.0768784 -0.0183845 -0.0870544 -0.0677049 -0.0400551 -0.088672 -0.0545492 0.0370057 0.0470739 -0.0239342 -0.0884946 -0.0984626 0.067565 0.00669243 0.00491643 0.0119141 0.0465998 -0.0950124 0.0914417 0.0792443 0.0911385 -0.074297 -0.0520768 -0.0295664 -0.0699662 0.0810181 0.0847331 -0.014531 -0.0143506 0.0851399 0.0592955 -0.091745 -0.0299957 0.0709809 0.0595989 0.0628372 -0.0510123 0.0106275 0.0151633 0.0251041 -0.0170418 -0.0391025 0.0411904 0.00445725 0.0883437 0.0589025 0.0916283 -0.00184171 -0.0235918 -0.0794413 0.0259182 0.0620068 0.0430203 0.0313371 -0.0191185 -0.0419568 -0.0963123 0.0832917 
-0.00791918 0.0225988 -0.08985 -0.0742394 0.0312399 -0.0575848 -0.011775 0.0193947 0.0550865 0.0623595 0.0613185 0.0222154 0.0101499 0.00344349 -0.0467272 -0.0916544 0.0243445 0 0.067217 0.0502015 -0.0844039 0.00421047 -0.052363 -0.00126152 -0.0309027 0.0447876 -0.0618634 0.0806404 -0.0564611 0.0452332 0.0853991 -0.0251107 0.0823173 0.067229 -0.0352899 0.0176248 -0.00150342 0.0648652 -0.0127669 -0.033286 -0.0923347 0.0689058 -0.0862015 -0.0485348 -0.0680126 -0.0191826 -0.033589 0.0934385 -0.036527 0.0928087 -0.0349865 -0.01848 -0.0268294 -0.0784005 0.0964852 0.0465251 0.0872384 -0.0574901 -0.000181911 -0.0361744 -0.0865808 -0.0243591 -0.0679398 -0.00523348 0.00357989 -0.0622423 0.0997039 0.0997746 0.044282 0.0325964 0.0745922 -0.0793218 -0.094173 -0.023664 0.0173314 -0.00544891 
0.0143507 0.00199043 0.0428714 -0.0871721 0.08199 0.0334151 0.0455675 -0.0983898 -0.00395578 0.0171796 -0.0926199 -0.0190333 0.0471821 -0.0557574 -0.00830071 -0.0657622 0.0768784 -0.067217 0 -0.0782044 0.0492395 -0.0415099 -0.0298585 0.00770859 0.0482726 -0.0780465 -0.00919782 -0.0437417 0.0732854 -0.0116976 -0.0043005 0.0769446 0.014182 -0.0701128 0.0553235 -0.0395242 -0.0653348 0.0459032 -0.0921309 0.0410575 -0.0699796 0.0917968 0.0573035 0.0846522 -0.0788344 0.0841951 -0.0150986 -0.0501509 -0.00222651 -0.064028 -0.0935665 0.0590619 0.074418 -0.0110591 -0.0604523 -0.0324256 -0.0141381 -0.0149817 -0.0845196 -0.0751942 -0.0705914 -0.0860977 -0.0721217 0.0471676 -0.0393772 -0.0257179 -0.0228239 -0.0353849 -0.0917732 0.0996637 -0.0810409 0.00906091 0.0391003 -0.0836288 0.0105507 0.0926818 
0.0896761 -0.0539672 -0.0895877 -0.0827761 -0.0349519 0.0069021 0.0302083 0.0940357 -0.0773764 0.043496 -0.0473737 -0.0950827 0.016414 -0.0603433 -0.060913 -0.0355245 0.0183845 -0.0502015 0.0782044 0 -0.0661257 -0.0221221 0.050474 0.0770175 0.0940584 0.031323 -0.024791 0.0399926 0.0867033 -0.0712063 0.0646635 -0.0211829 0.0960048 -0.0425882 -0.0149401 0.00838397 -0.00606628 0.0162887 0.0666066 0.0657428 0.0983082 0.0916625 0.0345701 0.0143972 0.0513798 0.0116427 0.0684263 0.0502341 0.0203423 -0.0399813 -0.0312135 -0.0226417 0.0147107 0.0490029 -0.0104019 -0.0613449 -0.0584614 0.00891507 -0.00876871 0.0993876 -0.0762725 -0.032295 -0.00222616 -0.0247247 0.0600864 -0.0996475 0.0921029 -8.72547e-05 -0.0949628 0.0565324 -0.0410381 0.0139415 0.0570146 -0.0252807 0.0484799 0.00588413 
-0.0815202 0.0559709 -0.00350866 0.0354437 0.0156527 0.0936571 0.0140648 -0.000349208 0.053006 0.0532661 -0.062672 -0.0621846 -0.0664533 -0.000266271 0.00497161 -5.50927e-05 0.0870544 0.0844039 -0.0492395 0.0661257 0 0.0533838 -0.077712 -0.0779407 -0.0502931 -0.0345479 -0.0930473 0.088436 0.0517655 0.0846957 0.0952519 0.0280287 0.00161193 -0.00595948 -0.00934168 -0.071998 0.0659285 0.019656 0.0289126 0.0931623 0.0259063 -0.0218659 -0.0839895 -0.00637745 -0.0989023 -0.098733 0.0868726 -0.0325065 0.064186 -0.00831628 0.0997014 -0.0936963 0.0161206 0.0840555 0.0465833 0.0366019 -0.0721732 -0.0961486 -0.0825914 -0.0305898 -0.0513387 -0.0310109 -0.00708812 0.0808748 0.0572979 0.0837349 -0.0738346 -0.0222678 0.0249772 0.0731373 0.0502602 -0.0228338 -0.0705745 -0.00175065 -0.0704095 0.0147128 
0.085531 -0.0877216 0.0501651 -0.0600093 0.0346149 -0.039413 0.00419377 -0.0550153 -0.000519421 -0.0137947 0.0274207 0.0827065 0.088227 -0.00183524 -0.0334244 0.0796686 0.0677049 -0.00421047 0.0415099 0.0221221 -0.0533838 0 -0.039097 -0.0576214 -0.034346 -0.0483574 0.0570405 0.047698 0.0185862 0.0421658 0.025375 0.0257497 -0.0585765 0.0301296 0.0848721 0.0590878 0.0233101 0.00893038 -0.0941796 -0.0975874 0.0757503 0.00374417 0.0616573 -0.013885 0.0190773 -0.0947447 -0.0607248 -0.0517851 0.00605061 -0.0493943 -0.0407749 -0.0319789 0.0350802 0.011405 0.0138835 -0.0943882 0.0767814 -0.0218409 0.0546577 0.0921758 -0.00525748 -0.0195683 -0.0666073 -0.0209528 0.00472095 0.0925043 0.0833847 -0.0101663 -0.0145803 0.0747716 -0.0597208 -0.0207061 0.0296917 -0.0475429 -0.0485355 0.0666213 
-0.0988268 -0.0673099 0.0377337 -0.0281299 -0.0353152 -0.00956006 0.0882074 -0.041745 -0.00133735 0.0240603 -0.0585377 0.0855211 0.0232168 0.0395639 0.0476411 0.00933342 0.0400551 0.052363 0.0298585 -0.050474 0.077712 0.039097 0 0.0554377 -0.0320173 0.0627696 0.0896315 -0.091734 -0.0759594 -0.0970213 0.0702124 0.00818217 -0.0727306 -0.0204016 0.00156804 0.0760591 0.0330197 -0.0516819 -0.0454622 0.0586238 -0.0702339 0.0981752 0.0102787 0.0432337 0.0797715 0.075766 0.0161494 0.0909711 -0.0412184 0.0177384 -0.0591404 0.0588207 -0.0841615 0.0854623 -0.06178 4.98731e-05 -0.0473968 -0.0446291 -0.0590379 -0.0174562 0.0877472 -0.0759658 0.000156141 0.0574847 0.0784164 -0.0785395 -0.0825955 0.063121 0.0240558 -0.0741907 -0.0886418 0.00854683 -0.017813 0.0728406 0.0737054 -0.0100959 
0.0624117 -0.0949323 -0.0812788 -0.0940781 -0.0464343 -0.00731027 -0.0159169 0.054528 -0.091281 -0.0224036 0.0269853 -0.0621449 -0.0692344 -0.0278104 -0.0687641 0.0424617 0.088672 0.00126152 -0.00770859 -0.0770175 0.0779407 0.0576214 -0.0554377 0 0.0526304 -0.0101506 0.0379661 0.0423481 0.00754499 -0.0394642 -0.06284 0.0994763 -0.00404119 0.0978306 0.0485006 -0.0536556 0.0860859 -0.0427068 0.00169627 -0.0867559 -0.0255848 0.0329742 0.0663008 0.0824755 -0.0201669 0.0554819 0.0224431 -0.0574896 0.0104019 0.0594871 -0.0680845 0.0104243 -0.0966433 0.0394042 0.0215476 0.0612948 -0.0853214 0.0686067 -0.0443168 0.0109024 -0.00624879 -0.054563 0.00490562 0.0517416 0.0963671 -0.0859218 -0.0446146 -0.0227717 -0.0466597 -0.0575601 -0.0684358 0.0490513 0.0174308 0.0303471 0.0119568 -0.0753083 
0.0696958 -0.0482449 -0.0268364 -0.0151603 -0.0120016 -0.0879889 -0.0371212 0.0744859 0.0911576 -0.0323354 0.0807632 0.0891381 -0.0673323 0.0690574 -0.0616205 0.0433683 0.0545492 0.0309027 -0.0482726 -0.0940584 0.0502931 0.034346 0.0320173 -0.0526304 0 -0.0971005 -0.0594927 0.084311 0.0555107 -0.0408964 -0.0292468 -0.0146091 -0.0289198 -0.0518854 0.0518865 0.017104 -0.0313794 -0.0522494 0.0700564 0.0951077 -0.0498153 0.0451093 -0.0902515 -0.0792984 0.048457 0.0903123 -0.0435923 0.0145176 0.0582364 -0.0767387 -0.0604746 -0.0243231 -0.0884408 -0.0873624 -0.0926539 -0.0984409 0.0415628 -0.071832 0.0236019 -0.0352879 0.0566659 0.0501566 0.0303538 0.0798571 -0.0223708 0.0302887 -0.0766398 -0.0407314 0.0173199 0.0920475 0.0970553 -0.0940376 -0.0419355 0.0736938 0.0888112 -0.0462492 
-0.0344725 -0.0648226 0.0814953 -0.00532121 0.063273 0.00540405 -0.0716587 -0.0246097 0.0639531 0.0317789 -0.0363232 0.0523802 -0.0681137 0.0887824 -0.00761869 0.0941905 -0.0370057 -0.0447876 0.0780465 -0.031323 0.0345479 0.0483574 -0.0627696 0.0101506 0.0971005 0 -0.0910182 -0.027932 0.0125701 -0.0607284 0.0456143 -0.0795001 0.00191482 -0.0606829 0.00930602 -0.00831213 -0.0870952 -0.0746161 0.0455309 -0.0839995 -0.0486628 0.0475372 0.0886345 0.0627955 -0.0727229 -0.0587166 -0.00561999 0.00898822 -0.00458699 0.0674938 -0.0292585 0.0699309 -0.0963243 0.0281514 0.0882326 -0.058849 -0.0536737 0.0983098 0.0958221 0.0315541 -0.0541339 0.0507857 -0.0760378 0.0512172 -0.0788891 0.0954081 0.0377647 0.0342367 -0.0533824 -0.0535282 -0.0555162 0.06962 0.0909877 -0.00273792 0.0240402 0.00163979 
-0.073869 0.0920652 0.0614545 -0.00597132 0.072984 0.0363404 0.0184282 0.0183881 0.0723197 -0.0177781 0.0206324 0.0652746 0.0345682 0.0706011 0.00319873 -0.0117437 -0.0470739 0.0618634 0.00919782 0.024791 0.0930473 -0.0570405 -0.0896315 -0.0379661 0.0594927 0.0910182 0 -0.0670836 -0.0769711 -0.0747683 0.0275075 0.0500958 -0.0327561 -0.0287768 0.0230232 -0.0655314 -0.0359191 0.0448822 0.0279281 0.084452 -0.0642211 -0.0817296 0.0427896 0.0335321 -0.053609 -0.0112071 -0.0472321 0.0027345 -0.0030577 -0.0428044 -0.07596 -0.037095 -0.0742118 -0.0480775 -0.0347041 -0.0665235 0.037326 -0.0733124 0.00843817 0.0992406 0.0373061 0.0866828 -0.00876894 -0.0517593 0.0995616 0.0223825 -0.06265 -0.0572837 0.0671556 0.066005 0.0368058 -0.0734763 -0.000339059 -0.0486373 0.0919283 -0.0865482 
0.00736152 0.0279166 -0.0693275 -0.0921651 -0.0358604 -0.0110798 0.0875141 0.0797988 0.0233757 -0.07569 0.0827848 -0.00656219 -0.0262465 -0.066121 -0.0803571 0.0191337 0.0239342 -0.0806404 0.0437417 -0.0399926 -0.088436 -0.047698 0.091734 -0.0423481 -0.084311 0.027932 0.0670836 0 0.0104493 0.046183 -0.0382497 -0.00956301 -0.0584686 -0.057518 0.0365396 0.0374947 -0.0174614 0.0882458 -0.0733452 0.00615085 -0.0114393 -0.0789409 0.0644891 -0.0344107 0.0907421 -0.0760158 -0.0288373 -0.0154895 0.0515141 -0.0278655 0.0232704 0.0288545 -0.0225796 0.0874204 0.0937082 -0.0768112 -0.0268635 0.0333905 0.0997649 0.0596912 -0.0428836 -0.0246411 -0.0748734 -0.0388919 0.0112359 0.0332127 0.0427313 0.0555316 -0.00340423 0.00673875 0.019102 -0.0935511 -0.0469636 -0.0145681 -0.0211944 0.0862074 
0.0245149 -0.0421817 0.0885726 -0.0443724 0.0227572 -0.0869045 0.0914077 0.00806918 -0.0179991 0.0464846 -0.0292974 -0.0901987 0.0317437 -0.0806865 -0.0574407 0.0309346 0.0884946 0.0564611 -0.0732854 -0.0867033 -0.0517655 -0.0185862 0.0759594 -0.00754499 -0.0555107 -0.0125701 0.0769711 -0.0104493 0 0.0901248 -0.031937 -0.0599523 0.0334287 -0.0403184 -0.00511998 -0.0382452 -0.078388 -0.0921489 -0.047604 -0.00770096 0.0364526 -0.0951684 -0.0732884 -0.0386251 -0.00263939 0.0392494 -0.0789155 0.0230617 0.0149859 0.095934 0.0207204 -0.0819005 0.0356862 -0.0541501 0.0694894 0.0325934 0.0579209 -0.0234464 0.0753021 0.00430856 -0.0157858 -0.0649314 0.00466307 0.0202466 0.0853193 -0.0082226 -0.0269768 -0.0132886 0.0928379 -0.0936127 0.0621829 -0.0589012 -0.0169146 -0.00570381 0.069855 0.023976 
0.088295 0.0361282 0.0387262 0.0793439 -0.0479829 0.0264839 0.0556175 0.00184604 0.0962193 0.0289672 0.0441762 -0.0506413 -0.0751407 -0.0215435 0.0489135 -0.0495147 0.0984626 -0.0452332 0.0116976 0.0712063 -0.0846957 -0.0421658 0.0970213 0.0394642 0.0408964 0.0607284 0.0747683 -0.046183 -0.0901248 0 0.00191967 0.0023766 -0.0747783 -0.041693 -0.035427 -0.0450944 -0.0735446 0.0689452 0.0956239 -0.0286739 0.00091605 0.0313379 0.0413639 -0.00859287 0.0917392 0.0802242 -0.0136558 0.0111469 -0.0447353 0.0452024 0.0358942 0.0585022 0.00834031 0.0104856 0.0278257 0.066736 -0.0954704 -0.0587865 -0.0105983 -0.0491468 -0.00979685 0.00475841 0.0725617 0.0882615 0.00767367 0.0443692 0.0373446 0.00314616 -0.0367547 -0.059716 -0.0158342 -0.0436716 -0.0746841 0.00795779 -0.0777557 -0.0790972 
0.0272507 0.0811849 0.0455627 0.012313 -0.0850089 -0.0323107 0.0646395 -0.0160429 -0.0535612 -0.0559105 -0.0595594 -0.0858473 0.0249066 0.0836871 0.0958772 -0.0777576 -0.067565 -0.0853991 0.0043005 -0.0646635 -0.0952519 -0.025375 -0.0702124 0.06284 0.0292468 -0.0456143 -0.0275075 0.0382497 0.031937 -0.00191967 0 0.0766572 -0.0178271 0.0999027 -0.0420605 -0.0256627 0.0518812 0.0840814 -0.014738 -0.0905003 -0.0791984 -0.0805637 0.0840136 -0.0994871 0.000869478 -0.0933898 -0.0233993 0.000457767 -0.0698045 0.073104 -0.0264112 -0.098072 -0.0165082 -0.0585166 0.0792335 0.0281302 0.0686586 -0.0124058 0.0645587 -0.0109868 0.0397651 -0.00641773 -0.0681574 0.0340242 -0.0471631 0.0806204 -0.000698045 0.0931558 0.00919927 -0.0697965 -0.0481624 -0.00663386 -0.0808542 -0.0348453 -0.0997006 0.0948855 
-0.00400599 0.0902292 -0.0675735 0.0942973 0.00498475 -0.0233128 -0.00978545 -0.0680786 -0.0684588 -0.073606 -0.0280324 0.0574409 0.0978101 -0.067814 0.0989445 -0.0543453 -0.00669243 0.0251107 -0.0769446 0.0211829 -0.0280287 -0.0257497 -0.00818217 -0.0994763 0.0146091 0.0795001 -0.0500958 0.00956301 0.0599523 -0.0023766 -0.0766572 0 0.0705797 0.0947497 0.0095252 0.0904761 -0.0320422 0.00449004 -0.0671244 0.0100969 -0.0467211 -0.0827598 -0.068353 0.0423856 -0.00441823 -0.0851622 0.0565325 0.0912806 0.0519317 -0.0619233 -0.0325068 -0.0861558 0.0951201 -0.0833716 0.0450271 -0.0534456 -0.0570145 0.0632289 0.0119222 -0.0744897 0.00106841 0.0599926 -0.0731735 -0.0566383 0.0886215 0.0223551 0.0543908 0.0545332 -0.0263184 0.0167647 0.0121987 0.0535841 -0.0930562 0.0775072 0.0637037 -0.0816471 
-0.0864035 0.0457062 0.013352 -0.0832902 -0.0792221 -0.00903116 -0.00752306 0.0419842 0.0159131 0.0150153 0.0060734 0.0694938 0.0520802 0.0137326 -0.0650317 -0.03989 -0.00491643 -0.0823173 -0.014182 -0.0960048 -0.00161193 0.0585765 0.0727306 0.00404119 0.0289198 -0.00191482 0.0327561 0.0584686 -0.0334287 0.0747783 0.0178271 -0.0705797 0 0.00610161 -0.0193026 0.0574965 0.0890479 -0.0111463 0.00824646 -0.0538391 0.012171 0.0137901 0.0515997 0.038492 0.00602705 0.046874 -0.0178124 -0.000619414 0.077044 -0.0731029 0.0184387 -0.0411184 -0.069392 -0.0395228 0.045942 0.0466043 -0.0104581 0.059769 0.0924841 0.0120939 0.0476853 0.0406085 0.0915084 -0.0296558 0.0581003 -0.0519233 0.0631767 -0.0539635 0.0804011 0.0517149 0.0631026 0.00541452 -0.0999042 -0.0947328 0.000569305 -0.0997545 
-0.0990721 0.0996154 -0.0710215 0.0708735 -0.0726761 0.0485065 -0.0759271 0.0249969 0.026079 0.0834665 -0.00874854 -0.0835329 -0.0571385 -0.0439601 -0.0113608 -0.0664752 -0.0119141 -0.067229 0.0701128 0.0425882 0.00595948 -0.0301296 0.0204016 -0.0978306 0.0518854 0.0606829 0.0287768 0.057518 0.0403184 0.041693 -0.0999027 -0.0947497 -0.00610161 0 0.0393909 0.0843297 -0.0162664 -0.0459544 0.0691467 0.0531253 -0.037722 0.0410163 -0.0197133 0.0370233 -0.00919674 0.0262741 -0.0610234 -0.0824395 -0.0431511 -0.00521127 0.0863689 -0.0940197 0.00618959 -0.0428264 -0.0893048 -0.0225862 -0.0407203 0.0576507 0.0226402 -0.0308966 -0.0391087 0.086919 0.0643544 -0.0165843 0.0781674 -0.0272232 -0.00439155 0.0101678 0.0519379 0.041558 0.055806 0.0162635 0.0134948 0.0155133 0.0806777 -0.09926 
-0.0232115 -0.0240925 -0.031389 0.0968991 -0.0201015 -0.0503294 0.0857747 -0.00358442 -0.0574018 0.0353593 0.00214966 -0.0747475 -0.094416 0.0330509 -0.01015 -0.0511066 -0.0465998 0.0352899 -0.0553235 0.0149401 0.00934168 -0.0848721 -0.00156804 -0.0485006 -0.0518865 -0.00930602 -0.0230232 -0.0365396 0.00511998 0.035427 0.0420605 -0.0095252 0.0193026 -0.0393909 0 0.0696964 0.00660135 -0.0642181 -0.0749834 0.0485486 -0.0815592 -0.0908862 0.0490866 0.0684086 0.0878822 -0.022356 -0.0859476 0.0250187 0.0562671 -0.00751786 -0.0666626 -0.0560073 -0.0927628 -0.065374 0.0975918 0.0398177 -0.0911152 0.0153333 0.0148774 -0.0327952 0.0467986 -0.0890632 -0.063118 0.0481912 -0.0383949 0.0805389 0.0748289 -0.0936613 -0.039056 -0.0669645 0.0280643 0.0682097 0.0753957 -0.000518059 0.0986124 -0.0898797 
-0.0762802 -0.0475887 -0.0387239 -0.0187347 -0.0916416 -0.0867116 0.0453424 0.0827637 -0.00958677 0.00570808 -0.0352081 0.00343792 -0.0261361 -0.0627703 -0.0663379 -0.0440286 0.0950124 -0.0176248 0.0395242 -0.00838397 0.071998 -0.0590878 -0.0760591 0.0536556 -0.017104 0.00831213 0.0655314 -0.0374947 0.0382452 0.0450944 0.0256627 -0.0904761 -0.0574965 -0.0843297 -0.0696964 0 0.0214734 -0.00972296 0.0749005 0.091772 0.0142948 0.0768262 0.0568504 0.098478 -0.0959988 -0.00146117 0.0907672 0.00694289 -0.0260482 0.00474977 -0.0498057 -0.0201872 0.0809189 -0.057081 -0.0459832 0.0831521 -0.064347 -0.026983 0.0679969 0.0764424 -0.0603987 0.00200148 -0.05097 0.0943255 -0.0243634 0.0763435 -0.0312718 -0.0259155 0.0610943 0.0707423 0.0661313 0.0459621 0.0694357 0.0805923 0.0546507 -0.0247357 
0.055422 0.0305781 0.0352095 -0.0416346 0.0838012 0.0148577 -0.00830876 -0.0597539 -0.0294529 0.051788 0.0671865 -0.0444141 -0.00803901 0.0120829 -0.024686 -0.00458022 -0.0914417 0.00150342 0.0653348 0.00606628 -0.0659285 -0.0233101 -0.0330197 -0.0860859 0.0313794 0.0870952 0.0359191 0.0174614 0.078388 0.0735446 -0.0518812 0.0320422 -0.0890479 0.0162664 -0.00660135 -0.0214734 0 -0.0234878 0.0917072 -0.0487569 -0.0408622 0.0879608 -0.00111751 -0.0973857 -0.0707183 -0.0407454 0.0398651 0.0492005 -0.099927 0.00332247 0.00285196 -0.0789116 0.0922347 -0.0402788 -0.0550068 0.0981011 -0.0763992 -0.0404621 0.0664448 -0.0747362 -0.00888572 -0.0320287 -0.099738 0.0323054 0.0396876 -0.0744469 0.0661174 0.00746671 -0.0731816 0.0954042 0.0485322 -0.00178488 0.0120491 -0.068362 0.084173 0.0942888 
0.0618174 -0.0488062 0.0251931 0.0730428 -0.0592193 -0.0877291 -0.054225 0.0608742 0.0261924 -0.056517 0.0516073 -0.0165206 0.0458836 0.0309749 0.0694205 0.0300033 -0.0792443 -0.0648652 -0.0459032 -0.0162887 -0.019656 -0.00893038 0.0516819 0.0427068 0.0522494 0.0746161 -0.0448822 -0.0882458 0.0921489 -0.0689452 -0.0840814 -0.00449004 0.0111463 0.0459544 0.0642181 0.00972296 0.0234878 0 0.0972064 0.0151786 0.0200183 0.00611077 0.0562179 0.054058 0.0959614 0.0807416 -0.0726035 -0.0745388 0.0667195 -0.0487135 -0.0210604 0.0210672 0.0325316 -0.0417351 -0.00383114 0.0828358 -0.0820321 0.012311 0.0390668 0.0148325 0.0738477 0.0316481 0.0455634 0.0839058 0.0955569 -0.0658865 -0.044694 0.0142363 0.0838792 0.0290538 -0.0238409 0.0200835 0.0676187 0.0946588 -0.0564436 -0.0481612 
-0.0289167 0.018153 0.00328351 0.0197531 -0.08798 -0.00685743 0.0767204 0.0335851 0.0845689 -0.0630554 0.0495485 0.0199897 0.0912219 0.00692919 0.0779491 -0.090906 -0.0911385 0.0127669 0.0921309 -0.0666066 -0.0289126 0.0941796 0.0454622 -0.00169627 -0.0700564 -0.0455309 -0.0279281 0.0733452 0.047604 -0.0956239 0.014738 0.0671244 -0.00824646 -0.0691467 0.0749834 -0.0749005 -0.0917072 -0.0972064 0 -0.0582573 0.0109252 0.054782 -0.070192 0.0400339 0.0729967 0.0145552 -0.00765231 -0.0490824 0.0173217 -0.0979411 0.0323431 0.00276091 0.0847373 -0.00671929 0.092591 -0.0705626 0.051353 -0.082917 0.0871478 0.0948747 -0.0790262 0.059052 -0.00116551 0.0444728 -0.00363359 -0.0261778 0.0461697 -0.0303914 -0.0303365 0.0439352 -0.0419173 -0.0791842 -0.00394082 -0.00518735 -0.0386159 -0.051848 
-0.0155431 -0.0633989 0.00346363 0.0484853 0.0904595 -0.0808024 0.0760484 -0.00587199 -0.0851671 0.0596247 -0.0847921 -0.0773981 -0.0289765 0.0209979 -0.0647924 -0.0663856 0.074297 0.033286 -0.0410575 -0.0657428 -0.0931623 0.0975874 -0.0586238 0.0867559 -0.0951077 0.0839995 -0.084452 -0.00615085 0.00770096 0.0286739 0.0905003 -0.0100969 0.0538391 -0.0531253 -0.0485486 -0.091772 0.0487569 -0.0151786 0.0582573 0 0.0132057 -0.0251497 0.0187287 0.0658556 -0.0471918 -0.0451757 0.0444582 -0.0392134 0.0199447 0.0374218 -0.0240818 0.0146481 0.00344095 -0.0226982 0.0918264 -0.0315962 0.0699128 0.0321136 0.0729119 0.084807 -0.016519 -0.0821164 0.0227647 0.0879259 0.0141377 -0.0379015 0.0876602 -0.0955138 0.0773557 0.0694324 0.0740702 -0.0171774 -0.0462911 -0.0958019 -0.0463766 -0.0422188 
0.0369522 0.0982304 -0.0888914 0.0393961 -0.0351154 -0.00933599 0.090225 0.000321301 -0.0337078 -0.0421583 0.0761892 -0.00573712 -0.0430756 0.040813 0.0343946 0.0940574 0.0520768 0.0923347 0.0699796 -0.0983082 -0.0259063 -0.0757503 0.0702339 0.0255848 0.0498153 0.0486628 0.0642211 0.0114393 -0.0364526 -0.00091605 0.0791984 0.0467211 -0.012171 0.037722 0.0815592 -0.0142948 0.0408622 -0.0200183 -0.0109252 -0.0132057 0 -0.0141826 -0.035947 0.0484586 0.0509807 0.0762555 -0.0202746 0.0510652 -0.0275714 -0.0515333 -0.0951671 -0.0197337 -0.0209486 0.000597236 0.0495218 -0.067036 -0.0395311 0.047382 -0.0843834 0.0256649 -0.0914579 -0.00908266 -0.0361186 -0.0172401 -0.0741073 -0.0906295 0.028772 0.0231717 -0.0261634 0.047563 -0.00890351 0.0101159 -0.0135544 -0.0776418 -0.0576695 0.00238213 
0.0985781 0.0255866 0.0239028 -0.0981361 -0.00354993 -0.0721786 0.0746284 -0.0478984 0.0399783 0.0745786 0.0926645 -0.0751111 0.0686079 -0.0435375 0.0352429 -0.0256533 0.0295664 -0.0689058 -0.0917968 -0.0916625 0.0218659 -0.00374417 -0.0981752 -0.0329742 -0.0451093 -0.0475372 0.0817296 0.0789409 0.0951684 -0.0313379 0.0805637 0.0827598 -0.0137901 -0.0410163 0.0908862 -0.0768262 -0.0879608 -0.00611077 -0.054782 0.0251497 0.0141826 0 -0.0275652 -0.0631705 0.000520075 -0.0957475 0.0647198 -0.0559693 -0.0740251 0.0952585 -0.090254 -0.018936 -0.0558006 -0.0576673 0.062735 0.0084086 -0.03662 -0.080733 -0.0358431 -0.0309647 0.0456019 -0.0321248 0.0515924 -0.0195264 0.00345158 -0.0998058 -0.0572981 -0.046777 -0.00721326 0.00585664 0.0276585 0.0607452 -0.0340779 0.0811492 -0.00933642 -0.0903058 
0.00798662 0.0355113 0.0892734 -0.0727492 -0.00634644 -0.0563416 -0.0588475 0.0301617 -0.037909 0.0647429 0.0197328 -0.0359168 0.0836374 0.0396388 0.0219364 -0.0394741 0.0699662 0.0862015 -0.0573035 -0.0345701 0.0839895 -0.0616573 -0.0102787 -0.0663008 0.0902515 -0.0886345 -0.0427896 -0.0644891 0.0732884 -0.0413639 -0.0840136 0.068353 -0.0515997 0.0197133 -0.0490866 -0.0568504 0.00111751 -0.0562179 0.070192 -0.0187287 0.035947 0.0275652 0 -0.0618155 -0.0914557 -0.016182 0.047465 -0.099303 0.0715397 0.0785543 -0.0483462 0.0325789 0.0691637 0.0478759 -0.021923 0.0703953 0.067382 -0.0829712 -0.0700987 -0.0369606 0.0272281 -0.0124034 0.0346043 -0.00330072 -0.0601201 -0.0175292 0.0573859 0.016488 0.0915082 -0.0431013 -0.0874164 -0.0872562 0.0243043 0.0459315 0.0444723 -0.0162915 
-0.0386291 0.0406459 0.0494358 -0.0851122 -0.0705278 0.0926553 -0.0411102 0.07413 -0.0986267 0.0966882 0.00983466 -0.0668488 0.0141822 -0.0369118 0.0134861 0.0701578 -0.0810181 0.0485348 -0.0846522 -0.0143972 0.00637745 0.013885 -0.0432337 -0.0824755 0.0792984 -0.0627955 -0.0335321 0.0344107 0.0386251 0.00859287 0.0994871 -0.0423856 -0.038492 -0.0370233 -0.0684086 -0.098478 0.0973857 -0.054058 -0.0400339 -0.0658556 -0.0484586 0.0631705 0.0618155 0 0.042405 -0.00931338 0.0398843 0.0121104 -0.0817742 0.0955758 0.03874 -0.06099 -0.0589193 0.0583057 -0.0573282 0.0229484 -0.00115911 0.0250956 0.00322094 -0.0753444 0.0061869 0.0526899 -0.0599632 0.0798813 -0.0279097 0.0704078 -0.0773887 0.000622079 0.0842563 -0.0694368 0.000871084 -0.0498002 0.0162528 -0.011132 -0.0454074 -0.0784115 
0.0153879 -0.0686894 0.0678119 -0.0750474 -0.00395297 -0.0136925 0.0929569 0.0255473 -0.0703182 -0.0412329 0.0890858 0.0459443 0.0953021 0.0114912 -0.0264343 0.0653952 -0.0847331 0.0680126 0.0788344 -0.0513798 0.0989023 -0.0190773 -0.0797715 0.0201669 -0.048457 0.0727229 0.053609 -0.0907421 0.00263939 -0.0917392 -0.000869478 0.00441823 -0.00602705 0.00919674 -0.0878822 0.0959988 0.0707183 -0.0959614 -0.0729967 0.0471918 -0.0509807 -0.000520075 0.0914557 -0.042405 0 0.0265169 -0.073908 0.0978938 -0.0234774 -0.0131205 0.0108474 -0.046688 -0.0447147 -0.0813284 -0.0769379 -0.0414238 -0.0346239 0.0393843 0.0895185 -0.0776627 -0.0835089 0.09154 -0.0778422 0.0567363 0.0787518 -0.0993462 -0.045588 0.0443935 0.00694153 0.0469074 -0.0248165 0.034409 0.0300069 -0.0760743 0.0481843 -0.0208422 
0.0721284 -0.0929004 0.0505345 0.00603053 0.0788556 -0.0933732 -0.0521864 -0.00270804 0.0727382 0.00172492 0.0669428 -0.0590365 0.0874135 -0.0245277 0.0026811 -0.046625 0.014531 0.0191826 -0.0841951 -0.0116427 0.098733 0.0947447 -0.075766 -0.0554819 -0.0903123 0.0587166 0.0112071 0.0760158 -0.0392494 -0.0802242 0.0933898 0.0851622 -0.046874 -0.0262741 0.022356 0.00146117 0.0407454 -0.0807416 -0.0145552 0.0451757 -0.0762555 0.0957475 0.016182 0.00931338 -0.0265169 0 0.087243 -0.0976341 0.0266333 -0.0235445 0.0536821 0.0499646 -0.00102557 0.0386693 -0.0879804 -0.00742471 -0.0437008 -0.0253142 -0.0311048 0.00471718 -0.0283306 -0.0432326 0.0999922 -0.0795071 -0.0946184 0.0951527 -0.0534987 -0.044703 0.0399244 0.07772 0.0725519 0.053017 0.0297697 0.0390125 0.00552774 0.0439986 
-0.0579911 -0.0539353 -0.016086 0.019453 0.0923575 -0.0880701 0.0798544 -0.095818 -0.0317437 0.0851393 0.0695876 -0.0829708 -0.0515585 0.0776944 -0.0274561 -0.0857011 0.0143506 0.033589 0.0150986 -0.0684263 -0.0868726 0.0607248 -0.0161494 -0.0224431 0.0435923 0.00561999 0.0472321 0.0288373 0.0789155 0.0136558 0.0233993 -0.0565325 0.0178124 0.0610234 0.0859476 -0.0907672 -0.0398651 0.0726035 0.00765231 -0.0444582 0.0202746 -0.0647198 -0.047465 -0.0398843 0.073908 -0.087243 0 -0.0201473 0.0118244 -0.0741539 0.0705472 -0.00838736 -0.0587836 -0.0674239 -0.0414363 -0.074216 0.0935432 0.0658143 -0.0750399 -0.0491325 0.0776967 0.0426117 0.0907197 0.0479947 -0.0854551 0.0926406 0.0447395 -0.0399285 0.0313304 -0.0697294 0.0963744 0.068608 -0.00213109 0.0197517 -0.0141284 -0.0913009 
-0.0857655 0.0533311 0.0912586 -0.0377226 0.0538662 -0.0875254 0.0393746 0.0761795 -0.0696803 0.0842058 -0.0198378 0.0891063 -0.0203787 -0.0517734 -0.0290621 -0.00907083 -0.0851399 -0.0934385 0.0501509 -0.0502341 0.0325065 0.0517851 -0.0909711 0.0574896 -0.0145176 -0.00898822 -0.0027345 0.0154895 -0.0230617 -0.0111469 -0.000457767 -0.0912806 0.000619414 0.0824395 -0.0250187 -0.00694289 -0.0492005 0.0745388 0.0490824 0.0392134 -0.0510652 0.0559693 0.099303 -0.0121104 -0.0978938 0.0976341 0.0201473 0 0.0906369 0.0228969 0.0683783 -0.0095461 -0.0666809 -0.00835977 -0.038869 -0.00594278 -0.0264916 0.0654348 0.038621 0.074298 -0.0878224 -0.0303435 0.0382912 0.0759493 -0.0701014 0.0402156 0.026103 -0.0816874 0.0452071 -0.00909467 0.0824946 -0.0298263 0.0617434 -0.0254124 -0.0998365 0.00120024 
0.00555383 0.00473178 0.071612 0.0906918 0.0311761 0.0507641 0.0983864 -0.0576532 -0.0529667 -0.0663969 0.031414 -0.0816927 0.0808784 0.0561724 0.0981566 0.041331 -0.0592955 0.036527 0.00222651 -0.0203423 -0.064186 -0.00605061 0.0412184 -0.0104019 -0.0582364 0.00458699 0.0030577 -0.0515141 -0.0149859 0.0447353 0.0698045 -0.0519317 -0.077044 0.0431511 -0.0562671 0.0260482 0.099927 -0.0667195 -0.0173217 -0.0199447 0.0275714 0.0740251 -0.0715397 0.0817742 0.0234774 -0.0266333 -0.0118244 -0.0906369 0 0.0829603 0.0751449 0.0151832 -0.0969824 -0.0898773 -0.0911533 -0.0661206 -0.0759823 0.0185723 -0.013492 -0.0565759 -0.0893128 0.0995281 0.0818543 -0.0345352 0.00071139 0.0249024 -0.0380314 -0.0868831 0.0740026 0.0579879 0.0683247 0.0419742 0.0110345 0.0222363 -0.0016332 -0.0390989 
0.0864581 0.00673995 0.0480266 0.0456011 0.00614151 0.0934213 0.0146083 0.0556068 0.0726022 -0.0888487 -0.0907332 0.0278159 -0.0374453 0.0782654 -0.0516011 -0.0700556 0.091745 -0.0928087 0.064028 0.0399813 0.00831628 0.0493943 -0.0177384 -0.0594871 0.0767387 -0.0674938 0.0428044 0.0278655 -0.095934 -0.0452024 -0.073104 0.0619233 0.0731029 0.00521127 0.00751786 -0.00474977 -0.00332247 0.0487135 0.0979411 -0.0374218 0.0515333 -0.0952585 -0.0785543 -0.0955758 0.0131205 0.0235445 0.0741539 -0.0228969 -0.0829603 0 -0.015167 -0.0278976 -0.0918358 0.018275 -0.0402057 -0.0418355 0.0233349 -0.0796684 -0.0956373 -0.0779711 -0.0111693 -0.0916912 0.0118591 -0.0322203 0.0253007 0.0940825 -0.0181022 0.061282 0.0561236 0.0767558 -0.077107 -0.0638789 -0.0765086 0.0931019 -0.00211658 -0.0928455 
-0.0351011 -0.0382272 0.0928839 -0.0426954 0.0625922 -0.0933929 -0.0621778 0.000982779 0.0352617 0.00151822 0.0348768 -0.0748741 0.0482187 -0.0241345 -0.0750483 0.0823079 0.0299957 0.0349865 0.0935665 0.0312135 -0.0997014 0.0407749 0.0591404 0.0680845 0.0604746 0.0292585 0.07596 -0.0232704 -0.0207204 -0.0358942 0.0264112 0.0325068 -0.0184387 -0.0863689 0.0666626 0.0498057 -0.00285196 0.0210604 -0.0323431 0.0240818 0.0951671 0.090254 0.0483462 -0.03874 -0.0108474 -0.0536821 -0.0705472 -0.0683783 -0.0751449 0.015167 0 -0.0713214 0.0218972 -0.0951261 0.0740574 0.0846723 0.0710055 0.0881801 -0.0295669 -0.00567736 0.0241487 -0.0310311 -0.0745256 -0.0420561 0.0588777 0.0951289 -0.0764995 -0.00941298 -0.0149927 0.00187418 0.00265261 0.014181 -0.0377111 -0.096008 0.0360915 -0.0170533 
0.0856545 -0.0849597 0.0573538 0.080121 0.0683785 0.0544476 0.0368653 0.0284441 0.0448112 -0.0463665 0.0270269 0.0424319 0.0743136 0.0445575 -0.0256772 -0.0868253 -0.0709809 0.01848 -0.0590619 0.0226417 0.0936963 0.0319789 -0.0588207 -0.0104243 0.0243231 -0.0699309 0.037095 -0.0288545 0.0819005 -0.0585022 0.098072 0.0861558 0.0411184 0.0940197 0.0560073 0.0201872 0.0789116 -0.0210672 -0.00276091 -0.0146481 0.0197337 0.018936 -0.0325789 0.06099 0.046688 -0.0499646 0.00838736 0.0095461 -0.0151832 0.0278976 0.0713214 0 -0.0318024 -0.00421768 0.0283611 0.0439856 0.0121122 -0.0536247 -0.0387425 -0.0496276 0.0930224 0.0741065 -0.0065148 0.0585697 -0.0985875 -0.00629044 -0.0978531 -0.0924248 0.0892165 -5.37762e-05 -0.056484 0.0547743 0.0280938 0.0213325 0.00612945 0.0526663 
0.014404 0.0496983 0.0806631 0.0798491 0.000502874 -0.0447265 -0.0244272 -0.0686488 -0.0168085 0.015337 0.0206153 -0.0808745 0.0988617 0.0469042 -0.0217965 -0.0458583 -0.0595989 0.0268294 -0.074418 -0.0147107 -0.0161206 -0.0350802 0.0841615 0.0966433 0.0884408 0.0963243 0.0742118 0.0225796 -0.0356862 -0.00834031 0.0165082 -0.0951201 0.069392 -0.00618959 0.0927628 -0.0809189 -0.0922347 -0.0325316 -0.0847373 -0.00344095 0.0209486 0.0558006 -0.0691637 0.0589193 0.0447147 0.00102557 0.0587836 0.0666809 0.0969824 0.0918358 -0.0218972 0.0318024 0 0.0851737 0.0570356 -0.0606339 0.0840992 0.0601868 0.0121268 0.00673221 -0.0899729 0.0131533 -0.0597717 0.00754876 -0.0861483 -0.0061544 -0.042923 -0.0194857 0.0732027 0.0179304 0.0548365 0.0166273 -0.0260744 -0.0382464 0.00245356 0.0258669 
0.0487134 0.0787059 -0.0732425 0.0585206 0.05865 -0.00624006 0.0480803 0.027325 -0.0621552 -0.023021 -0.0484768 0.0953912 0.0238111 -0.00994303 0.0650919 0.0896697 -0.0628372 0.0784005 0.0110591 -0.0490029 -0.0840555 -0.011405 -0.0854623 -0.0394042 0.0873624 -0.0281514 0.0480775 -0.0874204 0.0541501 -0.0104856 0.0585166 0.0833716 0.0395228 0.0428264 0.065374 0.057081 0.0402788 0.0417351 0.00671929 0.0226982 -0.000597236 0.0576673 -0.0478759 -0.0583057 0.0813284 -0.0386693 0.0674239 0.00835977 0.0898773 -0.018275 0.0951261 0.00421768 -0.0851737 0 -0.0466839 -0.0211662 -0.0197384 -0.0885647 0.0309369 0.0661636 0.0218545 -0.0880404 -0.0391015 0.0596745 0.0130485 -0.059736 -0.0933755 -0.0625345 -0.0933589 -0.0983666 0.00641381 -0.053233 0.0406533 0.0667284 0.0609087 0.0898354 
0.0411683 0.0807348 0.0354821 0.0982337 0.0407802 -0.04421 -0.0273908 0.0160992 0.0716721 0.0831894 0.00903316 0.0665811 -0.0318917 -0.0328811 -0.0167093 -0.057673 0.0510123 -0.0964852 0.0604523 0.0104019 -0.0465833 -0.0138835 0.06178 -0.0215476 0.0926539 -0.0882326 0.0347041 -0.0937082 -0.0694894 -0.0278257 -0.0792335 -0.0450271 -0.045942 0.0893048 -0.0975918 0.0459832 0.0550068 0.00383114 -0.092591 -0.0918264 -0.0495218 -0.062735 0.021923 0.0573282 0.0769379 0.0879804 0.0414363 0.038869 0.0911533 0.0402057 -0.0740574 -0.0283611 -0.0570356 0.0466839 0 -0.0994968 -0.0708096 -0.0866133 -0.0328273 0.00589406 0.0464474 -0.0847466 -0.0243423 -0.00700769 -0.0302303 0.0647755 -0.0113589 0.0825832 -0.092706 -0.0374568 0.051936 0.0976014 -0.0540274 0.0129394 -0.0335093 -0.0435379 
-0.0922412 0.0362916 -0.00987797 -0.0537587 -0.035379 -0.076846 0.00137982 -0.0759961 0.0594502 0.0427818 0.0514842 -0.0190343 -0.0616749 -0.0232498 0.000614378 -0.0616566 -0.0106275 -0.0465251 0.0324256 0.0613449 -0.0366019 0.0943882 -4.98731e-05 -0.0612948 0.0984409 0.058849 0.0665235 0.0768112 -0.0325934 -0.066736 -0.0281302 0.0534456 -0.0466043 0.0225862 -0.0398177 -0.0831521 -0.0981011 -0.0828358 0.0705626 0.0315962 0.067036 -0.0084086 -0.0703953 -0.0229484 0.0414238 0.00742471 0.074216 0.00594278 0.0661206 0.0418355 -0.0846723 -0.0439856 0.0606339 0.0211662 0.0994968 0 0.0445816 -0.0112254 -0.0457881 0.0634506 0.0772442 0.0253651 -0.0413691 -0.0691566 -0.0574916 0.0922721 -0.0894066 -0.0468307 -0.062775 0.0116883 0.0197229 -0.0390396 0.0494486 0.0107903 0.0117186 -0.0767373 
-0.00987353 -0.0935377 -0.0579688 0.00706967 -0.0794571 0.075613 0.0673843 0.00825598 0.0561056 -0.0890311 0.0512116 -0.0348022 -0.0238687 -0.0489642 0.0197711 0.090322 -0.0151633 -0.0872384 0.0141381 0.0584614 0.0721732 -0.0767814 0.0473968 0.0853214 -0.0415628 0.0536737 -0.037326 0.0268635 -0.0579209 0.0954704 -0.0686586 0.0570145 0.0104581 0.0407203 0.0911152 0.064347 0.0763992 0.0820321 -0.051353 -0.0699128 0.0395311 0.03662 -0.067382 0.00115911 0.0346239 0.0437008 -0.0935432 0.0264916 0.0759823 -0.0233349 -0.0710055 -0.0121122 -0.0840992 0.0197384 0.0708096 -0.0445816 0 0.0300184 0.0437438 0.033951 0.0952328 0.0491408 0.0481149 0.0360793 -0.00144955 0.0998777 -0.0785291 0.0760821 0.0359028 0.0726196 0.085785 0.0411441 0.00626982 0.0283933 -0.0445759 0.0309354 
0.0839375 0.0102238 0.0964008 0.0487571 0.0501189 -0.0932569 -0.0554351 -0.0264965 0.0517675 -0.0122861 -0.0552777 -0.0277089 -0.00587861 0.0534564 0.0157066 -0.074819 -0.0251041 0.0574901 0.0149817 -0.00891507 0.0961486 0.0218409 0.0446291 -0.0686067 0.071832 -0.0983098 0.0733124 -0.0333905 0.0234464 0.0587865 0.0124058 -0.0632289 -0.059769 -0.0576507 -0.0153333 0.026983 0.0404621 -0.012311 0.082917 -0.0321136 -0.047382 0.080733 0.0829712 -0.0250956 -0.0393843 0.0253142 -0.0658143 -0.0654348 -0.0185723 0.0796684 -0.0881801 0.0536247 -0.0601868 0.0885647 0.0866133 0.0112254 -0.0300184 0 0.0726595 -0.0645259 -0.0572698 -0.0358657 -0.00277949 0.0142454 -0.078228 0.00116039 -0.0730977 -0.0259068 -0.0151475 0.0480968 0.0728045 0.00265127 0.0764455 0.0509759 0.0637378 0.0182659 
0.0904974 -0.054865 0.0419267 -0.0451553 0.0569173 0.0738928 -0.0622799 0.0162642 0.0183452 -0.0185008 -0.0911482 -0.00394787 0.0514152 0.0364785 -0.0814515 -0.0145402 0.0170418 0.000181911 0.0845196 0.00876871 0.0825914 -0.0546577 0.0590379 0.0443168 -0.0236019 -0.0958221 -0.00843817 -0.0997649 -0.0753021 0.0105983 -0.0645587 -0.0119222 -0.0924841 -0.0226402 -0.0148774 -0.0679969 -0.0664448 -0.0390668 -0.0871478 -0.0729119 0.0843834 0.0358431 0.0700987 -0.00322094 -0.0895185 0.0311048 0.0750399 -0.038621 0.013492 0.0956373 0.0295669 0.0387425 -0.0121268 -0.0309369 0.0328273 0.0457881 -0.0437438 -0.0726595 0 0.0129278 0.084616 -0.0742731 -0.0725875 -0.0600244 0.010446 -0.0807551 0.00865691 0.0673874 -0.0664489 -0.0821872 -0.00464895 0.0797425 0.0773616 0.0287457 -0.0260273 0.0829939 
-0.0789847 -0.0332964 -0.0798766 -0.0136949 0.0351895 0.0643213 0.0794377 0.0428044 -0.0838731 -0.0992851 -0.0120264 0.0464829 0.0920546 0.0480211 0.0752554 0.0535379 0.0391025 0.0361744 0.0751942 -0.0993876 0.0305898 -0.0921758 0.0174562 -0.0109024 0.0352879 -0.0315541 -0.0992406 -0.0596912 -0.00430856 0.0491468 0.0109868 0.0744897 -0.0120939 0.0308966 0.0327952 -0.0764424 0.0747362 -0.0148325 -0.0948747 -0.084807 -0.0256649 0.0309647 0.0369606 0.0753444 0.0776627 -0.00471718 0.0491325 -0.074298 0.0565759 0.0779711 0.00567736 0.0496276 -0.00673221 -0.0661636 -0.00589406 -0.0634506 -0.033951 0.0645259 -0.0129278 0 0.0929951 -0.0889917 -0.00564253 -0.0362081 -0.0131267 -0.0585374 -0.0439304 -0.0830033 0.0695903 0.0360879 -0.0985918 0.0151122 0.0636533 -0.0418258 -0.0263778 0.071126 
0.0817639 0.057575 0.0117394 -0.0594116 -0.0636419 0.0766554 0.0562434 -0.015776 -0.0872643 0.0827284 0.0966319 0.0607973 -0.0150886 -0.00236753 0.0993799 0.0560677 -0.0411904 0.0865808 0.0705914 0.0762725 0.0513387 0.00525748 -0.0877472 0.00624879 -0.0566659 0.0541339 -0.0373061 0.0428836 0.0157858 0.00979685 -0.0397651 -0.00106841 -0.0476853 0.0391087 -0.0467986 0.0603987 0.00888572 -0.0738477 0.0790262 0.016519 0.0914579 -0.0456019 -0.0272281 -0.0061869 0.0835089 0.0283306 -0.0776967 0.0878224 0.0893128 0.0111693 -0.0241487 -0.0930224 0.0899729 -0.0218545 -0.0464474 -0.0772442 -0.0952328 0.0572698 -0.084616 -0.0929951 0 0.0221601 -0.0783723 0.0187021 -0.0331542 0.0684414 -0.00944785 -0.0169675 0.0813915 0.0487978 0.0398985 0.0311321 0.0707686 0.0713695 -0.0364968 0.0982931 
-0.0170127 0.0313433 0.0620914 0.0450055 -0.0996525 -0.0938243 0.0795134 0.00227093 -0.0609962 -0.0672683 0.0306926 0.0159084 -0.0814804 -0.071332 0.0472563 0.0973832 -0.00445725 0.0243591 0.0860977 0.032295 0.0310109 0.0195683 0.0759658 0.054563 -0.0501566 -0.0507857 -0.0866828 0.0246411 0.0649314 -0.00475841 0.00641773 -0.0599926 -0.0406085 -0.086919 0.0890632 -0.00200148 0.0320287 -0.0316481 -0.059052 0.0821164 0.00908266 0.0321248 0.0124034 -0.0526899 -0.09154 0.0432326 -0.0426117 0.0303435 -0.0995281 0.0916912 0.0310311 -0.0741065 -0.0131533 0.0880404 0.0847466 -0.0253651 -0.0491408 0.0358657 0.0742731 0.0889917 -0.0221601 0 0.0342881 -0.00632512 0.0554843 -0.0685178 -0.0252892 -0.0373314 0.0644227 -0.097233 0.0117463 -0.057437 0.0404629 -0.0880195 -0.00141084 0.0820207 
0.00554139 0.0539373 -0.0176339 -0.00163307 0.073854 0.0083497 -0.0131667 -0.0010655 0.026526 -0.0330511 -0.0747362 0.0124511 -0.0288262 -0.0778574 -0.0719086 -0.034122 -0.0883437 0.0679398 0.0721217 0.00222616 0.00708812 0.0666073 -0.000156141 -0.00490562 -0.0303538 0.0760378 0.00876894 0.0748734 -0.00466307 -0.0725617 0.0681574 0.0731735 -0.0915084 -0.0643544 0.063118 0.05097 0.099738 -0.0455634 0.00116551 -0.0227647 0.0361186 -0.0515924 -0.0346043 0.0599632 0.0778422 -0.0999922 -0.0907197 -0.0382912 -0.0818543 -0.0118591 0.0745256 0.0065148 0.0597717 0.0391015 0.0243423 0.0413691 -0.0481149 0.00277949 0.0725875 0.00564253 0.0783723 -0.0342881 0 -0.00984778 0.0794364 -0.0291684 0.0986312 -0.0612209 -0.0902369 0.0299954 0.0153101 0.0300298 -0.0644723 -0.0815435 0.0365318 -0.0697031 
-0.00188271 -0.0268968 -0.0621573 0.0798689 -0.0171269 0.0683183 -0.0403639 0.00413672 -0.0504387 0.00787596 -0.0930286 -0.0118776 -0.0498639 -0.0716615 0.0956233 -0.059673 -0.0589025 0.00523348 -0.0471676 0.0247247 -0.0808748 0.0209528 -0.0574847 -0.0517416 -0.0798571 -0.0512172 0.0517593 0.0388919 -0.0202466 -0.0882615 -0.0340242 0.0566383 0.0296558 0.0165843 -0.0481912 -0.0943255 -0.0323054 -0.0839058 -0.0444728 -0.0879259 0.0172401 0.0195264 0.00330072 -0.0798813 -0.0567363 0.0795071 -0.0479947 -0.0759493 0.0345352 0.0322203 0.0420561 -0.0585697 -0.00754876 -0.0596745 0.00700769 0.0691566 -0.0360793 -0.0142454 0.0600244 0.0362081 -0.0187021 0.00632512 0.00984778 0 0.0779593 0.0469944 -0.0837537 -0.0935946 0.0446353 0.0895138 -0.0366066 0.0443892 -0.0608668 -0.0515732 -0.0080597 0.0733371 
-0.0369265 0.0556453 -0.0871326 0.0612861 0.00183708 0.0640338 -0.0424697 -0.0464891 0.0480885 0.0344865 -0.0495559 -0.0867308 0.0153566 0.0100543 0.0472087 0.0109059 -0.0916283 -0.00357989 0.0393772 -0.0600864 -0.0572979 -0.00472095 -0.0784164 -0.0963671 0.0223708 0.0788891 -0.0995616 -0.0112359 -0.0853193 -0.00767367 0.0471631 -0.0886215 -0.0581003 -0.0781674 0.0383949 0.0243634 -0.0396876 -0.0955569 0.00363359 -0.0141377 0.0741073 -0.00345158 0.0601201 0.0279097 -0.0787518 0.0946184 0.0854551 0.0701014 -0.00071139 -0.0253007 -0.0588777 0.0985875 0.0861483 -0.0130485 0.0302303 0.0574916 0.00144955 0.078228 -0.010446 0.0131267 0.0331542 -0.0554843 -0.0794364 -0.0779593 0 0.0704062 -0.0554873 0.0474926 0.0124536 0.079708 0.0744457 0.0201123 -0.00368167 0.0601382 0.0536353 0.00402185 
-0.0398224 0.0244421 -0.0771753 -0.0695078 0.059824 0.092557 0.0388799 0.0363112 0.0459108 -0.0762638 -0.0539882 -0.0849519 0.0464614 -0.0594612 -0.0711425 0.0262066 0.00184171 0.0622423 0.0257179 0.0996475 -0.0837349 -0.0925043 0.0785395 0.0859218 -0.0302887 -0.0954081 -0.0223825 -0.0332127 0.0082226 -0.0443692 -0.0806204 -0.0223551 0.0519233 0.0272232 -0.0805389 -0.0763435 0.0744469 0.0658865 0.0261778 0.0379015 0.0906295 0.0998058 0.0175292 -0.0704078 0.0993462 -0.0951527 -0.0926406 -0.0402156 -0.0249024 -0.0940825 -0.0951289 0.00629044 0.0061544 0.059736 -0.0647755 -0.0922721 -0.0998777 -0.00116039 0.0807551 0.0585374 -0.0684414 0.0685178 0.0291684 -0.0469944 -0.0704062 0 -0.0386932 0.0715957 -0.0502263 0.0949554 0.0387214 -0.0956248 -0.0884403 -0.049168 -0.0685368 -0.0444885 
-0.00758026 -0.0615323 0.022931 0.06729 -0.00992748 0.020908 0.00199936 0.0542726 0.0286347 -0.0487992 -0.0421182 -0.0854266 0.0348634 -0.0768801 0.0888262 -0.0174252 0.0235918 -0.0997039 0.0228239 -0.0921029 0.0738346 -0.0833847 0.0825955 0.0446146 0.0766398 -0.0377647 0.06265 -0.0427313 0.0269768 -0.0373446 0.000698045 -0.0543908 -0.0631767 0.00439155 -0.0748289 0.0312718 -0.0661174 0.044694 -0.0461697 -0.0876602 -0.028772 0.0572981 -0.0573859 0.0773887 0.045588 0.0534987 -0.0447395 -0.026103 0.0380314 0.0181022 0.0764995 0.0978531 0.042923 0.0933755 0.0113589 0.0894066 0.0785291 0.0730977 -0.00865691 0.0439304 0.00944785 0.0252892 -0.0986312 0.0837537 0.0554873 0.0386932 0 -0.0466803 -0.0920018 0.0167252 -0.08424 0.0931194 0.0513295 0.0182427 0.0585349 0.0808594 
0.0275329 -0.0740477 -0.0431175 -0.0565378 0.0365642 0.0807315 0.0159626 0.0646134 -0.00148188 -0.0501925 -0.0126778 0.0954185 0.0972207 -0.0662266 0.0986903 -0.0275954 0.0794413 -0.0997746 0.0353849 8.72547e-05 0.0222678 0.0101663 -0.063121 0.0227717 0.0407314 -0.0342367 0.0572837 -0.0555316 0.0132886 -0.00314616 -0.0931558 -0.0545332 0.0539635 -0.0101678 0.0936613 0.0259155 -0.00746671 -0.0142363 0.0303914 0.0955138 -0.0231717 0.046777 -0.016488 -0.000622079 -0.0443935 0.044703 0.0399285 0.0816874 0.0868831 -0.061282 0.00941298 0.0924248 0.0194857 0.0625345 -0.0825832 0.0468307 -0.0760821 0.0259068 -0.0673874 0.0830033 0.0169675 0.0373314 0.0612209 0.0935946 -0.0474926 -0.0715957 0.0466803 0 -0.0452442 0.0488254 0.0462933 0.00344353 -0.0605932 -0.0747819 -0.0762432 -0.0404326 
-0.0513326 0.0705156 -0.0730486 0.0422749 -0.0420451 0.0284232 0.0879867 -0.0474855 0.0209641 -0.0932713 0.0526783 -0.0428647 -0.0669329 -0.0546254 0.0978353 -0.0678255 -0.0259182 -0.044282 0.0917732 0.0949628 -0.0249772 0.0145803 -0.0240558 0.0466597 -0.0173199 0.0533824 -0.0671556 0.00340423 -0.0928379 0.0367547 -0.00919927 0.0263184 -0.0804011 -0.0519379 0.039056 -0.0610943 0.0731816 -0.0838792 0.0303365 -0.0773557 0.0261634 0.00721326 -0.0915082 -0.0842563 -0.00694153 -0.0399244 -0.0313304 -0.0452071 -0.0740026 -0.0561236 0.0149927 -0.0892165 -0.0732027 0.0933589 0.092706 0.062775 -0.0359028 0.0151475 0.0664489 -0.0695903 -0.0813915 -0.0644227 0.0902369 -0.0446353 -0.0124536 0.0502263 0.0920018 0.0452442 0 -0.0297349 0.0845988 -0.0555979 -0.0209682 0.0198024 -0.0442331 0.0358505 
0.0917359 -0.0393175 -0.0673736 0.0474364 -0.000996972 -0.0219212 0.0317657 -0.075692 -0.0525944 0.00961801 -0.0932676 0.008862 -0.0849992 -0.0112575 -0.0268213 -0.0915473 -0.0620068 -0.0325964 -0.0996637 -0.0565324 -0.0731373 -0.0747716 0.0741907 0.0575601 -0.0920475 0.0535282 -0.066005 -0.00673875 0.0936127 0.059716 0.0697965 -0.0167647 -0.0517149 -0.041558 0.0669645 -0.0707423 -0.0954042 -0.0290538 -0.0439352 -0.0694324 -0.047563 -0.00585664 0.0431013 0.0694368 -0.0469074 -0.07772 0.0697294 0.00909467 -0.0579879 -0.0767558 -0.00187418 5.37762e-05 -0.0179304 0.0983666 0.0374568 -0.0116883 -0.0726196 -0.0480968 0.0821872 -0.0360879 -0.0487978 0.097233 -0.0299954 -0.0895138 -0.079708 -0.0949554 -0.0167252 -0.0488254 0.0297349 0 0.0496447 -0.0129872 -0.069731 -0.0195848 -0.0813293 -0.0240583 
0.0267316 0.0038815 0.0949649 -0.0612859 0.0887749 -0.0804901 0.0149422 0.005174 0.0506923 0.0297363 0.0688203 -0.073264 -0.0636304 0.0244755 -0.078308 -0.0689215 -0.0430203 -0.0745922 0.0810409 0.0410381 -0.0502602 0.0597208 0.0886418 0.0684358 -0.0970553 0.0555162 -0.0368058 -0.019102 -0.0621829 0.0158342 0.0481624 -0.0121987 -0.0631026 -0.055806 -0.0280643 -0.0661313 -0.0485322 0.0238409 0.0419173 -0.0740702 0.00890351 -0.0276585 0.0874164 -0.000871084 0.0248165 -0.0725519 -0.0963744 -0.0824946 -0.0683247 0.077107 -0.00265261 0.056484 -0.0548365 -0.00641381 -0.051936 -0.0197229 -0.085785 -0.0728045 0.00464895 0.0985918 -0.0398985 -0.0117463 -0.0153101 0.0366066 -0.0744457 -0.0387214 0.08424 -0.0462933 -0.0845988 -0.0496447 0 0.0113478 0.0348311 -0.0984254 0.0287326 0.0806473 
0.0410195 0.099752 0.00718031 -0.0377841 -0.0835837 0.0400727 0.0991185 0.0273731 0.0415083 -0.00505235 -0.00285452 -0.0124879 -0.0366869 -0.0210725 -0.0873298 -0.0029603 -0.0313371 0.0793218 -0.00906091 -0.0139415 0.0228338 0.0207061 -0.00854683 -0.0490513 0.0940376 -0.06962 0.0734763 0.0935511 0.0589012 0.0436716 0.00663386 -0.0535841 -0.00541452 -0.0162635 -0.0682097 -0.0459621 0.00178488 -0.0200835 0.0791842 0.0171774 -0.0101159 -0.0607452 0.0872562 0.0498002 -0.034409 -0.053017 -0.068608 0.0298263 -0.0419742 0.0638789 -0.014181 -0.0547743 -0.0166273 0.053233 -0.0976014 0.0390396 -0.0411441 -0.00265127 -0.0797425 -0.0151122 -0.0311321 0.057437 -0.0300298 -0.0443892 -0.0201123 0.0956248 -0.0931194 -0.00344353 0.0555979 0.0129872 -0.0113478 0 0.0140938 -0.0842687 0.0927938 -0.0746329 
0.0449666 -0.0589828 -0.055238 0.0796736 0.0832565 0.0876394 0.0328881 -0.048479 0.0163857 -0.0062717 0.0345664 -0.0045112 0.0557947 0.0923851 0.0444627 0.0787705 0.0191185 0.094173 -0.0391003 -0.0570146 0.0705745 -0.0296917 0.017813 -0.0174308 0.0419355 -0.0909877 0.000339059 0.0469636 0.0169146 0.0746841 0.0808542 0.0930562 0.0999042 -0.0134948 -0.0753957 -0.0694357 -0.0120491 -0.0676187 0.00394082 0.0462911 0.0135544 0.0340779 -0.0243043 -0.0162528 -0.0300069 -0.0297697 0.00213109 -0.0617434 -0.0110345 0.0765086 0.0377111 -0.0280938 0.0260744 -0.0406533 0.0540274 -0.0494486 -0.00626982 -0.0764455 -0.0773616 -0.0636533 -0.0707686 -0.0404629 0.0644723 0.0608668 0.00368167 0.0884403 -0.0513295 0.0605932 0.0209682 0.069731 -0.0348311 -0.0140938 0 -0.0508871 -0.0588383 -0.0912393 
-0.0841666 0.00693252 -0.0500965 0.0309345 -0.0827861 0.0891075 0.0258253 -0.0845448 0.0245964 -0.0739331 -0.0243302 -0.0802844 -0.0842505 -0.0377095 -0.0541749 -0.0856706 0.0419568 0.023664 0.0836288 0.0252807 0.00175065 0.0475429 -0.0728406 -0.0303471 -0.0736938 0.00273792 0.0486373 0.0145681 0.00570381 -0.00795779 0.0348453 -0.0775072 0.0947328 -0.0155133 0.000518059 -0.0805923 0.068362 -0.0946588 0.00518735 0.0958019 0.0776418 -0.0811492 -0.0459315 0.011132 0.0760743 -0.0390125 -0.0197517 0.0254124 -0.0222363 -0.0931019 0.096008 -0.0213325 0.0382464 -0.0667284 -0.0129394 -0.0107903 -0.0283933 -0.0509759 -0.0287457 0.0418258 -0.0713695 0.0880195 0.0815435 0.0515732 -0.0601382 0.049168 -0.0182427 0.0747819 -0.0198024 0.0195848 0.0984254 0.0842687 0.0508871 0 -0.0329955 0.0513539 
0.0325785 -0.0636671 0.054826 -0.0264348 0.0557878 0.0769101 -0.0626447 -0.0305456 -0.0980497 0.0168105 -0.0350869 -0.0324156 -0.0613898 0.048951 -0.070409 0.0857468 0.0963123 -0.0173314 -0.0105507 -0.0484799 0.0704095 0.0485355 -0.0737054 -0.0119568 -0.0888112 -0.0240402 -0.0919283 0.0211944 -0.069855 0.0777557 0.0997006 -0.0637037 -0.000569305 -0.0806777 -0.0986124 -0.0546507 -0.084173 0.0564436 0.0386159 0.0463766 0.0576695 0.00933642 -0.0444723 0.0454074 -0.0481843 -0.00552774 0.0141284 0.0998365 0.0016332 0.00211658 -0.0360915 -0.00612945 -0.00245356 -0.0609087 0.0335093 -0.0117186 0.0445759 -0.0637378 0.0260273 0.0263778 0.0364968 0.00141084 -0.0365318 0.0080597 -0.0536353 0.0685368 -0.0585349 0.0762432 0.0442331 0.0813293 -0.0287326 -0.0927938 0.0588383 0.0329955 0 -0.0462024 
-0.0699596 -0.0425936 0.0338566 -0.0143578 0.0456631 -0.0190777 0.0554384 0.0815534 0.0525534 0.0490349 0.0472595 -0.0843782 -0.0499504 -0.0633055 0.0674996 0.0683802 -0.0832917 0.00544891 -0.0926818 -0.00588413 -0.0147128 -0.0666213 0.0100959 0.0753083 0.0462492 -0.00163979 0.0865482 -0.0862074 -0.023976 0.0790972 -0.0948855 0.0816471 0.0997545 0.09926 0.0898797 0.0247357 -0.0942888 0.0481612 0.051848 0.0422188 -0.00238213 0.0903058 0.0162915 0.0784115 0.0208422 -0.0439986 0.0913009 -0.00120024 0.0390989 0.0928455 0.0170533 -0.0526663 -0.0258669 -0.0898354 0.0435379 0.0767373 -0.0309354 -0.0182659 -0.0829939 -0.071126 -0.0982931 -0.0820207 0.0697031 -0.0733371 -0.00402185 0.0444885 -0.0808594 0.0404326 -0.0358505 0.0240583 -0.0806473 0.0746329 0.0912393 -0.0513539 0.0462024 0 
