50

16000 4500

30 55 80

5

0 72440 99860 60380 83650 84350 95370 41760 36030 87790 60360 88300 48890 21310 93471 25150 60930 38460 87530 62550 76740 28830 97290 63970 9380 46120 92930 14370 34850 52790 67340 98940 99460 89230 40300 28950 78231 70840 31980 58420 79420 52010 78600 68470 83080 11850 64960 96670 67610 39780 43190 
72620 0 47180 127770 99781 12420 168010 83340 40210 24290 74910 114330 40610 67060 143130 96130 55000 87740 140830 23820 98900 44930 146490 122102 80360 55230 38472 66190 67430 35810 127052 162370 79470 137440 106552 93702 130780 128992 102960 97450 118850 28320 97630 132392 138230 70740 118130 113061 116170 64201 108080 
100580 46950 0 160690 91760 50690 204611 125660 64800 70290 75480 110900 56790 88950 159990 122540 54530 101450 157690 37770 146542 73480 160350 145150 108300 64710 84670 95400 80550 50940 151042 196971 45880 181542 130542 117020 146590 148410 132380 141810 163160 71130 93730 156382 155090 95920 160130 103640 131850 73850 143500 
60770 125980 160542 0 133101 139030 38420 51510 94402 132950 117750 128970 107262 78650 99370 46230 119270 81700 92780 120922 70310 85770 110200 69350 54420 103890 135980 64220 92190 111162 65300 44640 157800 54670 54900 59660 87440 78890 34650 51550 59190 98250 123941 60960 89690 69190 26240 144071 95230 97420 19410 
83430 100261 91860 133361 0 111611 159981 122900 69421 124231 26181 22050 61571 63420 86760 90001 47741 53511 87070 77281 157690 78491 77580 80890 87300 51631 137463 92310 50050 66761 89610 180502 52750 170200 82711 74571 79200 83840 100281 139370 160370 98781 9620 95000 85380 74770 145981 13630 60560 46671 119561 
84720 12940 50690 141340 111211 0 186751 94920 52310 22870 86340 125760 52040 79160 155230 108230 66430 99840 152930 35250 110860 57030 158590 134202 92460 66660 37250 78290 79530 47240 139152 179111 90650 149660 118652 105802 142880 141092 115060 111430 130950 39900 109060 144492 150330 82840 130350 124491 128270 76301 121650 
94530 165760 201483 38190 159021 183182 0 86690 131081 172730 143670 149930 143350 109590 110760 73710 152180 107270 104170 157632 97170 122420 121590 84710 85960 135980 170940 100870 121120 147872 76850 32430 196961 64890 77130 85230 102800 94250 66190 81600 81330 138030 149861 72350 101080 99410 51990 175952 110890 128850 56060 
42340 82970 123270 51230 123050 94080 86960 0 62470 87530 98680 127060 75470 60930 120070 48890 90750 77220 113650 85310 37590 52860 125703 88040 38160 76850 89150 31790 74470 79370 86100 78220 133890 54270 64480 60710 105103 97580 42780 19430 40430 56030 118000 86210 109200 51470 35870 136290 101710 79170 34700 
36770 40270 64670 94680 69651 52180 131730 63010 0 63121 44440 83630 14160 27960 104200 59220 30310 48810 101900 27360 92311 12350 107560 83122 44490 19490 73600 31820 28500 18060 88072 129531 71470 116670 67572 54722 91850 90012 67090 81810 102810 31770 67300 93412 99300 32480 94510 82931 77240 26410 77490 
88780 24380 70090 134790 123761 22880 175300 87590 63371 0 98890 138310 64252 90070 168561 109800 78980 110901 166261 47800 91440 62680 171921 144312 92450 78272 15430 74340 90591 59790 149262 166060 103450 131050 126730 114770 155111 151202 110660 94580 111770 37770 121610 150131 163442 91080 122290 137041 139331 87242 115100 
60110 75450 75440 117930 26451 86800 144550 98530 44410 99420 0 40230 36760 40080 88340 69890 22930 39550 87560 52480 132121 52620 84110 76740 63980 26270 112652 67340 27790 41950 85460 158831 51380 146880 70300 59040 79140 80000 81920 116050 137050 73990 23900 90850 85530 51450 123320 39590 60700 20800 100820 
87930 114800 111020 128620 22040 126150 150710 127270 83630 138770 40010 0 76110 72510 66360 86750 62280 50860 66670 91820 161490 91840 57340 68480 89950 65490 152002 102250 59750 81300 77200 172150 74310 174000 72490 71320 62710 67500 96490 142980 164170 113340 19250 82590 65240 81640 142300 24880 44220 60020 115490 
49570 40730 56890 107480 61521 52080 143590 75950 14160 64282 36650 76070 0 35420 107020 69470 19000 51630 104720 20150 103322 25290 110380 91190 57290 15590 76193 44760 30730 6810 96140 142331 58360 129912 75640 62760 94670 95440 79340 94750 115890 40200 59370 101480 102120 43520 108710 74801 80060 25750 90290 
21250 67020 89310 79150 63560 78930 109600 61080 27630 89510 40270 72770 35210 0 84330 36130 40840 26020 82030 52400 95510 28830 87690 59380 25120 26030 96660 30490 14760 41110 64330 117710 79370 108000 43830 30910 71980 66270 47020 77190 98190 53960 58510 69670 78510 12590 83730 76580 57370 19690 61960 
92531 143630 160670 99370 85620 155540 110830 120190 104050 168541 88150 65190 107450 84300 0 75231 108340 59400 8430 126690 153143 109630 15070 32750 88501 94720 178300 106851 76940 113350 40160 133810 138620 152140 57270 65761 17270 23720 79600 134823 152550 133970 79680 38990 11100 87000 122460 88190 29870 85410 98030 
25010 96570 122080 46790 89771 108480 74140 49460 58520 110990 69950 86520 69260 35990 75211 0 75400 38370 69931 84620 82980 52960 80571 44350 18050 60590 116130 38780 48000 73990 44880 90100 113930 90090 19230 16160 59971 53210 12890 64660 85480 75990 80611 44990 65481 27910 59410 99771 57930 54250 32990 
60870 55310 54630 118900 47741 66660 151990 90600 30400 79280 22870 62290 19100 40840 107840 75250 0 52450 105540 32330 121252 41300 105360 93000 64740 17120 92512 59410 31550 23090 100610 155961 43560 144562 80460 67580 95490 96260 86540 109540 130540 58500 45590 105950 102940 52210 122340 61021 80880 24760 101580 
38010 87540 101650 81750 53301 99450 107480 77350 47960 110391 39640 50780 51360 25840 59250 38390 52250 0 56950 70600 111380 52880 62610 43220 40030 38630 119710 52330 20850 57260 50310 125620 90210 123870 34120 22960 46900 47670 48670 93060 114060 77750 44141 55650 54350 31950 94370 63301 32290 29320 67950 
86760 141060 158100 92700 86050 152970 104160 113630 101480 165971 87350 65620 104880 81730 8440 69551 105770 56830 0 124120 147463 106751 19920 26190 82730 92150 174281 101080 74370 110780 33490 127140 138040 145470 50710 60081 13180 17310 73040 128830 145930 131400 79100 32320 4540 81770 115790 88620 27340 82840 91470 
63200 23930 37910 121110 76911 35280 158350 85590 27770 47900 52040 91460 20240 52500 126280 84840 32130 70890 123980 0 108401 36450 129640 108270 70920 34500 62082 58270 49990 14390 113342 155961 55780 139370 92720 79840 113930 114700 93520 101740 123090 37070 74760 118682 121380 58890 120060 90191 99320 45010 103920 
77340 98930 146251 69990 157590 110490 97390 37580 92451 91500 132911 161350 103222 95220 153573 82620 121322 111510 148220 108291 0 81461 158933 121770 72450 109341 85670 67910 108760 105172 119830 78721 163072 42000 98210 95000 138333 131310 75380 18980 21860 73360 152530 119940 143770 85760 48730 170610 136000 113471 59830 
29260 45090 73750 86390 78941 57000 123570 53410 12320 62200 52830 92020 25340 29020 109860 52770 41490 53690 107252 36440 81221 0 113220 83672 37000 29210 69370 22830 34160 29240 88622 122011 82650 107232 66430 53320 97510 90562 59600 71570 92570 27540 75690 93962 102802 29630 85890 92080 82900 33390 69200 
96720 147290 160650 110250 77510 159200 121710 126253 107710 172201 83750 57240 111110 87960 15130 81091 105010 63060 19850 130340 159003 113290 0 42841 94361 98380 181960 111040 80600 117010 51040 144690 130040 163020 64921 71621 26440 33660 89031 140683 161683 137630 73790 49870 21650 90660 133340 79800 31590 89070 107461 
63370 122361 144950 69530 81090 134271 85000 88500 82971 143741 76650 68550 91330 59640 32880 44940 92620 43090 26460 108520 122020 83361 42731 0 59340 79000 150891 77690 61220 97230 9920 107980 127470 122300 25580 35610 18940 10390 47910 103700 120800 108191 71930 15310 22010 58380 92270 90850 28080 69690 66340 
8860 80420 107840 54350 87160 92330 86310 38260 44010 93290 63870 89770 56870 24820 88671 17720 64440 39930 82940 70530 72290 36810 94031 59090 0 49630 98430 21080 38360 60770 59741 94490 102970 84780 35230 23880 73431 66250 22920 53970 74970 58290 82110 59851 78490 15360 60510 100180 64880 43290 37980 
45920 54921 65150 103950 51811 66750 136000 76560 19520 77642 26120 65310 15580 25890 94300 60590 17080 38910 92000 34320 108911 28950 97660 79460 49790 0 89553 45370 18010 21060 86610 140361 58800 130382 66110 53230 81950 82720 71690 95360 116360 49320 48980 91950 89400 37260 106740 65091 67340 11960 86630 
93790 38570 84280 138110 137804 37070 172430 88940 73360 15240 112933 152482 76493 96810 178260 114810 93152 120190 174562 61990 86060 69450 181620 150992 97460 90290 0 79350 99880 73072 155031 162650 117640 125430 131740 120390 163740 157872 115410 90720 106150 42780 135653 155141 170112 97240 119170 151213 148690 97790 118190 
15980 66340 95750 64610 92660 78250 101690 32240 31870 74580 68080 102520 44870 30670 107691 37730 60150 52680 101750 58340 68290 22730 111510 78190 20380 46250 79720 0 44210 48770 77951 100111 102230 85060 54520 43170 92451 85060 39870 51040 72040 39650 87610 78061 97300 24610 64110 105680 81830 48640 47420 
34630 67850 81120 92530 50030 79760 121850 74660 28270 90701 27780 59860 30830 14800 76600 47980 31720 21210 74300 50070 108890 34220 79960 61760 38500 18100 100020 44070 0 36730 69370 133160 69680 121400 49810 38480 64250 65020 59270 90570 111570 58190 44980 74710 71700 25970 97110 63050 49640 8790 75340 
53340 36000 51500 111250 66651 47350 148490 79700 17910 59970 41780 81200 6790 41110 112710 74100 22900 57320 110410 14750 105182 29040 116070 96880 61060 20950 72292 48510 36420 0 101830 146101 58070 133662 81330 68450 100360 101130 83660 98640 119640 39020 64500 107170 107810 48150 112480 79931 85750 31440 94060 
66420 127012 150702 65290 89870 138922 76750 86150 87622 148392 85430 77330 95981 64291 40150 45170 100450 50180 33560 113242 119670 88012 50980 9700 59861 86801 155210 77990 69050 101881 0 99730 136250 118060 27890 40200 27790 19240 45360 101350 118250 112842 80710 5680 30470 63031 88250 100490 37460 77520 63090 
101080 162730 198243 45900 181462 179942 34570 79200 130563 166210 159951 173980 143423 119210 135480 90600 157553 126890 128890 157083 78480 122642 146310 109430 96010 141943 162490 101102 134360 147323 101570 0 199493 37940 98740 104030 127520 118970 79020 72900 60440 134270 169981 97070 125800 109500 44340 192432 135420 139371 60640 
98740 79140 45870 156890 52870 90130 196091 133560 71080 103110 51120 74380 57830 78710 139150 113120 43060 89330 138600 55350 162352 82110 130160 127240 102610 58330 117292 100890 68780 57550 135960 197931 0 188852 118330 105450 129280 130500 124410 152500 173500 92280 59250 141350 136570 90080 162070 61010 110840 61220 139570 
89500 137480 181702 54610 169810 148870 64730 54070 116302 131360 146490 173300 129572 107440 151660 89180 144852 123670 145070 139060 42090 106692 162490 121640 84610 130682 125150 84330 120980 133472 117590 37761 189102 0 99730 102610 139730 131180 77600 40720 23570 109020 164750 113250 141980 97920 31340 182830 142180 125910 58470 
39340 106361 130051 54670 82451 118271 76870 64710 66971 126660 70230 72720 75330 43640 57430 19640 80320 34120 51010 92520 98230 66250 64841 25400 35310 66150 132220 53660 49240 81230 27930 96990 118850 100100 0 14520 43260 34710 24570 79910 97460 90650 73291 30370 46560 38370 69420 92451 42450 57710 43000 
27900 93661 117130 59640 74281 105571 85370 60900 54271 114090 58990 71290 62630 30900 66021 16160 67620 22880 60741 79820 94930 53100 71381 35290 23870 53450 120780 42220 38000 68530 40240 102950 106150 102940 14600 0 50781 44020 26560 76610 97610 78320 65121 43290 56291 25220 72260 84281 42820 45740 45840 
77161 131160 147180 87050 79040 143070 102520 105023 91580 154011 79460 61660 94980 71830 17280 59861 95870 46930 13390 114220 137773 97152 25880 18580 73131 82250 163400 91481 64470 100880 27440 125500 130000 139820 42830 50391 0 8350 65430 119453 138320 121500 71210 31490 9000 72171 109790 84660 19450 72940 83860 
70320 129311 148470 78800 83540 141221 94270 97770 89921 150691 80090 67410 95250 66590 23630 53330 96140 47200 17210 114490 131242 90311 33370 10330 66290 82520 157841 84640 64740 101150 19190 117250 130910 131570 34580 43860 8680 0 57180 112922 130070 115141 75230 24580 12760 65330 101540 90570 24960 73210 75610 
31361 102921 131941 34650 100131 115200 66610 42860 66511 111060 81520 96420 78850 46460 79930 12030 86080 48730 73510 93031 75310 59311 89041 47900 22791 71270 115780 39730 58890 83271 45730 77960 125160 77950 24340 26690 65990 57440 0 56990 73340 76390 90971 45840 69060 37210 47270 111101 66790 64930 20850 
58940 98150 139800 51640 139170 109570 82560 19440 81280 94620 115870 142950 94280 76820 135173 64220 109560 93110 128980 101840 18760 71560 140533 103370 54050 95660 90370 50600 90360 98180 101430 72780 152700 40720 79810 76600 119933 112910 56980 0 21000 71540 134110 101540 124530 67360 31140 152190 117600 95290 41480 
80180 119230 161440 59140 160430 130790 81920 40680 102520 112070 137110 164190 115790 98060 152661 84761 131070 114350 146241 123480 21930 92800 161615 120631 75290 116900 105860 71840 111600 119690 118461 60491 174210 23530 97071 97840 138721 130171 73181 21240 0 92780 155370 116660 141791 88600 33920 173450 138840 116530 55791 
52740 28450 71040 98970 99001 39560 139480 56160 32020 37900 74170 113590 40150 54410 134240 74910 58330 78670 131940 36990 74000 28110 137600 108582 57560 49870 43080 39450 58540 38750 113532 134520 92640 109590 90710 78340 121890 115472 76140 71860 92860 0 96890 115241 127712 54840 90280 112281 107280 56450 80580 
78380 98150 93830 124691 9410 109500 151311 117850 67330 122120 23730 19330 59460 58370 80160 81331 45630 44841 79610 75180 152640 75560 74080 72220 82250 49210 135352 87260 45000 64650 80940 170131 59140 165150 74041 65901 71400 75480 91611 134320 155320 96690 0 86330 77590 69720 137311 19340 52760 43740 110891 
67930 132362 156052 60960 95270 144272 72420 86330 92972 150380 90830 82730 101331 69641 38990 45350 105800 55530 32400 118592 119850 93362 49820 15100 60041 92151 155390 78170 74400 107231 5860 95400 141960 113730 30270 43120 31350 24640 45540 101530 116880 115380 86110 0 29310 67830 84050 105890 42860 82870 61540 
82570 138600 155640 89810 84600 150510 101270 109440 99020 162941 85280 64170 102420 78840 11220 65361 103310 54370 4800 121660 143273 102561 21640 22000 78540 89690 170091 96890 71910 108320 30600 124250 135970 142580 46520 55891 8990 13120 68850 124640 141740 127391 77030 29430 0 77580 112900 87170 25270 80380 87280 
11380 70710 95900 69450 74690 82620 99510 51780 32070 90400 51400 81900 43300 12350 87380 28200 51970 32060 82090 58590 85810 29410 90890 58510 15420 37160 97540 24340 25890 48030 63460 108010 90500 98300 38520 25410 72771 65400 37380 67490 88490 54840 69640 68000 77640 0 74030 87710 61210 30820 52260 
65580 118790 158330 26170 145651 130180 52070 35980 95293 122420 123060 142050 108153 83460 122090 58780 122283 94250 115500 120370 48760 85700 132920 92070 60690 106673 119000 64150 97000 112053 88020 43430 162730 31320 69330 72210 110160 101610 47200 30610 33590 90330 136491 83680 112410 74000 0 156621 111780 102480 28070 
96500 113581 103800 144021 13690 124931 175711 136350 82741 137551 39501 24880 74891 76490 89340 99501 61061 63011 89650 90611 170760 91811 79920 90390 100370 64951 150783 105380 63120 80081 100270 191162 61300 183270 92211 84071 85690 90570 110941 152440 173440 112101 19280 105660 88220 87840 156641 0 67290 59991 130221 
66770 116530 132020 95200 60350 128440 110850 101610 76950 139381 60770 44220 80350 57200 29880 58050 81240 32300 27620 99590 135640 82530 31080 27790 64580 67620 148770 81090 49840 86250 37270 133940 111170 142280 42180 42520 19400 24940 66750 117320 138320 106870 52520 42660 25590 60710 111600 67380 0 58310 85180 
39710 64701 74330 97610 47191 76611 129610 79170 26160 87422 21080 60270 25780 19680 84990 54090 24890 29600 82690 45020 113111 33610 88350 70150 43580 11940 97980 48330 8700 31680 77760 138431 61990 126480 58200 45690 72640 73410 65380 95650 116650 56150 43940 83100 80090 31050 102920 60330 58030 0 80420 
43810 108440 143582 19390 119161 121490 56470 34730 77442 115410 100740 115450 90302 61690 98430 32290 101860 67760 92010 103962 59870 68810 107541 66400 37980 86500 118470 47260 75230 94202 63250 59270 140390 58830 42840 45720 84490 75940 20710 41110 55920 80740 110001 61570 87560 52230 28150 130131 85290 80160 0 

0 Ciudad_0 0 0 32400 0
1 Ciudad_1 302 13475 16880 604
2 Ciudad_2 268 14005 17917 536
3 Ciudad_3 504 2538 6671 1008
4 Ciudad_4 348 8281 10808 696
5 Ciudad_5 799 16208 18646 1598
6 Ciudad_6 303 5798 8798 606
7 Ciudad_7 478 23422 26447 956
8 Ciudad_8 278 5179 7524 556
9 Ciudad_9 110 21544 25647 220
10 Ciudad_10 432 3026 5543 864
11 Ciudad_11 694 11927 15026 1388
12 Ciudad_12 608 9357 14043 1216
13 Ciudad_13 487 4717 8647 974
14 Ciudad_14 214 5726 10399 428
15 Ciudad_15 248 2901 5739 496
16 Ciudad_16 385 9649 13134 770
17 Ciudad_17 224 10946 13987 448
18 Ciudad_18 383 17934 22570 766
19 Ciudad_19 386 9461 12472 772
20 Ciudad_20 563 4219 6522 1126
21 Ciudad_21 720 1249 3774 1440
22 Ciudad_22 794 16067 20164 1588
23 Ciudad_23 148 12415 16725 296
24 Ciudad_24 396 5064 8563 792
25 Ciudad_25 221 9382 12584 442
26 Ciudad_26 606 4954 7473 1212
27 Ciudad_27 625 18357 22114 1250
28 Ciudad_28 460 8845 12969 920
29 Ciudad_29 502 19587 23301 1004
30 Ciudad_30 440 7902 11731 880
31 Ciudad_31 108 5125 8065 216
32 Ciudad_32 243 17406 20141 486
33 Ciudad_33 591 11344 14054 1182
34 Ciudad_34 519 4930 6966 1038
35 Ciudad_35 275 18854 22269 550
36 Ciudad_36 671 10835 13888 1342
37 Ciudad_37 451 5248 8715 902
38 Ciudad_38 723 8497 11869 1446
39 Ciudad_39 321 22429 24903 642
40 Ciudad_40 291 17177 20307 582
41 Ciudad_41 659 14876 19645 1318
42 Ciudad_42 250 22760 26620 500
43 Ciudad_43 302 13702 18440 604
44 Ciudad_44 474 24473 26568 948
45 Ciudad_45 149 12977 16698 298
46 Ciudad_46 320 18053 22997 640
47 Ciudad_47 234 14202 17381 468
48 Ciudad_48 745 4378 6960 1490
49 Ciudad_49 370 2426 7417 740
50 Ciudad_50 431 13887 18438 862

0 0.0592859 -0.0206168 0.0411405 0.0396168 0.0300582 -0.0897969 -0.0454291 0.0475744 0.0120009 -0.0643261 -0.0880932 -0.040098 -0.0381386 -0.0640463 -0.0654044 0.0389549 0.0191343 0.0807532 0.0787725 0.0946006 -0.0155187 -0.0842716 -0.0510217 0.038918 -0.066689 -0.020017 -0.0652431 -0.0173143 0.0951865 0.0153878 0.0220518 0.0734625 -0.0899478 -0.0661704 0.0747391 -0.0328523 0.0608392 0.0951948 0.0675487 -0.00695729 -0.095545 -0.0226272 -0.0965358 -0.0582346 0.0674269 0.0446302 -0.0681154 -0.0637861 0.0835588 0.0298977 
-0.0592859 0 -0.0963415 0.0300528 -0.0453278 -0.0746378 0.0170363 -0.0349973 0.0452379 -0.0972986 0.0130065 0.0568682 -0.0987041 0.0278798 0.0364064 0.0820332 -0.0585525 0.0506439 0.0999886 0.0451997 -0.0703587 -0.0333974 0.0765977 0.0693357 -0.0702616 -0.0443428 0.0908878 -0.0608083 -0.0210311 0.0607454 -0.0387512 -0.0136264 -0.0724112 0.00136436 -0.0621622 0.0112532 0.00404417 -0.0653716 0.0247039 -0.0590173 0.0107726 -0.0897256 0.0321607 0.0471424 -0.0818431 -0.00336736 -0.0685691 0.0256564 -0.0159909 -0.0724299 -0.000700112 
0.0206168 0.0963415 0 -0.0787963 0.0193757 -0.0956529 -0.0309956 0.0811049 -0.021586 -0.0979898 0.0417077 0.0200568 0.0425733 -0.0235799 0.0571616 0.0559724 -0.0287843 0.0933436 0.0145643 0.052032 -0.020341 -0.0135058 -0.0829638 -0.0927095 0.0965307 -0.0259252 0.049185 -0.0551252 0.00236018 0.0546274 -0.0840229 -0.0921003 0.0393281 0.0415986 -0.044876 -0.0405445 -0.0895411 0.0328114 0.00641366 -0.027665 -0.0348662 -0.0560796 0.0543592 -0.0180191 -0.005515 -0.0306321 0.0786939 0.00843039 -0.0130996 -0.0955068 0.016205 
-0.0411405 -0.0300528 0.0787963 0 0.0286731 0.0769088 0.0465636 -0.0365256 -0.0765264 -0.0448924 -0.0200535 -0.0809599 -0.0617132 0.0594314 0.0555412 -0.0704957 -0.0176148 -0.056622 -0.0142642 -0.00737088 -0.0700054 0.0354822 -0.0968621 -0.0364829 -0.029931 0.0298936 -0.00913377 -0.0329308 0.0901767 0.0997141 -0.0635006 0.0643382 -0.0957834 0.0689373 -0.00723395 -0.0117963 0.0132051 -0.0658172 -0.0789114 -0.0805768 -0.056592 0.055001 -0.0228871 -0.0555359 -0.0122304 -0.0525218 -0.0800883 -0.0156184 -0.0393663 0.022456 -0.0131295 
-0.0396168 0.0453278 -0.0193757 -0.0286731 0 -0.00644546 0.0571397 0.0371599 -0.00190615 -0.00236067 0.0606395 0.0729569 -0.0674084 -0.0418344 0.0404282 0.0258775 0.0886902 0.0720992 -0.0617664 0.049956 0.00574824 -0.00599188 -0.0794603 0.0911069 0.0936372 0.0106664 -0.0353459 0.0938927 -0.0926353 0.00263003 -0.0369518 0.0367169 -0.0360995 -0.0265796 0.0540748 0.0755038 0.087493 0.0420978 0.0506552 0.0279688 -0.078899 -0.026215 0.00734814 0.065417 -0.0773339 -0.0201605 0.0695818 -0.0781382 0.0936829 -0.0508284 -0.09438 
-0.0300582 0.0746378 0.0956529 -0.0769088 0.00644546 0 -0.0825787 -0.00368204 0.0564646 0.0590581 -0.0607042 -0.0628941 -0.0789332 -0.00550365 -0.0786633 0.0952627 0.0529834 -0.0792789 0.0355018 -0.0210052 0.0173895 -0.00942986 -0.0385523 -0.00591684 0.0764038 -0.0301604 0.0974187 0.0469781 0.00484074 -0.00683992 -0.0118266 0.0464208 0.0669531 -0.00356062 0.0706412 0.0955123 -0.0371549 -0.0205862 0.0554621 -0.0905391 0.0196263 -0.0532802 0.0812837 -0.0688729 0.0739791 -0.0254557 -0.00289317 0.0243634 0.0233893 0.0459088 0.00138303 
0.0897969 -0.0170363 0.0309956 -0.0465636 -0.0571397 0.0825787 0 -0.0625845 -0.0736245 -0.0243274 -0.00956945 -0.0902454 0.00529645 0.00448438 0.0842486 0.0608038 0.00788736 0.0100366 0.0594333 0.051201 -0.0273578 0.00671602 0.0939488 -0.0974971 -0.0422899 0.0863232 -0.0847302 0.0857096 -0.0576023 0.0572673 -0.0295524 -0.0359195 -0.0151857 -0.0615676 0.00732807 -0.0727054 -0.0847936 0.00952128 -0.0135867 0.0221887 -0.0182077 0.0679322 -0.0354262 0.0348144 0.043637 0.0127942 0.0511778 -0.0374402 0.0646974 0.0308203 -0.0208808 
0.0454291 0.0349973 -0.0811049 0.0365256 -0.0371599 0.00368204 0.0625845 0 0.0883843 0.077493 -0.00172898 0.0197592 0.0725068 0.0651822 -0.0494572 0.000499696 0.0688375 0.0791078 0.0525942 0.0348299 -0.0179069 -0.0676141 0.0280174 0.0537124 0.0173146 -0.0525455 0.0876176 0.0222374 0.0314858 -0.0123695 -0.0639636 0.0282665 -0.0439064 0.0435539 0.00909645 -0.0185062 0.0857014 0.067255 -0.0970012 0.0427172 -0.0659851 -0.0117049 -0.0355243 -0.0348739 0.0728703 -0.0482089 -0.0656672 -0.0389862 -0.0602769 0.0177277 -0.0388085 
-0.0475744 -0.0452379 0.021586 0.0765264 0.00190615 -0.0564646 0.0736245 -0.0883843 0 -0.0805975 -0.007323 -0.0697661 -0.0589592 0.0498089 -0.0835426 -0.0535272 0.0565236 0.000982042 0.0834121 -0.0737236 -0.0782233 -0.00159602 -0.0116443 -0.046344 -0.0685821 0.0984562 0.0993385 -0.0310465 0.0709112 -0.0263627 -0.0490239 0.0280151 -0.081809 -0.0566509 -0.0288716 -0.0121203 0.077436 0.0736074 0.039852 -0.0495459 -0.0641335 -0.0129608 0.0660069 0.0101016 -0.0840258 -0.0567879 -0.0865808 -0.0595612 -0.0304541 0.0254635 0.00480461 
-0.0120009 0.0972986 0.0979898 0.0448924 0.00236067 -0.0590581 0.0243274 -0.077493 0.0805975 0 0.0183312 -0.0404028 0.00292423 -0.0589064 0.0800267 -0.0787742 0.0208847 0.094811 -0.0191831 0.0587234 -0.0175411 -0.095938 -0.0606636 0.0152895 -0.0930407 0.0246854 -0.088955 -0.0949145 0.0951465 -0.0340042 -0.0508534 0.00462019 0.0661463 -0.0927984 -0.0897944 0.0870526 -0.0992743 0.0796304 0.0380908 0.0907511 0.0228907 -0.0837017 -0.0642553 0.0661909 0.0763029 0.018803 0.0339411 0.0197034 0.0635693 0.034491 0.0557056 
0.0643261 -0.0130065 -0.0417077 0.0200535 -0.0606395 0.0607042 0.00956945 0.00172898 0.007323 -0.0183312 0 0.0241525 0.0050636 -0.0205534 -0.045193 0.0103508 -0.0685873 -0.0842866 0.0276455 -0.0469975 0.086199 -0.0855664 -0.0831302 -0.0329765 -0.0571604 0.0725761 0.0928815 0.0968093 0.0115574 -0.0145584 0.075712 0.0463292 0.0605908 0.0229772 0.00271913 -0.0350695 -0.016688 0.0953385 0.0925117 -0.0594567 0.0376652 -0.0779692 0.0961798 -0.0475778 0.0918376 -0.0145303 0.0860333 -0.0816941 0.0215347 -0.0774309 0.0889336 
0.0880932 -0.0568682 -0.0200568 0.0809599 -0.0729569 0.0628941 0.0902454 -0.0197592 0.0697661 0.0404028 -0.0241525 0 0.0459851 -0.066955 -0.0624443 0.0878514 0.0609053 0.0426061 0.013712 -0.00614695 -0.083472 -0.0921304 -0.0767658 -0.00138827 0.0830792 -0.0400523 0.0132994 0.0754828 0.0729579 0.00357401 0.0260177 -0.0359577 -0.0124928 0.0273329 0.00974013 0.0531484 -0.0928822 0.0814383 -0.0647631 0.0720141 0.0103985 -0.0879465 0.0330036 0.0115925 0.0122398 -0.06218 0.0182611 0.0175364 0.0575328 0.0798602 0.0247008 
0.040098 0.0987041 -0.0425733 0.0617132 0.0674084 0.0789332 -0.00529645 -0.0725068 0.0589592 -0.00292423 -0.0050636 -0.0459851 0 -0.0456212 0.0808314 0.0613754 0.0651207 -0.0520267 -0.0950372 0.091186 0.0373715 0.0804296 0.0550882 0.00878522 -0.0437561 0.0471879 0.0630163 -0.0695336 0.0702453 -0.0374458 -0.0226131 -0.0636004 -0.00540605 -0.0317133 0.0810498 0.0211696 -0.0341572 0.0783753 0.0274004 0.0671433 0.0280547 -0.0990761 -0.0745238 0.0453563 0.0503531 -0.0994124 0.0627306 -0.0408466 -0.0676058 0.0806114 -0.0193654 
0.0381386 -0.0278798 0.0235799 -0.0594314 0.0418344 0.00550365 -0.00448438 -0.0651822 -0.0498089 0.0589064 0.0205534 0.066955 0.0456212 0 -0.0646277 0.00523078 -0.0293403 -0.0499382 -0.0858348 0.0468898 -0.0415684 -0.063382 0.0749758 -0.0676136 -0.0380452 0.0765886 0.0637487 0.0897446 0.0933095 -0.0112244 0.0861417 0.000381066 -0.0829473 -0.0148238 -0.0355495 0.0748158 0.0489318 0.0940446 0.0069288 0.00548522 0.0878912 -0.00993387 -0.0859415 0.0733238 0.071233 0.0640468 0.080838 0.0178654 0.0207668 0.0122679 0.0227057 
0.0640463 -0.0364064 -0.0571616 -0.0555412 -0.0404282 0.0786633 -0.0842486 0.0494572 0.0835426 -0.0800267 0.045193 0.0624443 -0.0808314 0.0646277 0 -0.0150347 -0.0578042 -0.0600899 0.0840164 0.0568922 -0.0669579 0.0346082 0.0384523 -0.0902698 0.0431057 -0.0504741 0.022382 -0.023542 -0.0252682 -0.0812749 -0.0976468 0.0814422 0.00479379 -0.0230542 0.0473556 0.0926607 -0.0158464 -0.00514212 -0.0176041 -0.0901204 0.0331488 0.0729048 -0.0456157 -0.0283756 -0.0591729 0.0148313 -0.0419686 -0.0180698 -0.0584902 0.088588 -0.0133432 
0.0654044 -0.0820332 -0.0559724 0.0704957 -0.0258775 -0.0952627 -0.0608038 -0.000499696 0.0535272 0.0787742 -0.0103508 -0.0878514 -0.0613754 -0.00523078 0.0150347 0 -0.0773132 -0.0708643 0.0598027 0.0594215 -0.0792065 -0.0486837 -0.0809967 -0.0497297 0.0628422 0.00929595 -0.068791 0.0798462 -0.0166979 0.0919393 0.0731808 0.0298256 0.0324523 -0.051947 0.0528691 -0.0274119 -0.0591769 0.0416096 0.098136 -0.0166955 -0.00849966 0.0150237 -0.0207557 -0.0611002 -0.0106674 -0.0726221 -0.070311 0.0451544 0.0419284 -0.0210692 -0.0100388 
-0.0389549 0.0585525 0.0287843 0.0176148 -0.0886902 -0.0529834 -0.00788736 -0.0688375 -0.0565236 -0.0208847 0.0685873 -0.0609053 -0.0651207 0.0293403 0.0578042 0.0773132 0 -0.0258684 0.0877425 0.0620533 -0.0190668 0.0146839 0.0245259 0.025967 0.0441859 0.0705506 -0.0430575 -0.0314023 -0.0832111 0.0763595 -0.017333 0.0540331 -0.0857106 0.0904999 -0.0537061 -0.089279 0.0570813 -0.0436881 -0.0201754 -0.0181047 0.0497983 0.0723805 -0.0723561 -0.00456273 -0.0774959 -0.0974229 -0.0598308 0.0836916 0.0306421 0.044881 0.0661062 
-0.0191343 -0.0506439 -0.0933436 0.056622 -0.0720992 0.0792789 -0.0100366 -0.0791078 -0.000982042 -0.094811 0.0842866 -0.0426061 0.0520267 0.0499382 0.0600899 0.0708643 0.0258684 0 0.0728134 -0.0651425 0.0751372 0.0115294 -0.0760393 -0.0988556 0.0577653 0.0042129 0.00100629 0.0749346 0.0839175 -0.0618313 -0.030551 -0.0280086 0.0210466 0.0245065 -0.0694208 0.0310161 -0.0791787 0.0297243 -0.0217571 0.0190071 0.0929407 -0.0345175 0.0564833 -0.00633103 0.0713134 -0.0502505 0.0629175 -0.00333302 0.0069086 -0.0288904 0.00173086 
-0.0807532 -0.0999886 -0.0145643 0.0142642 0.0617664 -0.0355018 -0.0594333 -0.0525942 -0.0834121 0.0191831 -0.0276455 -0.013712 0.0950372 0.0858348 -0.0840164 -0.0598027 -0.0877425 -0.0728134 0 -0.050787 -0.0771709 -0.032358 0.0910976 0.0188999 0.0828599 0.0354374 -0.031044 -0.0367035 -0.0953069 0.0719946 -0.0450584 0.038068 0.075381 -0.0522414 0.0869135 -0.0736038 0.0592872 -0.0169251 -0.0839961 0.0744696 -0.0313376 0.0434089 0.0400892 -0.0377867 0.0869697 -0.0190684 0.059533 0.0243407 -0.0301197 -0.0114339 -0.0361387 
-0.0787725 -0.0451997 -0.052032 0.00737088 -0.049956 0.0210052 -0.051201 -0.0348299 0.0737236 -0.0587234 0.0469975 0.00614695 -0.091186 -0.0468898 -0.0568922 -0.0594215 -0.0620533 0.0651425 0.050787 0 -0.0735154 -0.0729365 -0.0133613 -0.0648873 0.0656786 0.077797 0.0855254 0.0329862 -0.0843498 -0.082575 0.0918215 0.0273336 0.00324692 0.0696234 -0.0488937 0.0265236 -0.041208 0.0394268 0.0684697 -0.0210108 -0.0663739 -0.0259892 0.0929643 -0.00214686 0.00941196 0.0580309 -0.03402 0.0828238 -0.0684025 0.0611329 -0.0849491 
-0.0946006 0.0703587 0.020341 0.0700054 -0.00574824 -0.0173895 0.0273578 0.0179069 0.0782233 0.0175411 -0.086199 0.083472 -0.0373715 0.0415684 0.0669579 0.0792065 0.0190668 -0.0751372 0.0771709 0.0735154 0 0.0576174 -0.027739 -0.0690502 -0.0876707 0.00314035 -0.0627592 -0.0449713 -0.0167337 -0.0161751 -0.0456829 -0.00148814 -0.0439079 0.0432449 0.0740176 -0.0941514 0.0656497 -0.0378631 0.0576092 0.0437555 -0.0625768 -0.0013789 -0.0405382 0.0947535 0.0209426 -0.0602332 0.030855 -0.0247951 0.032985 -0.0366539 -0.0535285 
0.0155187 0.0333974 0.0135058 -0.0354822 0.00599188 0.00942986 -0.00671602 0.0676141 0.00159602 0.095938 0.0855664 0.0921304 -0.0804296 0.063382 -0.0346082 0.0486837 -0.0146839 -0.0115294 0.032358 0.0729365 -0.0576174 0 0.0783574 -0.0628859 -0.0285754 -0.0617084 -0.0408493 -0.0685832 -0.0882801 0.098613 0.0556873 -0.0945076 0.0798632 -0.0558588 -0.0108327 -0.000233169 0.0560395 -0.0744898 0.0280236 0.0892271 0.00556216 -0.030294 -0.0586567 -0.0976265 0.00634411 -0.0661116 0.0399461 -0.0588832 0.0376472 -0.0616739 0.0836407 
0.0842716 -0.0765977 0.0829638 0.0968621 0.0794603 0.0385523 -0.0939488 -0.0280174 0.0116443 0.0606636 0.0831302 0.0767658 -0.0550882 -0.0749758 -0.0384523 0.0809967 -0.0245259 0.0760393 -0.0910976 0.0133613 0.027739 -0.0783574 0 0.0160509 -0.0470806 -0.0723952 -0.0676914 0.0654561 -0.0401225 0.00264772 -0.0690566 -0.011118 0.0165959 0.0326299 -0.0324132 0.0450948 -0.0586234 0.00547067 -0.00384641 -0.0887144 -0.0595431 0.0451373 0.0248626 0.0202354 -0.00536791 0.0776053 -0.0592234 0.0909617 0.00230676 0.0765197 0.0247503 
0.0510217 -0.0693357 0.0927095 0.0364829 -0.0911069 0.00591684 0.0974971 -0.0537124 0.046344 -0.0152895 0.0329765 0.00138827 -0.00878522 0.0676136 0.0902698 0.0497297 -0.025967 0.0988556 -0.0188999 0.0648873 0.0690502 0.0628859 -0.0160509 0 0.0743452 0.0474699 -0.00685664 -0.0202069 0.0209918 -0.0883062 0.0677836 0.051298 0.0594631 -0.0452249 -0.0128712 -0.00999117 -0.00371205 0.0315356 -0.0845209 -0.0288655 -0.0332056 -0.0581308 0.0249959 0.0870134 -0.0715486 0.074939 0.0901252 -0.0704904 -0.0281658 0.0601375 0.029715 
-0.038918 0.0702616 -0.0965307 0.029931 -0.0936372 -0.0764038 0.0422899 -0.0173146 0.0685821 0.0930407 0.0571604 -0.0830792 0.0437561 0.0380452 -0.0431057 -0.0628422 -0.0441859 -0.0577653 -0.0828599 -0.0656786 0.0876707 0.0285754 0.0470806 -0.0743452 0 0.0213318 -0.0930906 0.0261655 0.0669955 0.0718866 -0.0165753 -0.073893 -0.057762 -0.0144962 0.0852528 0.0383175 -0.0216594 -0.0505623 -0.058125 -0.0894423 0.00171166 0.0351009 0.0874369 0.0415394 0.0386982 -0.0629902 0.0634146 0.0266363 0.0253067 -0.0136803 0.0338734 
0.066689 0.0443428 0.0259252 -0.0298936 -0.0106664 0.0301604 -0.0863232 0.0525455 -0.0984562 -0.0246854 -0.0725761 0.0400523 -0.0471879 -0.0765886 0.0504741 -0.00929595 -0.0705506 -0.0042129 -0.0354374 -0.077797 -0.00314035 0.0617084 0.0723952 -0.0474699 -0.0213318 0 -0.0533565 0.0689106 0.00838272 -0.0951982 -0.00531237 0.0441391 0.0274873 0.032678 -0.00707987 -0.0549589 0.0134 0.0581488 -0.00236736 -0.0448877 0.0389013 -0.0457028 -0.0962171 -0.0505477 0.00860484 0.0231831 -0.0868356 -0.0871001 0.0839571 0.0415238 0.0334379 
0.020017 -0.0908878 -0.049185 0.00913377 0.0353459 -0.0974187 0.0847302 -0.0876176 -0.0993385 0.088955 -0.0928815 -0.0132994 -0.0630163 -0.0637487 -0.022382 0.068791 0.0430575 -0.00100629 0.031044 -0.0855254 0.0627592 0.0408493 0.0676914 0.00685664 0.0930906 0.0533565 0 -0.0531991 -0.00717597 0.0809943 -0.0635206 0.0697982 0.0954273 -0.0154014 -0.0350161 0.0256793 0.0337611 -0.0123668 -0.00979464 0.0697539 -0.0930389 -0.0525595 -0.0568481 -0.024853 -0.0246491 0.0116273 -0.00809627 -0.0425875 0.0549186 0.0561848 0.00934355 
0.0652431 0.0608083 0.0551252 0.0329308 -0.0938927 -0.0469781 -0.0857096 -0.0222374 0.0310465 0.0949145 -0.0968093 -0.0754828 0.0695336 -0.0897446 0.023542 -0.0798462 0.0314023 -0.0749346 0.0367035 -0.0329862 0.0449713 0.0685832 -0.0654561 0.0202069 -0.0261655 -0.0689106 0.0531991 0 0.00438053 0.0518506 -0.068055 0.00073424 -0.0269043 -0.0452887 -0.0232032 -0.0785458 0.0900912 -0.0975522 0.0905526 -0.0195177 -0.0247605 -0.0878484 0.0354221 0.08018 -0.0575033 -0.0358137 -0.0460793 -0.00581009 0.00623877 -0.0998777 -0.0820254 
0.0173143 0.0210311 -0.00236018 -0.0901767 0.0926353 -0.00484074 0.0576023 -0.0314858 -0.0709112 -0.0951465 -0.0115574 -0.0729579 -0.0702453 -0.0933095 0.0252682 0.0166979 0.0832111 -0.0839175 0.0953069 0.0843498 0.0167337 0.0882801 0.0401225 -0.0209918 -0.0669955 -0.00838272 0.00717597 -0.00438053 0 -0.0130252 0.0798666 -0.0144456 0.0478561 -0.0591653 0.0917571 0.0487307 -0.0575543 0.0394342 -0.0152592 0.0420803 0.0495075 0.0213837 0.0910428 0.0436876 0.0913946 -0.0431783 -0.0529273 -0.0324838 0.0771295 0.0791785 -0.0309591 
-0.0951865 -0.0607454 -0.0546274 -0.0997141 -0.00263003 0.00683992 -0.0572673 0.0123695 0.0263627 0.0340042 0.0145584 -0.00357401 0.0374458 0.0112244 0.0812749 -0.0919393 -0.0763595 0.0618313 -0.0719946 0.082575 0.0161751 -0.098613 -0.00264772 0.0883062 -0.0718866 0.0951982 -0.0809943 -0.0518506 0.0130252 0 -0.0284809 0.0583744 -0.0830969 -0.0315519 -0.0637755 0.0221547 -0.00373083 0.0227901 -0.0363799 0.00684409 -0.079121 -0.0212796 -0.0511271 -0.0450646 -0.0786595 -0.0139419 0.0730517 -0.077657 -0.0111979 0.0963621 0.0413888 
-0.0153878 0.0387512 0.0840229 0.0635006 0.0369518 0.0118266 0.0295524 0.0639636 0.0490239 0.0508534 -0.075712 -0.0260177 0.0226131 -0.0861417 0.0976468 -0.0731808 0.017333 0.030551 0.0450584 -0.0918215 0.0456829 -0.0556873 0.0690566 -0.0677836 0.0165753 0.00531237 0.0635206 0.068055 -0.0798666 0.0284809 0 -0.0944253 -0.0927365 0.0325092 -0.00810556 -0.0431759 0.00741605 0.0780053 0.0820019 0.00404718 0.0719476 -0.0408344 0.0299669 0.0324338 0.084405 0.0836506 0.0497311 0.0966007 0.0446035 0.0289239 -0.012983 
-0.0220518 0.0136264 0.0921003 -0.0643382 -0.0367169 -0.0464208 0.0359195 -0.0282665 -0.0280151 -0.00462019 -0.0463292 0.0359577 0.0636004 -0.000381066 -0.0814422 -0.0298256 -0.0540331 0.0280086 -0.038068 -0.0273336 0.00148814 0.0945076 0.011118 -0.051298 0.073893 -0.0441391 -0.0697982 -0.00073424 0.0144456 -0.0583744 0.0944253 0 -0.0480277 0.0672876 -0.0899103 -0.0484276 0.045185 -0.0597771 0.0215217 -0.0151435 -0.00420602 -0.0563732 -0.0725661 -0.0626853 0.00500318 0.081725 -0.0456628 0.0569195 -0.0305629 0.0115869 0.00423893 
-0.0734625 0.0724112 -0.0393281 0.0957834 0.0360995 -0.0669531 0.0151857 0.0439064 0.081809 -0.0661463 -0.0605908 0.0124928 0.00540605 0.0829473 -0.00479379 -0.0324523 0.0857106 -0.0210466 -0.075381 -0.00324692 0.0439079 -0.0798632 -0.0165959 -0.0594631 0.057762 -0.0274873 -0.0954273 0.0269043 -0.0478561 0.0830969 0.0927365 0.0480277 0 -0.0298448 -0.031916 0.0525434 0.0231598 -0.0823752 0.0723547 0.0705064 0.0702591 0.0709209 0.00151784 -0.00601355 -0.0224571 -0.00861498 -0.0481286 0.0503987 -0.0704874 -0.0450311 -0.063802 
0.0899478 -0.00136436 -0.0415986 -0.0689373 0.0265796 0.00356062 0.0615676 -0.0435539 0.0566509 0.0927984 -0.0229772 -0.0273329 0.0317133 0.0148238 0.0230542 0.051947 -0.0904999 -0.0245065 0.0522414 -0.0696234 -0.0432449 0.0558588 -0.0326299 0.0452249 0.0144962 -0.032678 0.0154014 0.0452887 0.0591653 0.0315519 -0.0325092 -0.0672876 0.0298448 0 -0.0487408 0.0897818 0.0882383 0.0903718 0.0920829 -0.0486872 0.0918979 -0.0295593 -0.0373498 -0.0784497 0.0192142 -0.0924106 -0.0392118 0.0101944 -0.0837093 -0.0164545 -0.0473292 
0.0661704 0.0621622 0.044876 0.00723395 -0.0540748 -0.0706412 -0.00732807 -0.00909645 0.0288716 0.0897944 -0.00271913 -0.00974013 -0.0810498 0.0355495 -0.0473556 -0.0528691 0.0537061 0.0694208 -0.0869135 0.0488937 -0.0740176 0.0108327 0.0324132 0.0128712 -0.0852528 0.00707987 0.0350161 0.0232032 -0.0917571 0.0637755 0.00810556 0.0899103 0.031916 0.0487408 0 0.0899803 0.0101768 0.0687306 -0.0239049 0.0289083 0.099354 -0.060592 0.0541615 0.0732213 -0.0100063 0.0648885 0.047511 0.0831903 0.0383805 0.0459221 0.0451821 
-0.0747391 -0.0112532 0.0405445 0.0117963 -0.0755038 -0.0955123 0.0727054 0.0185062 0.0121203 -0.0870526 0.0350695 -0.0531484 -0.0211696 -0.0748158 -0.0926607 0.0274119 0.089279 -0.0310161 0.0736038 -0.0265236 0.0941514 0.000233169 -0.0450948 0.00999117 -0.0383175 0.0549589 -0.0256793 0.0785458 -0.0487307 -0.0221547 0.0431759 0.0484276 -0.0525434 -0.0897818 -0.0899803 0 0.0721555 0.0523014 0.0314006 0.0899622 0.0757958 0.0631045 0.0649936 -0.0434588 0.00568039 -0.0131172 0.0276535 0.0405135 0.0902961 -0.05949 0.0367335 
0.0328523 -0.00404417 0.0895411 -0.0132051 -0.087493 0.0371549 0.0847936 -0.0857014 -0.077436 0.0992743 0.016688 0.0928822 0.0341572 -0.0489318 0.0158464 0.0591769 -0.0570813 0.0791787 -0.0592872 0.041208 -0.0656497 -0.0560395 0.0586234 0.00371205 0.0216594 -0.0134 -0.0337611 -0.0900912 0.0575543 0.00373083 -0.00741605 -0.045185 -0.0231598 -0.0882383 -0.0101768 -0.0721555 0 -0.00669255 -0.0768136 -0.0636195 -0.0507608 -0.0710287 -0.0173739 0.0247422 -0.0635104 0.0864333 0.0976424 -0.0976525 -0.0933571 0.0596749 0.0955054 
-0.0608392 0.0653716 -0.0328114 0.0658172 -0.0420978 0.0205862 -0.00952128 -0.067255 -0.0736074 -0.0796304 -0.0953385 -0.0814383 -0.0783753 -0.0940446 0.00514212 -0.0416096 0.0436881 -0.0297243 0.0169251 -0.0394268 0.0378631 0.0744898 -0.00547067 -0.0315356 0.0505623 -0.0581488 0.0123668 0.0975522 -0.0394342 -0.0227901 -0.0780053 0.0597771 0.0823752 -0.0903718 -0.0687306 -0.0523014 0.00669255 0 -0.0242387 -0.06289 -0.0851462 -0.0630605 -0.00937519 0.0259828 0.0483923 -0.0897888 0.0555552 -0.0698084 0.00520139 -0.0956744 -0.0451278 
-0.0951948 -0.0247039 -0.00641366 0.0789114 -0.0506552 -0.0554621 0.0135867 0.0970012 -0.039852 -0.0380908 -0.0925117 0.0647631 -0.0274004 -0.0069288 0.0176041 -0.098136 0.0201754 0.0217571 0.0839961 -0.0684697 -0.0576092 -0.0280236 0.00384641 0.0845209 0.058125 0.00236736 0.00979464 -0.0905526 0.0152592 0.0363799 -0.0820019 -0.0215217 -0.0723547 -0.0920829 0.0239049 -0.0314006 0.0768136 0.0242387 0 -0.023171 0.0806007 -0.0297248 0.0468235 0.07473 -0.0749008 -0.000348658 -0.0322309 -0.0131965 0.0625811 -0.0536911 0.0194331 
-0.0675487 0.0590173 0.027665 0.0805768 -0.0279688 0.0905391 -0.0221887 -0.0427172 0.0495459 -0.0907511 0.0594567 -0.0720141 -0.0671433 -0.00548522 0.0901204 0.0166955 0.0181047 -0.0190071 -0.0744696 0.0210108 -0.0437555 -0.0892271 0.0887144 0.0288655 0.0894423 0.0448877 -0.0697539 0.0195177 -0.0420803 -0.00684409 -0.00404718 0.0151435 -0.0705064 0.0486872 -0.0289083 -0.0899622 0.0636195 0.06289 0.023171 0 0.0423505 -0.0688452 0.0112454 0.0889676 0.0911664 0.0385799 0.0949684 0.0912561 -0.0177242 0.0400687 0.0992264 
0.00695729 -0.0107726 0.0348662 0.056592 0.078899 -0.0196263 0.0182077 0.0659851 0.0641335 -0.0228907 -0.0376652 -0.0103985 -0.0280547 -0.0878912 -0.0331488 0.00849966 -0.0497983 -0.0929407 0.0313376 0.0663739 0.0625768 -0.00556216 0.0595431 0.0332056 -0.00171166 -0.0389013 0.0930389 0.0247605 -0.0495075 0.079121 -0.0719476 0.00420602 -0.0702591 -0.0918979 -0.099354 -0.0757958 0.0507608 0.0851462 -0.0806007 -0.0423505 0 -0.0119418 -0.0842946 -0.0508771 -0.0766045 -0.0945849 -0.0535318 0.0680355 0.020701 -0.0725757 -0.0809555 
0.095545 0.0897256 0.0560796 -0.055001 0.026215 0.0532802 -0.0679322 0.0117049 0.0129608 0.0837017 0.0779692 0.0879465 0.0990761 0.00993387 -0.0729048 -0.0150237 -0.0723805 0.0345175 -0.0434089 0.0259892 0.0013789 0.030294 -0.0451373 0.0581308 -0.0351009 0.0457028 0.0525595 0.0878484 -0.0213837 0.0212796 0.0408344 0.0563732 -0.0709209 0.0295593 0.060592 -0.0631045 0.0710287 0.0630605 0.0297248 0.0688452 0.0119418 0 0.087362 0.0890089 0.0928319 0.0477571 -0.0461461 0.0494525 0.0781685 -0.0229592 0.00911805 
0.0226272 -0.0321607 -0.0543592 0.0228871 -0.00734814 -0.0812837 0.0354262 0.0355243 -0.0660069 0.0642553 -0.0961798 -0.0330036 0.0745238 0.0859415 0.0456157 0.0207557 0.0723561 -0.0564833 -0.0400892 -0.0929643 0.0405382 0.0586567 -0.0248626 -0.0249959 -0.0874369 0.0962171 0.0568481 -0.0354221 -0.0910428 0.0511271 -0.0299669 0.0725661 -0.00151784 0.0373498 -0.0541615 -0.0649936 0.0173739 0.00937519 -0.0468235 -0.0112454 0.0842946 -0.087362 0 -0.0608167 -0.0215815 0.0285744 0.0550302 -0.0539197 -0.0914562 0.0759127 0.0760335 
0.0965358 -0.0471424 0.0180191 0.0555359 -0.065417 0.0688729 -0.0348144 0.0348739 -0.0101016 -0.0661909 0.0475778 -0.0115925 -0.0453563 -0.0733238 0.0283756 0.0611002 0.00456273 0.00633103 0.0377867 0.00214686 -0.0947535 0.0976265 -0.0202354 -0.0870134 -0.0415394 0.0505477 0.024853 -0.08018 -0.0436876 0.0450646 -0.0324338 0.0626853 0.00601355 0.0784497 -0.0732213 0.0434588 -0.0247422 -0.0259828 -0.07473 -0.0889676 0.0508771 -0.0890089 0.0608167 0 -0.09859 -0.0573247 -0.0452941 0.0185845 -0.0815196 0.0610899 -0.0896378 
0.0582346 0.0818431 0.005515 0.0122304 0.0773339 -0.0739791 -0.043637 -0.0728703 0.0840258 -0.0763029 -0.0918376 -0.0122398 -0.0503531 -0.071233 0.0591729 0.0106674 0.0774959 -0.0713134 -0.0869697 -0.00941196 -0.0209426 -0.00634411 0.00536791 0.0715486 -0.0386982 -0.00860484 0.0246491 0.0575033 -0.0913946 0.0786595 -0.084405 -0.00500318 0.0224571 -0.0192142 0.0100063 -0.00568039 0.0635104 -0.0483923 0.0749008 -0.0911664 0.0766045 -0.0928319 0.0215815 0.09859 0 0.0504889 -0.0822174 -0.0382603 -0.0603173 0.0953953 0.064435 
-0.0674269 0.00336736 0.0306321 0.0525218 0.0201605 0.0254557 -0.0127942 0.0482089 0.0567879 -0.018803 0.0145303 0.06218 0.0994124 -0.0640468 -0.0148313 0.0726221 0.0974229 0.0502505 0.0190684 -0.0580309 0.0602332 0.0661116 -0.0776053 -0.074939 0.0629902 -0.0231831 -0.0116273 0.0358137 0.0431783 0.0139419 -0.0836506 -0.081725 0.00861498 0.0924106 -0.0648885 0.0131172 -0.0864333 0.0897888 0.000348658 -0.0385799 0.0945849 -0.0477571 -0.0285744 0.0573247 -0.0504889 0 -0.0852424 0.00152214 -0.0274697 0.0920012 0.0728267 
-0.0446302 0.0685691 -0.0786939 0.0800883 -0.0695818 0.00289317 -0.0511778 0.0656672 0.0865808 -0.0339411 -0.0860333 -0.0182611 -0.0627306 -0.080838 0.0419686 0.070311 0.0598308 -0.0629175 -0.059533 0.03402 -0.030855 -0.0399461 0.0592234 -0.0901252 -0.0634146 0.0868356 0.00809627 0.0460793 0.0529273 -0.0730517 -0.0497311 0.0456628 0.0481286 0.0392118 -0.047511 -0.0276535 -0.0976424 -0.0555552 0.0322309 -0.0949684 0.0535318 0.0461461 -0.0550302 0.0452941 0.0822174 0.0852424 0 -0.00182503 0.0538432 -0.0252699 0.0238521 
0.0681154 -0.0256564 -0.00843039 0.0156184 0.0781382 -0.0243634 0.0374402 0.0389862 0.0595612 -0.0197034 0.0816941 -0.0175364 0.0408466 -0.0178654 0.0180698 -0.0451544 -0.0836916 0.00333302 -0.0243407 -0.0828238 0.0247951 0.0588832 -0.0909617 0.0704904 -0.0266363 0.0871001 0.0425875 0.00581009 0.0324838 0.077657 -0.0966007 -0.0569195 -0.0503987 -0.0101944 -0.0831903 -0.0405135 0.0976525 0.0698084 0.0131965 -0.0912561 -0.0680355 -0.0494525 0.0539197 -0.0185845 0.0382603 -0.00152214 0.00182503 0 -0.0751958 -0.0276458 -0.0774938 
0.0637861 0.0159909 0.0130996 0.0393663 -0.0936829 -0.0233893 -0.0646974 0.0602769 0.0304541 -0.0635693 -0.0215347 -0.0575328 0.0676058 -0.0207668 0.0584902 -0.0419284 -0.0306421 -0.0069086 0.0301197 0.0684025 -0.032985 -0.0376472 -0.00230676 0.0281658 -0.0253067 -0.0839571 -0.0549186 -0.00623877 -0.0771295 0.0111979 -0.0446035 0.0305629 0.0704874 0.0837093 -0.0383805 -0.0902961 0.0933571 -0.00520139 -0.0625811 0.0177242 -0.020701 -0.0781685 0.0914562 0.0815196 0.0603173 0.0274697 -0.0538432 0.0751958 0 0.060613 0.0884918 
-0.0835588 0.0724299 0.0955068 -0.022456 0.0508284 -0.0459088 -0.0308203 -0.0177277 -0.0254635 -0.034491 0.0774309 -0.0798602 -0.0806114 -0.0122679 -0.088588 0.0210692 -0.044881 0.0288904 0.0114339 -0.0611329 0.0366539 0.0616739 -0.0765197 -0.0601375 0.0136803 -0.0415238 -0.0561848 0.0998777 -0.0791785 -0.0963621 -0.0289239 -0.0115869 0.0450311 0.0164545 -0.0459221 0.05949 -0.0596749 0.0956744 0.0536911 -0.0400687 0.0725757 0.0229592 -0.0759127 -0.0610899 -0.0953953 -0.0920012 0.0252699 0.0276458 -0.060613 0 -0.0495429 
-0.0298977 0.000700112 -0.016205 0.0131295 0.09438 -0.00138303 0.0208808 0.0388085 -0.00480461 -0.0557056 -0.0889336 -0.0247008 0.0193654 -0.0227057 0.0133432 0.0100388 -0.0661062 -0.00173086 0.0361387 0.0849491 0.0535285 -0.0836407 -0.0247503 -0.029715 -0.0338734 -0.0334379 -0.00934355 0.0820254 0.0309591 -0.0413888 0.012983 -0.00423893 0.063802 0.0473292 -0.0451821 -0.0367335 -0.0955054 0.0451278 -0.0194331 -0.0992264 0.0809555 -0.00911805 -0.0760335 0.0896378 -0.064435 -0.0728267 -0.0238521 0.0774938 -0.0884918 0.0495429 0 
