75

16000 4500

30 55 80

8

0 63210 15960 82260 84740 30150 80180 58530 39010 96830 23400 68650 99510 99600 56710 39230 77640 48220 79800 21310 92320 98600 36960 90320 72120 59990 81340 73650 39030 77220 92950 94880 91090 92950 40340 10150 60830 97480 45350 54860 65460 92170 45090 60130 77410 59530 95220 74470 97830 43650 16200 81360 75730 13800 91590 98900 52490 24250 77550 85330 55140 57790 93480 87200 35090 97310 88790 92120 59350 83730 70920 94250 74440 78060 97580 52360 
63190 0 74430 114290 83880 88330 125600 47450 40520 77580 43100 127930 70051 64670 25290 92740 63430 64180 142160 52260 38210 145940 29490 128810 131400 110740 80480 20260 82400 77480 95580 37240 72280 83350 83830 67950 46780 141850 34560 116080 116211 77590 59440 109270 129820 58420 157890 104860 53400 70120 47530 88350 39970 76770 123130 77350 95980 86610 120390 129700 54640 118380 114210 82180 95680 133840 133160 149660 119940 52080 69470 85650 90770 17370 141070 52400 
16120 74350 0 86210 81570 15350 83650 58230 41690 114700 38350 54950 117380 102280 70171 27920 93540 43760 69630 37210 104491 93450 49131 79500 58420 48240 77960 85821 48250 93120 105860 103360 108960 89780 47860 6660 61460 86660 61250 43100 53710 110040 42650 48820 63480 56360 85050 81330 100690 37130 28550 70920 89191 9060 95540 97210 56150 17410 66730 74510 71040 52620 99840 84030 29940 101260 77970 78160 54200 86410 86820 112120 84950 90231 99480 68260 
82320 113280 86700 0 161090 91330 33140 129150 109630 85731 79410 104770 96830 165570 89370 105380 77360 127930 94670 65960 114620 48270 92730 163170 107850 120600 157690 105011 44930 52150 50610 141261 81271 168020 42020 87120 131450 170550 79970 94250 126960 76551 125160 123200 130970 135630 109020 10120 159190 121300 85030 153770 93350 77940 9830 169520 30850 79210 150130 157910 65800 68440 14370 163550 64620 22920 161860 127550 60940 152980 59750 70990 22910 113391 40770 62821 
85150 83820 81550 160920 0 79710 160340 41040 51690 156532 83280 104740 152471 72660 99580 65770 137362 39600 129710 95330 120630 168750 79240 49060 108210 73320 13350 102680 123960 140130 158230 99770 150812 34790 125270 79230 37960 72240 99750 97750 76411 152952 41850 69510 90341 26320 139790 152650 80060 49170 77600 17690 120770 89930 170490 45700 135050 95720 50400 51450 117430 123990 171660 21610 105580 180270 61430 112802 129500 56800 133210 156540 150260 99790 174780 114650 
30380 88460 15420 91000 79720 0 81910 66330 54350 128960 52610 39930 131640 111140 84431 14940 107800 49780 60070 51470 119850 90320 63391 71910 43400 33480 70370 100081 57510 105470 117180 116020 123220 95800 57120 20920 69060 79070 75510 28350 38950 124300 48670 34550 48720 62380 70390 86120 113350 40850 42810 63330 106660 19870 100330 103230 60940 17040 59140 66920 85300 46510 104630 90050 27150 106050 70380 63140 51070 95270 101080 126380 94210 104491 96350 82520 
80090 125660 83750 33200 160520 81690 0 135320 115800 116731 86290 79110 127700 172770 103620 95740 106670 124980 66590 73320 139020 23500 99930 152980 81900 108360 151170 124500 44380 83020 81610 157610 112271 171280 41470 84170 137620 160360 93980 70520 110830 107551 123030 113280 109110 137470 80580 35820 166390 118350 89930 144130 115060 74990 40720 175690 29740 70180 139940 147720 88110 40910 47350 165530 55250 32790 151670 101640 33410 160180 90620 101860 53630 129740 20660 84340 
58420 47390 57990 128740 41290 66490 135620 0 19510 124320 51100 105070 116041 46840 66790 66070 105182 25100 125430 63150 84200 149920 47060 86220 108540 77610 37890 66250 92420 107950 126050 62910 118200 41540 93850 54320 4840 104070 67570 93710 80711 120772 18580 73800 94631 15890 135750 120470 51120 35010 45420 45760 85300 65530 138310 43040 106000 74300 84130 88070 85250 109110 139480 40370 86410 148040 95380 117092 110670 30970 101030 124360 118080 63360 151090 82470 
38910 40500 42010 109300 51460 54480 116110 19520 0 104912 31660 94080 102850 61980 48450 56520 85742 25700 110480 43710 77380 132340 27620 92850 97550 74520 48060 59430 72910 88510 106610 63400 99192 58390 74340 36740 21820 101420 48130 82230 77611 101332 20390 70710 91541 26000 124270 101030 60390 31640 25910 55930 69200 47950 118870 59890 86490 57750 81490 89270 65810 91530 120040 53920 68830 128600 92730 112230 93090 46110 81590 104920 98640 56540 131580 63030 
97712 77330 113452 86950 156642 127642 116650 124460 105182 0 81323 163700 15080 134660 60670 136722 22310 127962 161350 75060 49890 132090 81000 183164 166780 156314 153242 58850 86940 35030 41010 94840 8280 160790 87100 107642 124580 190324 68640 147622 161784 9160 123222 156114 175084 131182 176790 81180 120860 126763 89113 161112 40110 110412 95790 151260 93080 117012 170394 178174 41890 130500 84110 159102 119640 108410 181634 200816 127010 125990 34300 19670 63200 66970 126260 45500 
23380 43110 38270 79160 82810 52460 86600 50870 31350 81763 0 90690 84463 89020 33980 59251 62593 51610 101410 13530 71130 106940 16860 105371 93770 78521 79410 52460 43400 65450 83550 74780 76043 89740 44830 31710 53170 112531 25070 76470 83991 78183 48420 78321 96431 57350 116830 70890 82640 48900 11250 87280 53000 36960 88730 91240 56980 45860 92601 100381 42750 77630 89900 85270 54930 98460 103841 115280 79190 75990 58530 81860 68970 56870 102070 39970 
68850 128360 55320 104570 104790 40230 79220 105480 94250 163610 90510 0 169930 148082 123090 45020 142330 85752 27510 85270 159991 83050 103291 93521 4220 41850 95440 139981 76130 127250 138820 157170 159150 128302 75150 60820 107042 100681 109310 14570 40980 154430 87820 47450 36010 96202 35980 99690 153250 76050 82710 88400 143140 55160 114070 137052 74510 45400 80751 88531 119420 38450 118370 122552 44580 108550 91991 24680 45810 132212 130780 149010 112170 144391 90760 115650 
100782 70651 116522 98260 152971 130712 127500 116541 103360 14520 84393 167522 0 125951 57710 139792 24990 128980 169210 78070 37490 143400 78480 186234 171382 159384 149571 52430 93360 44950 53440 83120 17460 152081 93520 110712 115871 193394 66530 150692 165714 22940 124240 159184 178154 127511 188560 92030 112151 129833 92183 157441 33970 113482 107100 142551 99880 120082 173464 181244 44900 138360 96440 151271 127500 119720 184704 203886 134870 117281 41200 33450 74050 57911 137570 48510 
99450 64350 102550 164530 72061 111580 172280 46810 61970 134570 88930 147160 125571 0 84930 107440 120900 66960 170520 98940 92630 193520 75320 118801 150630 117620 73880 75780 129080 136560 154660 46810 129320 39560 130510 97280 43080 140060 91330 138800 120711 134630 63780 113810 134641 53260 180840 156260 14390 77620 86450 81750 97010 108490 174100 28450 142660 118290 120120 121651 113720 152070 175270 51800 129370 183880 131370 157102 153630 18100 128550 142690 149850 68880 188830 111480 
56520 25280 70061 90380 99960 84251 103530 66820 48500 60500 33850 123110 57220 85070 0 90061 42950 72160 133830 37910 40640 123870 25310 136181 126500 109331 96560 22250 60890 53570 71670 55360 54530 102720 63690 63730 66150 143341 14430 108890 114801 59500 67420 109131 127661 74500 149560 80950 77960 77760 42060 104430 24690 70100 99220 97750 74540 78280 123411 131191 30730 104550 90300 101550 87350 109930 134651 147351 102770 72480 45560 67140 66860 27490 119000 28490 
39460 93010 27870 104650 65680 14930 95560 66080 56410 137214 59531 44830 139914 107701 90161 0 116880 45371 67420 60550 125821 103970 69121 57870 48300 21480 56330 105811 72170 116460 130980 118080 131494 87890 71540 29470 66661 65030 83181 35460 26950 133380 48410 21930 38900 55790 77500 99770 113701 33760 49490 49290 112631 33670 113980 96640 74590 31700 45100 52880 94380 58800 118280 82140 40800 119700 56340 58460 64720 91831 110160 135460 108630 109160 110000 91600 
77330 63160 93070 79070 137852 107260 106830 105912 86392 22560 62533 142090 25010 120740 42970 116340 0 109172 143190 56210 42650 123340 63300 164374 145950 137524 134452 44930 71320 27470 40480 80920 16590 143670 71480 87260 106020 171534 49790 127240 142994 21300 104432 137324 155854 112392 157900 72740 106940 107973 70323 142322 25820 90030 87910 137340 77840 96630 151604 159384 23040 112340 77400 140312 101480 100530 162844 169290 109600 112070 19600 28510 54760 53050 118380 26650 
48590 64280 43830 127390 39450 50010 124830 25060 25640 127712 52100 85060 128410 67480 72230 45340 108542 0 108950 62510 101270 136600 50420 74290 88530 55520 36050 83320 86920 111310 129410 83240 121992 47660 88230 41510 26440 82860 70930 77230 58611 124132 7010 51710 72541 15560 119270 119870 73480 14080 43440 43920 92980 52210 136720 56410 97330 60140 62930 70710 88610 94850 138880 41910 73090 142440 74170 95002 97350 51610 104390 127720 117950 80430 142300 85830 
79640 142200 69690 94660 129460 59510 66360 125300 110220 159690 101300 27540 169210 170110 133880 67260 142840 108750 0 96060 172690 61430 115950 120341 23610 68130 120110 154351 75330 125100 133220 173140 155230 153562 73000 75190 128030 127501 120100 32720 66470 150510 107640 74270 60110 120732 15940 91410 169220 99700 95620 113070 148710 65950 102890 162200 67080 56190 107571 115351 121760 31660 108810 147082 49710 92690 118811 38760 34610 154240 128630 145090 104570 158761 69310 117990 
21290 52620 37030 65710 95250 51220 73640 63310 43790 75700 13530 85420 78380 99730 38040 60300 56510 62470 96140 0 75280 93980 26890 113370 88500 81060 91850 58950 30440 56090 71820 85490 69960 102180 31860 31220 65610 120530 24260 71200 86530 71040 59280 81200 98480 69790 111560 57440 93350 58980 19150 99720 56880 33990 75280 103680 44020 40590 100600 108380 34010 72360 76450 97710 49660 85010 111840 110010 70640 87140 49790 73120 55520 64190 89110 31230 
92250 38390 104591 116480 120710 119681 138520 84280 77420 49300 71220 162611 37010 92110 40740 128821 42780 101280 172310 75280 0 158860 58700 165640 166511 148091 117310 20770 97720 65180 77280 46090 45920 119690 100520 98260 83610 185860 51800 146040 153561 53070 96540 147800 166421 95250 187020 109790 78880 107220 76590 125180 25510 105830 125320 110160 109530 115290 158920 167490 54700 141380 114810 119010 123860 137940 177170 196452 139600 84890 58200 63430 92170 25650 153990 55630 
98680 146110 93450 48400 169080 90250 23340 149750 132240 131931 106740 82720 142900 193280 124070 104300 123430 136530 61460 93770 159470 0 120380 162090 81090 112690 159730 144950 64830 98220 96810 180010 127471 183520 61920 96140 152980 169470 114430 74850 115160 122751 135210 117610 113440 149130 69450 51020 187870 129560 110380 152690 135510 85200 54860 190950 50190 78740 149050 156830 108560 47040 62550 177770 63810 36940 160780 98440 39540 177410 105820 117060 68830 150190 10140 104790 
37010 29610 49351 92080 79020 63541 99830 47080 27560 80860 16920 103141 78060 75520 25320 69351 63310 50340 115980 26490 58690 120170 0 115471 106611 88621 75620 40020 56630 66620 84720 61280 74890 85950 58060 42980 49380 122631 22970 91040 94091 79860 45600 88421 106951 53560 131400 83810 69140 53310 21350 83490 45530 50590 101650 87450 70210 60430 102701 110481 43850 92200 101870 81480 69500 111380 113941 126641 93760 62930 59490 82820 78690 44430 115300 41140 
90490 129151 79390 165520 49151 71980 152860 86361 92480 183375 105682 94151 186075 119200 136322 58040 164205 74110 121051 114151 165961 162130 115272 0 97621 57631 50400 148011 125930 167803 193601 145101 177655 81330 126400 80500 83281 23730 129342 89521 60732 179795 79520 53821 74652 71641 128491 160640 127902 65690 97591 42280 158792 87600 174850 92240 132100 87990 13150 7590 145103 116260 179150 68150 97850 180570 16260 97113 121770 104051 160883 191124 166590 145121 168160 142323 
71970 131700 58660 107630 108130 43570 81790 108820 97590 166730 93630 4060 173760 151422 126610 48360 146160 89092 23570 88390 163750 81270 106631 96861 0 44650 98780 143731 79250 130370 141940 160510 162270 131642 78270 64160 110382 104021 112830 17690 42990 157550 91160 50790 37390 99542 31900 102750 156590 79390 86050 91740 146970 58280 117130 140392 77570 48520 84091 91871 123250 41020 121430 125892 47700 111120 95331 21030 48380 135552 133900 152130 115230 148141 89110 119480 
59950 110760 48320 120960 72200 33550 107600 77782 74160 156385 78702 41770 159085 118252 109332 21870 137215 55922 67960 81040 144992 112330 88292 57351 44530 0 62850 124982 88030 138210 150350 136392 150665 98472 87050 49960 77212 64511 102352 38730 8430 152805 61942 8840 23490 66372 72850 116080 124252 47640 69980 55810 131802 52770 130290 107222 90100 49040 44581 52361 116130 66830 134590 92050 56310 136010 55821 45991 74190 102382 131910 157210 124940 128160 119870 113350 
81890 80560 77540 157660 13480 70130 150760 37780 48430 153272 80020 95160 149211 73840 96320 56190 134102 36340 120130 92070 117370 159170 75980 50370 98630 63740 0 99420 120700 136870 154970 96160 147552 43600 122010 75970 34700 71440 96490 88170 66831 149692 38590 59930 80761 23060 130210 149390 81230 45910 74340 8990 117510 85750 167230 54070 129790 86140 49700 51300 114170 114410 168400 30720 96000 176900 61280 103222 119920 57970 129950 153280 147000 96530 165200 111390 
73330 20410 85671 106890 102730 99861 124850 66300 59440 58840 52360 140941 51920 76160 22700 107151 45120 83300 155621 59230 20690 145190 39780 147660 144841 126421 99330 0 82210 64820 79620 36280 53540 101610 85010 79340 65630 160431 35750 126480 131891 58850 78560 126221 144751 77270 171430 98500 62360 89240 57670 107200 21230 86910 115730 92760 95860 95870 140501 148281 46180 125870 106150 100770 104940 127700 151741 164441 124090 67490 56540 66910 82710 8410 140320 44340 
39020 82790 48430 43710 123540 57400 44640 92450 72930 85390 43420 76200 91130 129900 61090 72040 69500 87020 75460 30450 97800 64980 57060 126070 79280 88120 120140 81970 0 51760 63330 115080 79540 131320 3220 46360 94750 133230 51450 61770 94470 77790 83890 90700 97400 98330 89990 35440 123520 80540 47060 117490 75370 39670 53280 132820 15020 41120 113300 121080 48420 44610 54450 126000 32140 59840 124540 99820 42830 117310 55290 72900 36750 87210 60110 44650 
76730 77690 92470 53660 140330 105530 82900 108390 88870 35620 65710 127440 45030 136720 53780 115740 27480 111650 125090 55610 65280 98030 66780 168222 130520 139360 136930 64530 53220 0 18450 100520 30110 147260 53380 86660 110690 175382 50480 113010 145720 26420 106910 141172 149730 114870 139800 47430 126540 111821 74171 144800 45140 86070 62500 148760 59500 91880 155452 163232 24350 94240 51840 142790 83380 75120 166692 151190 91260 124130 10230 21720 29450 72650 92970 26890 
92650 96280 105580 51300 158500 117020 81310 126560 107040 41230 83880 138530 53810 155310 72370 130900 40790 129820 132860 71530 77600 96440 84950 192620 141610 150450 155100 79880 64310 19770 0 115870 37170 165430 64470 102580 128860 199780 68650 124100 156810 32450 125080 152780 160820 133040 147210 47120 141890 129991 90600 162970 60770 97520 60140 166930 66160 103330 173440 187630 42940 104910 43950 160960 94470 72760 191090 162280 97920 142720 28820 22020 29680 88000 90610 45060 
94950 37270 103410 142640 99720 115880 157820 63000 63440 94540 74860 156910 82570 46280 55670 117920 80870 83290 173310 84870 46080 179630 61250 144700 160380 136100 95950 35750 115010 100570 115370 0 89290 82960 116440 97720 61960 162550 68720 143630 139191 94600 76770 132290 153121 74100 189160 134250 33050 93200 79290 104190 56980 108530 151480 71850 128590 118370 142610 146550 81930 150140 141900 88200 127440 164100 153860 175582 151700 49400 92290 102660 118460 28030 174760 80090 
90360 71930 106100 82610 150882 120290 112310 117820 99422 8140 75563 157100 17420 129260 54520 129370 16160 122202 157010 69240 46010 127560 74850 177404 160960 150554 147482 53450 81690 30210 36810 89440 0 153720 81850 100290 117150 184564 62820 140270 156024 7930 117462 150354 169324 125422 171720 76840 115460 121003 83353 155352 34710 103060 91450 145860 88210 109660 164634 172414 36070 126160 80250 152550 115300 104070 175874 195056 122670 120590 28430 18290 58860 61570 121920 39680 
93410 83360 89810 167690 35200 95990 173110 41560 58460 160830 90050 128060 151831 39900 102760 88290 143910 47860 153030 102100 119850 183730 86010 81940 131530 98520 43640 100970 131370 146900 165000 83290 154240 0 132800 87490 37250 105120 106520 121070 101621 159550 50110 94710 115541 34580 163800 159420 50790 57430 84370 49730 121270 98190 177260 12940 143310 106120 83740 84790 124200 140830 178430 14340 119070 187040 94770 138002 143330 36010 139980 163310 157030 94070 189760 121420 
40300 84190 47700 41920 124820 56670 41770 93850 74330 87070 44820 74880 92810 131300 63440 71310 71180 88300 72530 31850 100150 62110 58460 126350 77960 86800 121420 84320 3100 53440 65010 117060 81220 132720 0 47640 96150 133510 53800 60450 93150 79470 85170 89400 96080 99610 87060 35480 124920 81820 48460 117770 77050 38940 51250 134220 12150 40390 113580 121360 50100 41680 55040 127280 30820 56970 124820 98500 39900 118710 56970 74580 38430 89560 57240 46330 
10320 68210 6650 86960 79250 20840 84400 54140 36630 108900 31910 60440 111580 97220 64150 29560 87740 41450 75120 31410 98470 96090 43080 80650 63910 50320 75850 79800 46490 87320 103050 97920 103160 87460 47800 0 57370 87810 55450 48590 55790 104240 39600 50460 67740 54040 90540 81930 95630 34820 22410 71690 83170 11700 96290 94890 56900 21530 67880 75660 65240 55280 100590 81710 32580 102010 79120 83650 56840 81350 81020 106320 82930 84210 101870 62460 
61180 47170 61150 131500 38030 69270 138380 4770 22270 124820 53860 106150 115821 42780 66570 66430 106400 25950 128210 65910 83980 153080 49820 82960 109620 76610 34630 66030 95180 110710 128810 62340 117980 37070 96610 57480 0 100810 70330 96490 79701 122950 21740 72800 93631 12780 138530 123230 48070 36610 48180 42500 85080 68690 141070 38570 108760 77460 80870 84810 88010 112270 142240 35900 89570 150800 92120 116092 113830 26910 103790 127120 120840 63140 153850 85230 
97700 146220 86600 172920 72261 79190 160260 103900 101410 190585 112892 101361 193285 139960 143532 65250 171415 83040 128261 121361 185752 169530 122482 23670 104831 64841 71510 159182 133140 175013 200811 162630 184865 104440 133610 87710 100820 0 136552 96731 67942 187005 88450 61031 81862 89180 135701 168040 147350 74620 104801 63390 166002 94810 182250 115350 139500 95200 24030 22330 152313 123470 186550 91260 105060 187970 14130 104323 128980 124090 168093 198334 173990 162650 175560 149533 
45330 34520 61070 81340 99700 75260 94060 67760 48240 68472 25080 109460 66100 91470 14550 82812 49312 71020 120180 24260 51790 114400 22970 128932 112850 102082 96300 35460 51420 50320 68420 68570 62752 106630 54220 55260 70060 136092 0 95240 107552 64440 66280 101882 120412 74240 135910 71670 84980 72531 34881 104170 33570 58030 90180 104150 65070 64630 116162 123942 27550 95080 86530 102160 73700 100650 127402 134840 93300 78880 43190 66520 63090 40700 109530 24840 
54680 116410 43370 93950 97650 28030 69660 93820 82300 148590 76340 14550 151270 138630 108920 35450 127430 77270 32750 71100 146880 74390 90990 88981 17630 38740 88300 126590 61820 112940 124510 143970 142850 121022 60840 48870 96550 96141 95140 0 41210 140120 76160 43660 39850 88922 42830 89070 141300 67890 70660 81260 127800 40990 103280 129772 63890 31230 76211 83991 104930 28890 107580 115272 30270 98990 87451 38090 36250 122760 116470 134700 97930 131000 81930 101480 
65450 115911 53820 127310 74731 39050 109970 80313 76961 161895 84202 40910 165545 120783 114842 27370 142725 58453 66320 86540 150502 114700 93792 59882 42890 8440 65381 130492 94380 143710 155850 138923 156175 101003 93400 55460 79743 67042 107862 41100 0 158315 64473 9180 16770 68903 71210 122430 126783 50171 75480 58341 137312 58270 136640 109753 96450 54540 47112 54892 121630 69200 140940 94581 62660 141650 58352 39231 76560 104913 137410 162710 131290 133311 122240 118850 
91940 77840 107680 78380 153232 121870 108080 121292 101772 9380 77913 155130 22750 135170 59490 130950 21070 124552 152780 70820 53080 123330 79820 179754 158210 152904 149832 59360 79530 26310 32580 95350 8480 159630 79690 101870 122540 186914 64400 140700 158374 0 119812 152704 171674 127772 167490 72610 121370 123353 85703 157702 40260 104640 87220 151770 84510 111240 166984 174764 37650 121930 75780 155692 111070 99840 178224 188540 118440 126500 27140 11340 54630 67480 117690 41260 
45500 59590 42660 124990 41900 48840 123310 18610 20380 123022 48950 87420 123720 63840 67540 48410 103852 7040 107780 59360 96490 135430 45730 79630 90890 61480 38500 78540 84310 106620 124720 76790 117302 50110 85620 39990 21840 88200 66240 76060 64571 119442 0 57670 78501 16100 118100 116720 68120 16950 40290 46370 88290 51040 134570 56920 95810 58970 68270 76050 83920 93680 135730 44360 71920 140920 79510 100962 96180 47970 99700 123030 114800 75650 140780 81140 
59980 109100 48390 125530 67930 34760 112620 73512 70160 156415 78732 47310 159115 113982 109362 21900 137245 51652 74210 81070 145022 117350 88322 53081 50780 8930 58580 125012 90720 138240 151560 132122 150695 94202 89750 49990 72942 60241 102382 43750 9250 152835 57672 0 25230 62102 79650 120650 119982 43370 70010 51540 131832 53980 134860 102952 92800 50250 40311 48091 116160 71850 139160 87780 59010 140580 51551 47691 79210 98112 131940 157240 129510 126500 124890 113380 
77740 129700 63410 130450 88601 48640 109320 94183 90831 175245 96602 35690 177945 134653 127242 39320 155125 72323 59740 98830 162902 114050 106192 73752 37020 23320 79251 142892 97760 149440 161010 152793 169525 114873 96780 67750 93613 80912 120262 40260 16000 171665 78343 24490 0 82773 63060 125570 140653 64041 87770 72211 149712 67860 139780 123623 99830 61500 60982 68762 133920 68550 144080 108451 66210 141000 72222 28320 75910 118783 149700 182994 134430 147100 121590 131140 
60280 58360 56680 135460 26200 62860 137680 15710 26230 131072 57820 96180 127011 53160 74120 56410 111902 15980 121150 69870 95170 149450 53780 71130 99650 66640 22800 77220 99090 114670 132770 74320 125352 34410 100400 54360 12860 88980 74290 89190 69731 127492 16390 62830 83661 0 131230 127190 59900 25550 52140 30670 94870 65060 145030 41320 110180 72990 69040 72980 91970 107700 146200 28660 85940 154760 80290 106122 110200 37290 107750 131080 124800 74330 155150 89190 
95080 158040 85030 108980 139310 69690 80130 135480 123960 176680 116740 35680 188240 180290 149700 77110 157440 118930 15850 111500 187290 69360 131390 128101 31750 72740 129960 170101 89930 139700 147540 188890 169550 163412 87600 90530 138210 135261 135940 42560 71070 164830 117820 79400 63200 130582 0 105730 184730 109550 111060 122920 163310 81390 117220 172162 81400 71630 115331 123111 136360 45980 123140 157580 65150 104250 126571 38020 48930 164420 143230 159410 118890 174511 77450 132590 
74990 104940 81660 10760 152460 86290 35890 120520 101000 81500 70780 99730 92300 156940 81030 100340 72830 119720 91300 57330 110090 51020 84100 158130 102810 115560 149060 97860 36620 47620 47410 134110 77040 159390 35500 82080 122820 165510 71550 89210 121920 72320 116530 118160 125930 127000 105650 0 150560 116230 76400 148730 86390 72900 20330 160890 25810 74170 145090 152870 59440 64220 20830 154920 59580 30060 156820 122510 56720 144350 55220 66460 18230 106240 46150 55670 
97720 53420 100960 158280 80160 113430 166030 51230 60380 120710 82680 153030 111711 14060 78030 113480 107040 73000 169430 92690 78850 187450 69070 127031 156500 123660 81260 61920 122830 126740 141540 33030 115460 50520 124260 95690 48400 147440 84970 141180 126751 120770 68200 119850 140681 59830 185070 150010 0 83660 84200 89130 83150 106900 167850 39410 136410 116700 127500 129881 107020 150480 166930 62590 127780 177630 138750 163142 152040 24030 118460 128830 143490 55020 182580 105120 
43680 70150 37120 120680 48950 40950 118120 35020 31510 127053 49340 75690 129753 77750 78100 33700 107883 14010 99710 58970 107140 129600 53870 65900 79160 47570 45550 89190 80210 111481 129581 93200 121333 57160 81520 34800 36970 74470 73020 67750 50661 123473 16930 43760 64591 25060 109790 115650 84010 0 39900 53420 98680 45500 130010 65910 90620 52350 54540 62320 88781 85790 134310 51410 66380 135730 65780 87052 90350 61880 104561 127891 114410 86300 135590 86001 
16180 47560 28760 84770 77400 42950 90270 45460 25940 89433 11720 82550 92133 86490 42350 49590 70263 43390 95760 19140 76670 110610 21310 97300 86020 70350 74000 58000 47070 73861 90880 79230 83713 84330 48500 22280 47760 104460 35400 70700 75820 85853 40200 70250 87770 51940 111180 76500 84380 39900 0 81870 61370 29760 94340 85830 60650 40210 84530 92310 51161 73750 95510 79860 51050 104070 95770 105760 75310 70620 66941 90271 74580 62410 105740 48381 
81570 88420 70740 155760 17700 63330 143960 45640 56290 161132 87880 88360 157071 81700 104180 49390 141962 44200 113330 99930 125230 152370 83840 42010 91830 56940 9050 107280 117280 144730 162830 104370 155412 49550 117750 71580 42560 63380 104350 81370 60031 157552 46450 53130 73961 30920 123410 150880 89090 53770 82200 0 125370 78950 165090 60020 122990 79340 41640 43240 122030 107610 169390 36670 89200 170810 53220 96422 113120 65830 137810 161140 153720 104390 158400 119250 
75650 39660 89191 94270 120740 104381 114610 85040 69280 40130 52980 143080 33550 96990 24740 113521 25940 92940 148400 56790 25590 134950 45510 159641 146940 132791 117340 21180 76360 45390 60440 57170 34700 120940 76690 82860 84370 166801 33560 127820 138261 39670 88200 132591 151121 95280 163110 85880 83190 98220 61190 125210 0 89230 103110 113590 85620 97210 146871 154651 30790 117550 93380 119770 105000 115080 158111 170811 115770 88320 37110 47730 70090 29300 130080 31720 
13780 76770 9070 77460 89960 19770 74900 65370 47860 111480 36960 54900 114160 108450 70270 33650 90320 52150 66080 33990 105880 85090 50520 87720 58370 52660 86180 87210 39500 85910 97620 108440 105740 98170 39110 11760 68600 94880 58030 41140 58130 106820 50830 53730 67770 64750 81500 72580 106860 45520 29760 79140 89290 0 86790 105600 47400 10530 74950 82730 67820 44280 91090 92420 21580 92510 86190 78370 45840 92580 83600 107810 76200 91620 91120 65040 
91560 123180 95940 9890 170660 100570 41090 138720 119200 95631 88980 114180 106730 175140 99270 114620 87260 137170 102960 75530 124520 54800 102300 172410 117260 129840 167260 114911 54170 62050 60510 151161 91171 177590 51260 96360 141020 179790 89870 103490 136200 86451 134730 132440 140210 145200 117320 20020 168760 130540 94600 163010 103250 87180 0 179090 40090 88450 159370 167150 75700 76730 24270 173120 73860 19200 171100 136960 69230 162550 69650 80890 32810 123291 44680 72721 
98592 77060 97140 168912 45520 103320 175792 42782 59682 150990 91272 136440 141991 28320 97640 96670 137320 56240 161410 103322 110010 191060 87232 92260 139910 106900 53280 92200 132592 148122 166222 71710 145740 12420 134022 94820 38472 115440 104040 129450 110001 151050 56850 103090 123921 41320 172180 160642 39210 65810 85592 59370 113430 105520 178482 0 146172 113450 94060 95110 125422 148160 179652 24660 126400 188262 105090 146382 150660 26170 141202 159110 158252 85300 193212 122642 
52500 96390 56880 30240 135810 61510 29800 106050 86530 92900 57020 74950 99240 143500 74560 75560 77610 98110 67680 44050 109960 50140 70660 132800 78030 90780 130990 95440 15110 59450 66430 128550 87650 144020 12200 57300 108350 140180 64920 64430 97140 83720 96160 93380 100060 110600 82030 25360 137120 91480 60660 123950 86000 48120 39570 146420 0 49390 119760 127540 59050 40120 43870 138270 34800 45290 131490 97730 33100 130910 63400 78300 38150 100680 45270 55280 
23960 86520 16760 78850 95940 16830 70370 74310 56950 117870 45620 45680 120550 117540 78200 31470 96710 59840 56400 40380 115040 78780 60270 88130 48760 49060 86590 95870 40980 91710 103420 118190 112130 105860 40590 21120 77540 95290 64420 31460 54530 113210 58730 50130 61050 72440 71820 73970 115950 52630 39940 79550 97080 10270 88180 113290 48790 0 75360 83140 74210 37970 92480 100110 15270 93900 86600 69220 39530 101670 89990 113610 77680 100280 84810 71430 
77970 120920 66870 152540 50881 59460 140090 84160 81680 170855 93162 81631 173555 120220 123802 45520 151685 63310 108531 101631 159160 149150 102752 13350 85101 45111 49940 139452 113410 155283 173383 142890 165135 83511 113880 67980 81080 23560 116822 77001 48202 167275 68720 41301 62132 69440 115971 147660 127610 54890 85071 41820 146272 75080 161870 94421 119120 75470 0 8360 132583 103740 166170 70331 85330 167590 12740 84593 109250 104350 148363 178604 153810 138320 155180 129803 
86300 130620 75200 161080 51681 67790 148420 87840 90010 179185 101492 89961 181885 122181 132132 53850 160015 71640 116861 109961 167430 157690 111082 6970 93431 53441 51250 147782 121740 163613 189411 146580 173465 84311 122210 76310 84760 23220 125152 85331 56532 175605 77050 49631 70462 73120 124301 156200 130883 63220 93401 43130 154602 83410 170410 95221 127660 83800 8960 0 140913 112070 174710 71131 93660 176130 11740 92923 117580 106581 156693 186934 162140 146590 163720 138133 
54920 54820 70660 67770 117230 84850 88230 85290 65770 42260 42610 119270 44940 113850 30910 93930 23070 88550 122020 33800 54620 108570 43680 145122 123130 118272 113830 45500 50150 24360 42460 81750 36520 124160 50310 64850 87590 152282 27380 104830 123742 37600 83810 118072 136602 91770 136730 59500 106050 88721 51071 121700 30660 67620 76610 125660 59240 74220 132352 140132 0 91170 66100 119690 80310 88700 143592 147180 89390 101260 16350 39680 43460 53880 103700 4240 
57810 118480 52580 68470 123990 46970 40990 108880 91370 130740 77580 38420 138490 151960 104380 58830 112120 95150 31690 72340 141090 47150 92230 116171 41210 67670 114640 125260 44610 94380 105300 150150 126280 141170 42280 55270 112110 123331 94740 29830 70130 121560 94040 72590 68420 107750 46040 64380 150370 86280 73790 107600 117990 44330 76700 148600 39530 37870 103401 111181 91040 0 82620 135420 22940 70320 114641 60950 7580 136090 97910 116140 77020 130500 54690 87270 
94130 114701 100340 15540 171600 104970 47220 139660 120140 84370 89920 118580 96631 176080 90791 119020 77420 138860 108750 76470 114680 62350 101820 176810 121660 134240 168200 105541 55760 52031 44400 141791 80230 178530 55040 100760 141960 184190 86281 107890 140600 75510 135670 136840 144610 146140 123110 20880 166701 134940 95540 167410 93410 91580 24380 180030 44490 92850 163770 171550 65860 82520 0 174060 78260 37000 175500 141360 75020 161141 59810 65160 23440 113921 54850 63351 
87490 82340 83890 163260 21720 90070 167190 40540 54030 158872 85620 122140 150991 52130 101740 82370 139702 41940 147110 97670 119150 177810 81580 68460 125610 92600 30660 100170 126300 142470 160570 88300 153152 14260 127610 81570 36230 91640 102090 115150 95691 155292 44190 88790 109621 28660 157880 154990 62500 51510 79940 36750 120250 92270 172830 25170 137390 100200 70260 71310 119770 134910 174000 0 113150 182610 81290 132082 137410 41370 135550 158880 152600 93270 183840 116990 
35190 95860 29960 64170 105860 27030 55310 86260 68750 119520 54960 44760 127270 129340 87540 41080 100900 73040 49700 49720 123880 63720 69610 98050 47840 56300 96510 105210 32040 83160 94730 127530 115060 119060 31060 32650 89490 105210 73760 30330 62650 110340 71720 58900 65830 85640 65120 59290 127750 66340 51170 89470 105180 21710 73500 126490 34110 15250 85280 93060 79820 22910 77800 113310 0 79220 96520 68300 24470 113470 86690 104920 68150 109620 69750 76050 
97110 134070 101490 23200 180190 106120 32450 148250 128730 108911 98510 108170 120010 184670 110160 120170 100540 142720 92790 85060 137800 36960 111830 177960 110960 135390 175600 127220 59720 75330 73790 163540 104451 187120 56810 101910 150550 185340 100680 99580 141750 99731 140770 137990 140540 154730 104080 30130 178290 136090 104130 168560 115750 92730 19410 188620 45640 94000 164920 172700 88800 69970 37550 182650 79410 0 176650 129950 62470 172080 82930 94170 46090 135600 26840 85030 
89000 137520 77900 164220 61871 70490 151560 95210 92710 181885 104192 92661 184585 131270 134832 56550 162715 74340 119561 112661 177052 160830 113782 16400 96131 56141 61440 150482 124440 166313 192111 153940 176165 94501 124910 79010 92130 14250 127852 88031 59242 178305 79750 52331 73162 80490 127001 159340 138660 65920 96101 53320 157302 86110 173550 105411 130800 86500 13080 10970 143613 114770 177850 81321 96360 179270 0 95623 120280 115400 159393 189634 165290 153960 166860 140833 
92090 149440 78220 127020 111132 63130 101270 116714 111650 200867 115270 24370 203567 157184 146702 58580 167130 94854 38720 110120 196174 98670 125652 96283 20960 45851 101782 162352 99530 150870 162440 175324 195147 137404 98550 83720 116144 103443 136000 38000 38541 186990 100874 47021 27620 105304 38180 122140 163184 86572 105610 94742 167940 78550 136520 146154 96960 68830 83513 91293 144220 60500 140820 130982 68010 129930 94753 0 67860 141314 154400 181570 134620 166762 106510 140450 
59370 120040 54140 60950 129770 50940 33470 110440 92930 124770 79140 45760 135270 153520 102740 64990 109480 97220 34640 70870 139450 39630 93790 121960 48550 75010 120420 123620 42970 91320 98300 151710 120310 143240 40640 56830 113670 129120 93100 37170 77480 115590 95900 79930 75760 109820 48990 56860 151930 90250 75350 113380 116350 45890 69180 150670 32530 39430 109190 116970 89400 7560 75100 137490 24500 62800 120430 68290 0 137650 95270 110170 70020 128860 47170 85630 
83660 51860 86760 152040 56990 95790 159790 31020 46180 125790 76130 131370 116791 18060 72440 91650 112120 51170 154730 86450 84810 177730 62830 104140 134840 101830 58090 67000 116590 124070 142170 49430 120540 35780 118020 81490 27290 124270 78840 123010 104921 125850 47990 98020 118851 37470 165050 143770 24070 61830 70660 65960 88230 92700 161610 26250 130170 102500 104330 106530 101230 136280 160800 41330 113580 171390 115580 141312 137840 0 116060 133910 137360 60100 176340 98990 
70610 69660 86350 61480 132920 100540 90620 100980 81460 34330 58300 131060 40820 128690 45750 109620 19630 104240 128710 49490 58030 105750 59370 160812 134140 133962 129520 56320 56840 10290 28390 92310 28170 139850 57000 80540 103280 167972 43070 116630 139432 27120 99500 133762 152292 107460 143420 55150 118330 104411 66761 137390 36930 83310 70320 141350 63360 89910 148042 155822 16320 97860 59810 135380 87000 82940 159282 154810 95120 116100 0 26160 37170 64440 100790 19930 
93960 85320 109700 72210 156270 123890 101780 124330 104810 19850 81650 148960 33220 142650 66750 132970 28230 127590 146610 72840 63340 117030 82720 190743 152040 157312 152870 66840 74350 21130 21910 102830 18740 163200 74510 103890 126630 197903 66420 134530 162782 11350 122850 157112 182663 130810 161320 66310 128850 127761 90111 160740 47730 106660 81050 159250 78340 113260 177973 185753 39670 115760 65010 158730 104900 93670 189213 182370 112270 133980 26230 0 48330 74960 111520 43280 
74080 91601 84670 24310 150270 94030 53450 118330 98810 63580 68590 111950 74380 150631 67691 108670 54910 117530 104540 55140 92170 68580 78810 166360 115030 124160 146870 82441 38020 29700 29910 118691 59120 157200 38180 82430 120630 173520 63181 97810 130520 54400 114340 126760 134530 124810 118890 17980 142991 114040 74210 153560 70900 76300 33150 158700 38200 77750 152490 161370 43350 76950 23440 152730 68180 45770 164830 134730 69960 138041 37300 48540 0 90821 63620 40251 
78300 17450 90641 114790 99770 104831 129970 63340 56480 66690 57330 144431 57391 68810 27820 108900 53020 80340 159111 64350 25550 150310 44750 144700 148331 128330 96370 7900 87330 72720 87520 28050 61440 94260 90130 84310 62670 159440 40870 131450 133801 66750 75600 126860 147410 74310 174961 106400 55010 86280 62640 104240 29130 91880 123630 85410 100980 100840 137980 146550 54080 130990 114050 93420 109910 135600 150750 167250 129210 60140 64440 74810 90610 0 145440 52240 
97560 141530 99620 39770 175250 96420 20800 151190 131670 125481 102160 90360 136580 189670 119490 110470 117110 142450 69330 89190 154890 10190 115800 168260 88730 120330 165900 140370 60250 91900 90360 175430 121021 189680 57340 101640 153490 175640 109850 82490 122790 116301 140500 125250 121080 154940 77310 46330 183290 135730 105800 158860 130930 91370 44830 193620 45610 84910 155220 163000 103980 54680 54120 183930 69980 26910 166950 106080 47180 177080 99500 110740 62660 145610 0 100210 
52210 52430 67950 63850 114520 82140 84190 82580 63060 46960 39900 115230 49640 111460 28520 91220 27770 85840 117980 31090 55760 104530 40970 142412 119090 115562 111120 43270 46110 26780 44880 79520 41220 121450 46270 62140 84880 149572 24670 101010 121032 42300 81100 115362 133892 89060 132690 55460 103820 86011 48361 118990 31800 64910 72690 122950 55200 71510 129642 137422 5270 87130 63110 116980 76270 84660 140882 143140 85350 98870 21050 44380 39670 51650 99660 0 

0 Ciudad_0 0 0 32400 0
1 Ciudad_1 271 13642 28242 542
2 Ciudad_2 182 16598 28847 364
3 Ciudad_3 549 3748 14985 1098
4 Ciudad_4 366 11440 15647 732
5 Ciudad_5 760 18692 26141 1520
6 Ciudad_6 707 6939 18294 1414
7 Ciudad_7 191 7755 21135 382
8 Ciudad_8 281 4063 10682 562
9 Ciudad_9 531 4818 15769 1062
10 Ciudad_10 280 13191 27264 560
11 Ciudad_11 298 13650 22992 596
12 Ciudad_12 784 19150 23265 1568
13 Ciudad_13 392 12616 16957 784
14 Ciudad_14 363 8622 10663 726
15 Ciudad_15 264 13130 26624 528
16 Ciudad_16 790 6266 13718 1580
17 Ciudad_17 466 15459 29101 932
18 Ciudad_18 694 5109 10793 1388
19 Ciudad_19 162 13460 27066 324
20 Ciudad_20 690 16823 26930 1380
21 Ciudad_21 591 10934 17517 1182
22 Ciudad_22 333 2726 16715 666
23 Ciudad_23 461 16797 27263 922
24 Ciudad_24 543 8678 12290 1086
25 Ciudad_25 221 14931 25851 442
26 Ciudad_26 672 10508 20133 1344
27 Ciudad_27 422 5880 20234 844
28 Ciudad_28 720 4626 7645 1440
29 Ciudad_29 576 8573 15628 1152
30 Ciudad_30 587 11069 17541 1174
31 Ciudad_31 155 4663 9484 310
32 Ciudad_32 180 10633 22804 360
33 Ciudad_33 438 6827 21452 876
34 Ciudad_34 646 10055 12455 1292
35 Ciudad_35 764 10392 23198 1528
36 Ciudad_36 412 13595 21940 824
37 Ciudad_37 621 6332 20892 1242
38 Ciudad_38 329 5222 16633 658
39 Ciudad_39 562 13932 15933 1124
40 Ciudad_40 713 13174 23146 1426
41 Ciudad_41 119 16505 21272 238
42 Ciudad_42 552 18284 23527 1104
43 Ciudad_43 197 8632 14030 394
44 Ciudad_44 385 11721 21598 770
45 Ciudad_45 341 5083 7936 682
46 Ciudad_46 231 9488 19019 462
47 Ciudad_47 435 8664 15467 870
48 Ciudad_48 169 19025 21691 338
49 Ciudad_49 563 9830 12916 1126
50 Ciudad_50 527 7964 21151 1054
51 Ciudad_51 651 5150 7783 1302
52 Ciudad_52 810 9659 17000 1620
53 Ciudad_53 816 13692 16617 1632
54 Ciudad_54 413 8760 14508 826
55 Ciudad_55 774 4759 15064 1548
56 Ciudad_56 562 8590 15967 1124
57 Ciudad_57 770 21509 28886 1540
58 Ciudad_58 260 7843 14096 520
59 Ciudad_59 383 6197 21080 766
60 Ciudad_60 577 9437 19725 1154
61 Ciudad_61 292 8743 17752 584
62 Ciudad_62 312 4319 19259 624
63 Ciudad_63 718 4808 9858 1436
64 Ciudad_64 388 12279 26048 776
65 Ciudad_65 290 10618 18350 580
66 Ciudad_66 473 14285 23373 946
67 Ciudad_67 405 16078 23625 810
68 Ciudad_68 413 3561 12119 826
69 Ciudad_69 612 14420 21661 1224
70 Ciudad_70 118 17685 22613 236
71 Ciudad_71 697 5017 7103 1394
72 Ciudad_72 177 13186 17863 354
73 Ciudad_73 472 8621 23077 944
74 Ciudad_74 639 6015 13314 1278
75 Ciudad_75 235 5965 9555 470

0 -0.0356532 -0.0156976 -0.00937795 0.0994949 -0.0173601 5.04333e-05 0.0422158 -0.0497872 -0.0110143 0.0219812 -0.0456307 0.0163014 0.0952637 -0.0818668 -0.0176976 0.077899 0.0821318 -0.0684454 0.00889715 0.0621392 -0.0125496 0.0282185 -0.0194192 -0.018279 -0.0405255 -0.0885545 -0.00963773 -0.000586958 0.000796368 0.0353826 -0.0106766 0.0988881 0.0756864 0.0479031 -0.0304795 0.021209 0.0358443 0.0573061 0.0544622 -0.0641673 0.0543233 0.0576616 -0.0562639 -0.0895678 -0.0550309 -0.0215001 0.077356 -0.0879833 -0.0206811 -0.0332094 0.0915709 0.091291 0.0681884 0.0819165 -0.0174594 -0.0337194 -0.0966459 -0.0846461 0.0128911 0.0574969 -0.0314709 0.06285 0.0516596 0.0380094 -0.0404675 -0.0482891 0.0386314 0.0109284 0.073314 -0.0393077 -0.0859422 0.090051 -0.0346936 0.0431569 0.0373672 
0.0356532 0 0.0287335 0.0405597 0.0795364 0.0585979 -0.0193663 0.0012321 0.00658952 0.0401102 -0.0770984 0.0934594 -0.0577338 0.053887 0.0895812 0.010708 -0.00435983 -0.0894978 0.042019 0.00655257 0.0604201 -0.0344769 0.0340735 -0.0504578 -0.00670274 0.0892314 0.0897833 -0.0719349 -0.00750194 -0.0275456 0.0396059 0.0480784 -0.0465365 -0.0561527 -0.0313761 -0.00417732 -0.013961 -0.0923763 0.0271537 0.0568871 -0.0955455 -0.0444762 0.0108473 -0.0493259 0.0985515 -0.084739 -0.0581081 0.0432827 0.0411315 0.068844 -0.0910941 -0.0938351 0.0260124 -0.017462 0.0497913 0.0377974 0.0137568 0.0692978 -0.00610715 0.0805846 -0.0922176 0.0961197 0.0955637 0.0281602 -0.0301098 -0.0989463 0.0762715 -0.0287273 -0.0381449 -0.0358161 -0.00331433 -0.0977329 0.0474118 -0.0964035 0.00809979 -0.0918471 
0.0156976 -0.0287335 0 -0.0287517 -0.0547602 0.0780029 -0.0719346 -0.0314285 -0.0754337 -0.083294 -0.0309854 -0.0459189 0.0570882 -0.0746967 0.0572997 0.0719856 -0.0487288 0.0483961 -0.0416495 0.0388836 -0.0248667 -0.0898906 0.0268655 0.0767429 -0.0323997 -0.0653498 0.0115766 -0.0788126 -0.0942874 -0.0743248 -0.0191994 -0.0405544 0.023854 -0.0384448 0.0780776 -0.0217948 -0.0572262 -0.0275293 0.0397448 -0.0364077 0.00114476 0.0960616 0.0929902 -0.0168756 0.0526453 -0.00297939 0.0137323 -0.0965653 -0.0190185 0.0377143 0.0253358 -0.0738856 0.00140466 0.0894651 0.0537493 -0.0602192 -0.00814537 0.0858175 -0.0276014 -0.0384448 0.0964191 -0.0283835 0.0535386 0.0724337 -0.068318 -0.0701549 0.0205029 -0.0654645 -0.0819204 0.0949367 0.011274 -0.0239767 0.00847498 0.0157063 -0.0555446 0.0804613 
0.00937795 -0.0405597 0.0287517 0 0.0823605 -0.0149785 -0.0158068 -0.0710995 0.0829199 0.0192109 0.00643835 0.0124934 -0.0681536 -0.0234178 -0.0731828 0.0694734 0.0606598 -0.0911632 -0.0590352 0.00177067 0.0859001 0.0946525 -0.0121827 -0.0820266 0.052143 0.00561045 0.0766436 0.0190443 -0.0181837 0.0116763 -0.0961387 0.0156405 -0.0475316 0.0410385 0.0980005 0.0745639 -0.0296226 0.0836754 -0.0833974 0.0625006 -0.0378642 0.0394218 0.0560188 -0.0560397 0.0472955 0.075988 -0.0702337 -0.0192398 -0.0711012 -0.0460569 -0.0115977 0.0153616 0.0342089 0.00148577 0.0570501 -0.0313953 -0.0908605 0.0141026 -0.0549136 0.0949789 -0.0259967 0.0652606 -0.0680987 0.0174238 -0.0147634 0.0846457 0.0863346 -0.060277 0.0617347 -0.0373821 0.0515538 -0.0670368 0.0942367 -0.024043 0.0506629 0.0383171 
-0.0994949 -0.0795364 0.0547602 -0.0823605 0 -0.0806808 0.00812328 -0.0606246 0.0895498 -0.0835668 -0.0199894 0.0334136 -0.0557334 -0.0163419 0.0606705 0.0134741 -0.0560111 -0.0646553 -0.0512502 0.00348761 0.0185057 -0.0279772 -0.0946298 -0.0508701 0.0726632 0.0482235 -0.0169713 -0.0732461 -0.0514348 0.0481094 0.0648293 -0.0810806 -0.0228622 -0.0101375 -0.0972646 -0.0162539 -0.0752885 0.0623381 0.0782768 -0.0435586 -0.0314124 0.0558729 0.0488703 0.0910256 -0.0744496 -0.0268184 -0.0682903 -0.0410969 0.0498415 -0.0549991 0.0896558 -0.041769 -0.0222768 -0.0834575 -0.00701108 -0.0403435 0.0542654 -0.0908758 0.0501579 0.0867042 -0.078788 -0.066202 0.0379283 -0.0955796 0.0259366 -0.0615702 0.0241107 -0.079398 0.00521728 -0.0574009 -0.0273529 0.0562802 -0.0926816 0.067331 -0.0884181 -0.0523831 
0.0173601 -0.0585979 -0.0780029 0.0149785 0.0806808 0 -0.00287463 0.0464993 -0.0100639 0.0330285 0.0603328 0.0544822 -0.0379909 -0.0795016 0.0725926 0.0726718 -0.03237 0.0934906 0.0814215 0.0510631 0.0712627 -0.0423069 -0.040508 0.0350142 0.0607772 0.00728755 -0.0872726 0.00950129 -0.0997296 0.0129824 0.0492242 0.0385686 -0.0970676 0.0378258 -0.0431863 0.0548096 0.0515308 -0.0561308 -0.0428499 -0.0228917 0.0695174 -0.00529793 0.081914 0.00589399 0.0583367 0.048974 -0.0864067 0.0471696 -0.0256954 -0.0336732 0.0991685 0.0985524 -0.067728 0.0270417 0.0742542 -0.0657881 -0.0643388 0.0797325 -0.0858406 0.0767748 0.0744587 0.0514062 -0.0839543 0.067374 -0.00791928 -0.0365092 0.0658419 0.00578656 0.0732658 -0.0404842 0.09248 -0.0738565 0.0574531 -0.0966285 -0.0591311 -0.0559923 
-5.04333e-05 0.0193663 0.0719346 0.0158068 -0.00812328 0.00287463 0 0.0983753 -0.0668184 0.0536086 -0.0468344 -0.05515 -0.0585025 0.0628579 -0.0280507 0.0322135 0.0131062 0.0663646 -0.0989398 -0.0034184 -0.02506 0.0351741 -0.0143982 0.0580468 0.0502301 0.00470616 0.0646665 0.0955863 0.0980044 0.0466873 -0.0231775 -0.0159724 -0.0241228 -0.0722578 0.0693809 0.0389067 -0.0892874 0.0282199 0.0631299 0.00339259 -0.024144 -0.0717661 -0.0251301 -0.0457925 -0.0630086 -0.00467012 0.00642838 0.00595016 -0.0580626 -0.0446129 -0.0055342 0.00473502 0.0234625 -0.00215753 0.0306056 -0.0443673 -0.0934248 0.0516859 0.0833291 0.0684818 0.0258843 -0.0828314 0.0669051 0.0967025 -0.0218343 0.0633461 0.0255481 -0.061357 0.0630525 -0.0736571 -0.0954115 0.0556542 0.0636699 0.092966 0.00176649 -0.0120495 
-0.0422158 -0.0012321 0.0314285 0.0710995 0.0606246 -0.0464993 -0.0983753 0 0.0168732 -0.0317201 -0.035643 0.0348827 0.00109231 -0.0752083 -0.0402529 0.0233542 0.0573524 0.0178059 -0.0931308 0.0166547 -0.0399682 -0.0349072 0.0744829 0.00789964 -0.0834223 -0.029402 0.0039868 0.0186868 0.0803672 0.0155647 0.00688445 -0.0934145 0.0320838 0.0841862 0.00629216 0.089643 -0.00200809 0.0930497 -0.0833367 0.0663509 0.0918915 -0.0165632 0.0780711 0.0635154 0.0483523 0.0324171 -0.0959565 -0.0263347 0.0530067 -0.0712677 -0.052708 -0.0621463 -0.0342522 -0.0884821 -0.0106004 0.0317463 -0.081895 -0.0616279 0.0353482 -0.0995002 0.0130531 -0.0620629 -0.057263 0.0223297 -0.0716465 0.0931546 0.0354252 0.0701576 -0.0945377 -0.0258622 -0.0900259 0.0381627 -0.0349701 -0.0715856 0.0784361 -0.0175674 
0.0497872 -0.00658952 0.0754337 -0.0829199 -0.0895498 0.0100639 0.0668184 -0.0168732 0 0.0411691 -0.0940628 0.0412084 0.0756581 -0.00605378 -0.0789483 0.00257993 -0.0381343 0.0423425 -0.0121516 -0.0738249 -0.0428069 -0.043907 0.0957324 0.0782423 0.072922 -0.0656542 0.0389148 -0.0326493 0.0255157 0.00713493 0.0167619 0.0735853 -0.0135875 0.00906204 -0.00521157 -0.0187513 -0.00642784 -0.078201 -0.0118467 -0.0449987 -0.036144 -0.073503 -0.0378252 -0.0483604 0.0349321 -0.0909324 -0.00196611 0.0172045 0.0800192 0.0182201 -0.023934 -0.075909 0.0637728 0.0939547 -0.0231133 0.00390254 -0.0737558 0.0106008 -0.00154889 -0.00839278 -0.00562943 -0.00344482 -0.0403395 0.000550817 -0.0107448 -0.0321782 -0.0536103 0.025584 0.0810904 0.0715781 -0.0218069 -0.0525811 0.00370634 0.0424652 0.0699793 0.0718367 
0.0110143 -0.0401102 0.083294 -0.0192109 0.0835668 -0.0330285 -0.0536086 0.0317201 -0.0411691 0 0.0632994 -0.0492796 -0.0214025 -0.0622136 -0.0499236 0.0506236 0.0775977 -0.0450689 0.0603171 0.0197036 -0.0222234 0.0498933 -0.053916 -0.0659776 -0.0113697 0.00718411 0.00915504 0.00178974 -0.0291756 0.0705173 -0.00538022 0.0517657 -0.00600449 -0.0635764 0.0416371 -0.0525125 -0.00957481 0.0642444 -0.082493 0.0717535 0.0548749 0.00757402 -0.00281887 -0.0431241 -0.0152557 0.0693456 0.0405262 -0.0752978 0.0639298 -0.0643308 -0.0961698 -0.0537479 -0.0510162 0.0901582 -0.00904229 0.0392366 0.0439773 0.0354316 0.0645475 -0.0277576 -0.045962 0.0285209 -0.0972437 -0.052322 -0.0757011 -0.0625305 -0.0893424 0.0535107 0.0863327 -0.0465249 0.0833382 -0.0319079 0.0358024 0.0794109 -0.0107227 -0.03008 
-0.0219812 0.0770984 0.0309854 -0.00643835 0.0199894 -0.0603328 0.0468344 0.035643 0.0940628 -0.0632994 0 -0.0990216 0.0475283 -0.0895603 -0.0354518 0.0118148 -0.0574142 0.0455103 -0.0181311 -0.0197307 0.0404823 -0.00139861 -0.0232634 -0.0711891 -0.000784841 0.0949436 0.00275331 0.086004 -0.0114181 0.0420139 0.0430017 0.0223915 -0.0935548 0.0492867 0.023676 0.0412971 0.0997506 0.0451753 -0.0618565 0.0871882 0.0361258 -0.0629961 0.0995648 -0.0516091 0.0861709 -0.061732 -0.0675353 0.0236806 -0.0969273 0.080464 -0.0446779 -0.0428082 -0.0251336 0.0287662 0.0889574 0.021172 -0.0756683 -0.0452816 -0.065357 0.0634461 -0.0396522 -0.0838266 0.0889626 0.0985172 -0.0370091 -0.0912365 -0.0149044 0.0356928 -0.069245 0.0101682 0.0669482 0.00776646 -0.0142155 -0.0540939 -0.088769 -0.0036332 
0.0456307 -0.0934594 0.0459189 -0.0124934 -0.0334136 -0.0544822 0.05515 -0.0348827 -0.0412084 0.0492796 0.0990216 0 0.097477 0.0240253 -0.0706591 -0.0866946 -0.0612912 -0.0916614 0.0596494 0.0323218 0.033014 -0.0028701 -0.0628447 0.0728455 -0.0794441 -0.0819752 -0.0454676 0.0997363 0.0286793 -0.0932635 0.0749776 0.0326246 -0.0992301 -0.0948784 0.0923136 -0.0116642 -0.0276372 -0.0944599 0.0114391 -0.0525585 0.0199058 -0.0171346 0.0332356 -0.0978667 0.0736541 0.0640875 -0.0709025 0.0985748 0.0226305 0.0648657 -0.0673406 -0.0715803 -0.00554885 -0.0817557 0.0458557 0.0140841 -0.0898276 -0.0992035 -0.0348558 0.0169017 0.0775281 -0.0901435 0.0556072 -0.067498 -0.0350773 0.0751246 -0.0552518 -0.0344422 0.0154289 -0.0497369 0.0338333 -0.0879703 -7.85317e-05 -0.0161218 -0.0874705 -0.0188195 
-0.0163014 0.0577338 -0.0570882 0.0681536 0.0557334 0.0379909 0.0585025 -0.00109231 -0.0756581 0.0214025 -0.0475283 -0.097477 0 0.0768537 0.0505057 0.0463055 -0.0699174 0.00621527 0.0252696 -0.0823919 -0.00207859 0.0153732 -0.0999835 0.0849715 0.000143884 0.0826795 0.0778936 -0.091057 0.0268187 0.0966885 -0.035025 0.01226 0.0583868 0.0684854 -0.0545872 -0.0103945 0.0528917 -0.0310648 0.0453388 0.0753684 -0.0062231 -0.0978416 -0.0795953 0.0870985 -0.0102492 -0.000607756 -0.05989 0.0658722 0.0795243 -0.0377636 -0.0423006 0.0556419 -0.0791048 0.00171594 0.0525208 0.035511 0.0282542 -0.0656144 -0.0623065 0.0405944 -0.0553222 -0.00454594 -0.0708625 -0.0853062 0.0606407 -0.0559504 0.0622183 -0.0688785 -0.075635 0.0704962 0.0871063 0.0679254 -0.0543083 -0.0557768 -0.0525694 -0.0349851 
-0.0952637 -0.053887 0.0746967 0.0234178 0.0163419 0.0795016 -0.0628579 0.0752083 0.00605378 0.0622136 0.0895603 -0.0240253 -0.0768537 0 -0.00277843 -0.06825 0.0744823 -0.0815461 -0.0118336 0.0436072 0.054387 -0.0713251 0.00616986 -0.0513192 -0.0617388 0.0242611 -0.0321064 -0.0959933 0.0177347 0.0617926 -0.0668828 -0.0264103 0.0758248 -0.0865242 0.0622843 0.0157485 -0.0298073 -0.0678391 0.017912 -0.0183725 0.0474335 0.029714 -0.0745827 0.0930245 0.0819011 0.00726742 0.0107606 0.0235454 -0.0878187 -0.0798112 0.0514688 -0.0503201 0.0172088 -0.0343389 -0.0910683 0.0972563 0.0575824 0.0659436 -0.0651462 0.0797058 0.0902178 -0.0505596 -0.0825309 0.0183151 0.0412767 -0.00914003 0.0190395 -0.0900342 0.0126236 -0.0705482 0.0146488 0.0803596 0.000433874 -0.046051 -0.0365449 0.0451179 
0.0818668 -0.0895812 -0.0572997 0.0731828 -0.0606705 -0.0725926 0.0280507 0.0402529 0.0789483 0.0499236 0.0354518 0.0706591 -0.0505057 0.00277843 0 0.0433229 -0.0291665 0.0120446 0.092083 -0.0825169 0.0549631 -0.00396757 -0.0718481 -0.05949 -0.0806268 0.0800942 0.00418482 0.0654063 0.0533272 -0.0311454 -0.095794 0.0640503 -0.0722887 0.00577935 -0.0377948 -0.00218079 0.0472097 0.0864441 -0.0659174 0.0855744 -0.0535478 -0.0233397 0.0430755 0.0379972 -0.0761872 0.0277566 -0.00384438 0.0998822 -0.055513 -0.0667555 -0.0809339 -0.0721046 0.0172334 -0.0958034 -0.0244586 0.098648 0.0764628 0.0717413 0.0443653 0.0501398 -0.0229375 0.00895187 0.00462616 -0.0318553 -0.038793 -0.0429649 -0.011242 -0.0182674 -0.0266706 0.0302196 0.0559757 -0.0282999 0.0919886 -0.0521297 0.024678 0.0904069 
0.0176976 -0.010708 -0.0719856 -0.0694734 -0.0134741 -0.0726718 -0.0322135 -0.0233542 -0.00257993 -0.0506236 -0.0118148 0.0866946 -0.0463055 0.06825 -0.0433229 0 -0.0329394 -0.0197604 -0.00436763 -0.00109396 -0.0342177 -0.0250404 0.0816064 0.0185784 -0.0353827 -0.0917984 0.077835 0.0219779 0.0573098 0.0309219 -0.044147 0.0371033 -0.0116992 -0.063196 0.0185772 0.057936 0.0583701 -0.088708 0.0270838 0.0370725 -0.038118 0.0811172 -0.00426242 -0.0255094 0.0578122 0.0262503 0.0381201 -0.0033108 0.0959081 0.0914254 0.00725426 -0.0794779 0.0171186 -0.0865064 -0.0283789 0.0586064 0.0566971 0.0432356 0.0781087 -0.0936793 -0.0676149 0.0161675 -0.0758108 -0.0652346 -0.00199825 0.0849609 0.0753887 0.0579481 0.0311433 0.0873153 -0.0408076 -0.039088 0.0333286 -0.0486728 -0.0861423 0.0621363 
-0.077899 0.00435983 0.0487288 -0.0606598 0.0560111 0.03237 -0.0131062 -0.0573524 0.0381343 -0.0775977 0.0574142 0.0612912 0.0699174 -0.0744823 0.0291665 0.0329394 0 0.0217159 -0.0357851 -0.098429 0.0630253 -0.0788574 -0.0734297 -0.0939157 -0.0420471 -0.0361068 -0.0504257 -0.00217876 -0.0743178 -0.0096118 0.0365936 -0.0644447 0.0819096 -0.00418969 -0.085353 0.0883925 0.0221417 0.0681765 -0.0402571 0.0474648 -0.0354443 -0.0914552 -0.0986021 -0.023853 -0.0636386 -0.0704084 0.0450998 0.0373656 -0.0167484 -0.00886938 0.00939963 -0.00600112 -0.0267642 -0.0950554 -0.0991289 -0.0138559 0.0875613 -0.0031758 0.0567913 -0.0727228 -0.0737615 0.031037 0.0213913 -0.0447539 -0.0156968 -0.0819651 -0.0538008 0.0701061 -0.025372 0.0433948 -0.0757435 0.0770271 0.067263 -0.0667335 -0.0142903 0.0667948 
-0.0821318 0.0894978 -0.0483961 0.0911632 0.0646553 -0.0934906 -0.0663646 -0.0178059 -0.0423425 0.0450689 -0.0455103 0.0916614 -0.00621527 0.0815461 -0.0120446 0.0197604 -0.0217159 0 -0.021157 0.00192116 0.0663548 0.0240859 -0.0878661 -0.0461446 0.0346394 0.00956356 0.0706992 -0.0525456 0.00423112 -0.000326303 0.0847806 -0.0815904 -0.0927494 0.0205269 -0.083681 -0.073194 -0.0896318 0.0814334 -0.0538019 0.0350608 -0.0831173 -0.0782472 -0.0761534 0.0868975 0.0954967 0.0497915 -0.0898765 0.067547 -0.0557311 0.00498772 -0.0509741 0.0455265 0.0269685 -0.059233 0.0765111 -0.0416814 0.0523866 0.0702655 0.0534812 0.0663743 -0.0869919 0.0740101 0.0469951 -0.0558927 -0.0581959 -0.0353923 -0.0986548 -0.0758471 0.0736781 -0.0134641 0.0473918 -0.0477314 0.0991626 -0.0322876 -0.0885933 0.0682911 
0.0684454 -0.042019 0.0416495 0.0590352 0.0512502 -0.0814215 0.0989398 0.0931308 0.0121516 -0.0603171 0.0181311 -0.0596494 -0.0252696 0.0118336 -0.092083 0.00436763 0.0357851 0.021157 0 -0.0657556 0.0411139 0.00677274 0.000673637 0.0899623 -0.0257389 0.0744751 -0.00144432 -0.0087161 0.0625208 0.0273248 0.0809967 -0.0460574 0.0509426 -0.0890285 -0.0231713 -0.00609491 -0.0604913 -0.0871612 0.0645543 -0.0429892 -0.0579234 -0.00991984 -0.0441123 -0.086214 -0.035528 0.0206803 0.0799846 -0.0886243 -0.036927 -0.0964506 0.0376068 0.0646432 -0.0443594 -0.0411451 -0.0319729 -0.0176065 -0.0730054 0.0723486 -0.0520004 -0.0622257 0.0174983 0.0280873 0.0827555 -0.0123552 -0.0242857 -0.0391181 0.00197958 0.0359848 0.0785487 0.0543001 -0.0275992 -0.0833114 0.0697606 -0.0848636 -0.0265436 -0.0190881 
-0.00889715 -0.00655257 -0.0388836 -0.00177067 -0.00348761 -0.0510631 0.0034184 -0.0166547 0.0738249 -0.0197036 0.0197307 -0.0323218 0.0823919 -0.0436072 0.0825169 0.00109396 0.098429 -0.00192116 0.0657556 0 0.083239 -0.078284 -0.0730752 0.0975979 -0.0141525 0.0504743 0.0170764 -0.0848077 -0.0983071 -0.0697758 -0.0815818 -0.0215967 0.0289619 0.00566554 -0.0798381 -0.0770634 0.042705 -0.0463391 0.049968 0.0502095 0.0357623 -0.0787854 -0.0445312 -0.00168591 0.0961282 -0.0748069 0.084915 0.0512399 -0.0383141 0.0154322 0.0645436 -0.0179039 -0.055601 0.0127891 0.0930926 0.0569538 -0.0497786 -0.0416428 0.0239679 -0.0681947 -0.0845164 -0.0896599 0.0852653 -0.0985366 -0.0169411 0.0870479 0.0915751 0.014001 0.0765916 -0.0706995 -0.033079 -0.0113116 -0.00905864 0.0323967 0.00876267 0.0729506 
-0.0621392 -0.0604201 0.0248667 -0.0859001 -0.0185057 -0.0712627 0.02506 0.0399682 0.0428069 0.0222234 -0.0404823 -0.033014 0.00207859 -0.054387 -0.0549631 0.0342177 -0.0630253 -0.0663548 -0.0411139 -0.083239 0 0.0270666 0.0399848 -0.0769806 -0.0220161 0.0279914 -0.0653181 0.0311968 -0.0570375 0.0719922 0.027305 0.0403859 -0.00367386 0.0314598 -0.0218894 -0.0570093 0.075269 0.035752 -0.00777771 -0.0950075 0.029508 -0.00274893 -0.0149181 -0.041156 0.094318 -0.055599 0.00542464 -0.0530927 -0.0790778 -0.0539481 -0.0840096 -0.0987087 0.0277291 0.063766 -0.0539559 0.0961689 -0.0269689 -0.0240006 0.046084 -0.0313304 0.05947 -0.0677138 0.0437268 -0.0344681 0.0950798 0.0157526 0.0227254 0.0526818 0.0131468 -0.0415518 -0.0154292 -0.0943353 0.00149749 -0.00936665 0.0664001 0.0943231 
0.0125496 0.0344769 0.0898906 -0.0946525 0.0279772 0.0423069 -0.0351741 0.0349072 0.043907 -0.0498933 0.00139861 0.0028701 -0.0153732 0.0713251 0.00396757 0.0250404 0.0788574 -0.0240859 -0.00677274 0.078284 -0.0270666 0 0.0324627 0.0880592 0.0354778 -0.0754143 -0.0197027 0.0580611 0.0332102 0.0735079 0.0659403 0.0656707 0.0575311 0.0459859 0.0285279 0.00957585 0.0318947 0.0821844 -0.00113969 0.0392989 -0.0989545 -0.0198058 0.0914929 0.0193494 -0.0885295 -0.0748261 -0.0267416 0.0251018 0.0327737 0.0935257 0.048187 -0.0601235 0.0624856 0.0869431 0.0644063 0.0986669 0.093876 -0.0449266 -0.0803703 -0.0769145 0.0413563 -0.00768445 0.000587342 -0.0362326 -0.0187419 -0.0259591 0.039033 -0.0219929 0.0300807 -0.0700582 0.0397144 -0.0259595 -0.03162 -0.0436751 0.0726754 -0.0774262 
-0.0282185 -0.0340735 -0.0268655 0.0121827 0.0946298 0.040508 0.0143982 -0.0744829 -0.0957324 0.053916 0.0232634 0.0628447 0.0999835 -0.00616986 0.0718481 -0.0816064 0.0734297 0.0878661 -0.000673637 0.0730752 -0.0399848 -0.0324627 0 0.0411527 0.00926184 -0.0425863 -0.0421722 -0.0627786 -0.0565996 -0.041434 0.0253506 0.00442917 0.0890294 0.0614401 0.0103039 0.0737196 -0.0543997 -0.0692502 -0.0507736 -0.0401121 -0.0393623 0.0868602 -0.00733724 -0.0819756 -0.0784622 0.0431101 0.0578645 -0.0112852 -0.0947425 -0.0154835 0.0924444 0.0592977 -0.0925984 0.0134902 0.0595554 0.0910707 0.0113512 -0.0639128 0.0276085 0.0158639 0.01605 -0.0762077 0.0136889 0.0848561 -0.0192432 -0.052772 -0.041268 -0.0357914 -0.036398 0.0266869 -0.0725819 -0.0748985 -0.0646534 0.0164619 0.0529644 0.0101445 
0.0194192 0.0504578 -0.0767429 0.0820266 0.0508701 -0.0350142 -0.0580468 -0.00789964 -0.0782423 0.0659776 0.0711891 -0.0728455 -0.0849715 0.0513192 0.05949 -0.0185784 0.0939157 0.0461446 -0.0899623 -0.0975979 0.0769806 -0.0880592 -0.0411527 0 0.0699728 -0.0386526 -0.0623721 -0.0817732 0.0657759 0.0912993 0.0278432 -0.065824 -0.0121276 0.0733546 -0.089167 -0.00577388 0.0494777 -0.0484723 0.0338994 0.0943286 0.0650617 -0.0616652 -0.0198671 -0.00802473 0.0629217 -0.0535096 0.0124866 0.0544439 -0.0876147 -0.0393594 -0.00847295 0.0528893 0.0481823 -0.0248544 -0.0821783 -0.076735 -0.0179388 0.0966785 0.00430228 -0.0802173 -0.0687964 0.0252444 -0.00297688 0.0410401 -0.0264933 -0.0356156 0.0391849 0.090453 -0.0483013 0.0932325 -0.0829463 -0.0926583 0.0659948 0.0841367 -0.00352871 0.0937028 
0.018279 0.00670274 0.0323997 -0.052143 -0.0726632 -0.0607772 -0.0502301 0.0834223 -0.072922 0.0113697 0.000784841 0.0794441 -0.000143884 0.0617388 0.0806268 0.0353827 0.0420471 -0.0346394 0.0257389 0.0141525 0.0220161 -0.0354778 -0.00926184 -0.0699728 0 -0.0813117 0.00706437 -0.0321394 0.0716624 0.0298889 0.0117446 0.0703348 0.0162543 0.0800182 0.0675131 0.0640972 0.0662219 0.0369012 -0.0339516 0.0353607 -0.0127336 0.0188917 -0.0342252 -0.0559166 0.0383447 -0.0560175 0.03901 -0.0647699 -0.0407703 -0.0930791 0.069531 -0.0119864 -0.0999674 -0.0976011 -0.0812641 -0.08057 -0.0978052 0.0775434 0.0423702 0.0915937 -0.0989115 -0.0292065 0.0863495 0.0776311 -0.090289 -0.0520686 -0.0180486 0.0795071 0.013733 -0.0101686 -0.0545835 -0.0461766 0.0626679 -0.0152507 -0.00443107 0.0775773 
0.0405255 -0.0892314 0.0653498 -0.00561045 -0.0482235 -0.00728755 -0.00470616 0.029402 0.0656542 -0.00718411 -0.0949436 0.0819752 -0.0826795 -0.0242611 -0.0800942 0.0917984 0.0361068 -0.00956356 -0.0744751 -0.0504743 -0.0279914 0.0754143 0.0425863 0.0386526 0.0813117 0 0.0340224 -0.0637046 0.0234715 0.00172025 0.0980134 -0.0353158 0.0293931 0.0885627 -0.0931913 -0.0859539 -0.0357425 -0.0132376 -0.051494 -0.020842 0.0934425 0.016545 0.0685763 -0.0882214 -0.0271011 0.0460442 0.0829003 0.0839545 0.0964477 -0.0387368 -0.082432 -0.0727531 0.00751397 -0.0489962 -0.0343034 -0.0185473 0.0968728 -0.0730592 -0.0916798 0.0530555 -0.0379673 0.00277593 0.0940255 0.053533 -0.0133994 -0.00531014 -0.0697207 0.0716631 0.0605047 0.0585357 -0.0481553 0.00302335 -0.0211358 -0.0314482 -0.0719575 -0.0899083 
0.0885545 -0.0897833 -0.0115766 -0.0766436 0.0169713 0.0872726 -0.0646665 -0.0039868 -0.0389148 -0.00915504 -0.00275331 0.0454676 -0.0778936 0.0321064 -0.00418482 -0.077835 0.0504257 -0.0706992 0.00144432 -0.0170764 0.0653181 0.0197027 0.0421722 0.0623721 -0.00706437 -0.0340224 0 0.0455867 0.0694729 0.0327696 -0.09205 0.0464866 0.0493823 0.0238038 0.0585477 0.0420195 0.0680973 0.010974 0.0859896 0.095707 -0.0677908 0.0497575 0.0692345 -0.0794819 -0.072287 -0.0612164 -0.0953062 -0.0215354 0.060265 0.0723186 -0.0671298 -0.0966748 -0.0979542 -0.0396515 0.075924 -0.0870834 -0.0707967 -0.0430365 0.09093 0.0548899 0.078207 -0.0306606 0.0313158 -0.0526203 0.073171 -0.0938115 0.0879779 0.0909261 -0.0280729 0.0629136 -0.0550545 0.0543674 -0.0446112 0.0288942 -0.0379962 -0.026096 
0.00963773 0.0719349 0.0788126 -0.0190443 0.0732461 -0.00950129 -0.0955863 -0.0186868 0.0326493 -0.00178974 -0.086004 -0.0997363 0.091057 0.0959933 -0.0654063 -0.0219779 0.00217876 0.0525456 0.0087161 0.0848077 -0.0311968 -0.0580611 0.0627786 0.0817732 0.0321394 0.0637046 -0.0455867 0 -0.0537406 0.0507679 -0.0389472 -0.0315286 0.0535939 -0.0907871 -0.00790507 0.0978852 0.0662331 -0.0653722 0.000834444 -0.0568657 0.0168028 0.0988281 -0.0946029 -0.014317 -0.0419544 -0.0552587 -0.0550476 0.0137914 -0.0272686 -0.0379809 -0.0583563 0.0951748 -0.0267601 0.0663045 0.0442682 -0.0985923 0.0332498 0.0594851 0.0792758 -0.0751124 0.0117073 0.0487349 0.0744949 0.0265688 0.0356163 0.0314215 -0.0539404 -0.0225455 0.0476813 -0.0603016 -0.0980027 -0.0702834 -0.0625453 -0.0127898 0.00732484 -0.022314 
0.000586958 0.00750194 0.0942874 0.0181837 0.0514348 0.0997296 -0.0980044 -0.0803672 -0.0255157 0.0291756 0.0114181 -0.0286793 -0.0268187 -0.0177347 -0.0533272 -0.0573098 0.0743178 -0.00423112 -0.0625208 0.0983071 0.0570375 -0.0332102 0.0565996 -0.0657759 -0.0716624 -0.0234715 -0.0694729 0.0537406 0 -0.00048751 0.0675104 -0.0168402 0.0616585 0.0644077 -0.080814 -0.0950882 0.0219906 -0.0350355 0.0273707 -0.0623078 0.00425084 0.0776165 0.0843431 -0.0839936 0.0751665 -0.0184624 -0.0200138 0.0314129 -0.0358558 0.0263349 0.00435515 -0.0836952 -0.0977451 0.0109029 -0.0156354 -0.0693081 0.0831917 -0.00199235 -0.0974132 0.0871772 -0.012888 0.075798 -0.0159854 0.0509579 0.00935992 0.0754091 0.0538596 -0.0803489 0.0450744 -0.0527093 0.00799384 0.0557643 0.0143538 -0.0804705 -0.0448494 -0.0712739 
-0.000796368 0.0275456 0.0743248 -0.0116763 -0.0481094 -0.0129824 -0.0466873 -0.0155647 -0.00713493 -0.0705173 -0.0420139 0.0932635 -0.0966885 -0.0617926 0.0311454 -0.0309219 0.0096118 0.000326303 -0.0273248 0.0697758 -0.0719922 -0.0735079 0.041434 -0.0912993 -0.0298889 -0.00172025 -0.0327696 -0.0507679 0.00048751 0 0.0856588 0.0106923 0.09595 -0.0343453 0.0751763 0.00861868 0.0845685 0.00598015 -0.0843335 0.0269784 0.0853113 0.083515 0.0458068 0.0802385 -0.0463291 -0.091201 0.0590128 0.0399882 0.0807153 0.0325183 0.0027812 -0.0501622 -0.0607984 0.0400632 0.0579976 0.0552908 0.0744851 -0.0311865 -0.0976054 -0.0737923 -0.0585584 0.0610089 -0.0823898 -0.0687364 0.0809762 -0.0152101 -0.0522264 -0.00612664 -0.0208055 0.0730118 -0.0549553 -0.077563 -0.00388343 0.0314701 -0.0115126 0.0235469 
-0.0353826 -0.0396059 0.0191994 0.0961387 -0.0648293 -0.0492242 0.0231775 -0.00688445 -0.0167619 0.00538022 -0.0430017 -0.0749776 0.035025 0.0668828 0.095794 0.044147 -0.0365936 -0.0847806 -0.0809967 0.0815818 -0.027305 -0.0659403 -0.0253506 -0.0278432 -0.0117446 -0.0980134 0.09205 0.0389472 -0.0675104 -0.0856588 0 -0.0713054 0.0216477 0.0617076 -0.0652816 -0.0889092 0.0822204 -0.00312947 0.062201 0.0108247 -0.0179499 -0.0596764 -0.0484807 0.0924799 0.0555247 -0.0920293 -0.0724128 -0.0627998 0.0786337 0.0381727 0.01137 -0.0764524 -0.0998793 -0.059997 0.0239137 -0.02458 0.00219162 0.0694777 0.0443383 -0.0557864 0.0374641 0.0747175 0.0437384 -0.00652132 -0.0798592 -0.0739602 0.0855197 0.0991892 -0.0969315 -0.0580525 -0.0638004 0.0746168 0.0739016 0.00360782 0.0916276 -0.0331437 
0.0106766 -0.0480784 0.0405544 -0.0156405 0.0810806 -0.0385686 0.0159724 0.0934145 -0.0735853 -0.0517657 -0.0223915 -0.0326246 -0.01226 0.0264103 -0.0640503 -0.0371033 0.0644447 0.0815904 0.0460574 0.0215967 -0.0403859 -0.0656707 -0.00442917 0.065824 -0.0703348 0.0353158 -0.0464866 0.0315286 0.0168402 -0.0106923 0.0713054 0 0.0383563 0.063481 0.0618097 -0.0686221 -0.0877338 0.0332516 -0.029412 -0.0449842 0.0723382 0.0901438 0.0752438 0.0462493 0.0898814 -0.0386349 -0.0785208 -0.0729144 0.0635527 0.0387126 0.00598691 0.0897292 -0.0943727 0.0393207 -0.0431417 -0.092821 0.0893016 0.0667798 -0.0201111 -0.0935944 0.0465456 0.0136145 0.0578824 -0.00106181 0.068655 0.0560137 0.0863189 0.0106948 0.0258648 0.072501 0.00387935 0.0934909 0.00282908 -0.0362714 0.0494895 0.0926204 
-0.0988881 0.0465365 -0.023854 0.0475316 0.0228622 0.0970676 0.0241228 -0.0320838 0.0135875 0.00600449 0.0935548 0.0992301 -0.0583868 -0.0758248 0.0722887 0.0116992 -0.0819096 0.0927494 -0.0509426 -0.0289619 0.00367386 -0.0575311 -0.0890294 0.0121276 -0.0162543 -0.0293931 -0.0493823 -0.0535939 -0.0616585 -0.09595 -0.0216477 -0.0383563 0 0.0643871 -0.0980483 -0.0164695 0.0207526 -0.0750298 0.0579261 0.0912179 -0.0818873 -0.0603893 0.0106959 0.0208691 -0.0629901 -0.09636 -5.73266e-05 0.0452252 -0.0781542 0.0954609 0.0222808 0.02862 -0.0773038 0.0285212 0.0323629 -0.0718519 -0.0162666 -0.0406158 0.0204695 -0.0383153 0.0895503 0.00965762 0.000446144 0.0607414 -0.038789 -0.00968856 0.0602996 0.0503826 0.0472811 0.0558383 -0.0903164 0.0697766 0.0581299 0.0304295 0.0295423 0.0157622 
-0.0756864 0.0561527 0.0384448 -0.0410385 0.0101375 -0.0378258 0.0722578 -0.0841862 -0.00906204 0.0635764 -0.0492867 0.0948784 -0.0684854 0.0865242 -0.00577935 0.063196 0.00418969 -0.0205269 0.0890285 -0.00566554 -0.0314598 -0.0459859 -0.0614401 -0.0733546 -0.0800182 -0.0885627 -0.0238038 0.0907871 -0.0644077 0.0343453 -0.0617076 -0.063481 -0.0643871 0 0.0325872 -0.0505259 0.0457671 0.00938048 -0.0889818 0.0262075 -0.0209501 0.0268958 -0.0244631 -0.0287134 -0.0534832 -0.0834821 0.0988074 -0.0893342 0.0608359 -0.0597547 -0.0814654 -0.0982248 0.0451694 -0.0199638 0.0959065 0.0603761 -0.0243825 0.0388914 0.0900005 -0.0237987 0.0937792 -0.0766539 0.0648838 0.0248227 -0.0229094 -0.00199035 -0.0962465 -0.0852634 -0.0889126 -0.0306049 -0.0483624 -0.0582999 0.0118216 0.0847916 0.0990069 0.0293518 
-0.0479031 0.0313761 -0.0780776 -0.0980005 0.0972646 0.0431863 -0.0693809 -0.00629216 0.00521157 -0.0416371 -0.023676 -0.0923136 0.0545872 -0.0622843 0.0377948 -0.0185772 0.085353 0.083681 0.0231713 0.0798381 0.0218894 -0.0285279 -0.0103039 0.089167 -0.0675131 0.0931913 -0.0585477 0.00790507 0.080814 -0.0751763 0.0652816 -0.0618097 0.0980483 -0.0325872 0 0.0861145 -0.0530011 -0.0496804 0.00557135 0.0293016 -0.0723157 -0.0217699 -0.0414739 -0.0816562 0.0852314 0.0160796 -0.0712573 -0.0544611 -0.0292922 -0.0775226 -0.0662691 -0.0186069 0.0761776 -0.00472146 -0.0130895 -0.063161 0.070349 0.0706959 -0.0948573 0.0740314 -0.0694254 -0.0420736 0.0786832 -0.0697878 -0.0873846 0.0557605 0.057313 -0.0418545 0.0500657 0.0340574 0.0270311 0.0876128 -0.00659129 -0.0414887 0.0682899 0.0208367 
0.0304795 0.00417732 0.0217948 -0.0745639 0.0162539 -0.0548096 -0.0389067 -0.089643 0.0187513 0.0525125 -0.0412971 0.0116642 0.0103945 -0.0157485 0.00218079 -0.057936 -0.0883925 0.073194 0.00609491 0.0770634 0.0570093 -0.00957585 -0.0737196 0.00577388 -0.0640972 0.0859539 -0.0420195 -0.0978852 0.0950882 -0.00861868 0.0889092 0.0686221 0.0164695 0.0505259 -0.0861145 0 0.0529202 -0.0900121 -0.0227382 -0.0609934 -0.0460759 -0.0200595 -0.0836538 0.025408 0.0317845 0.0472743 -0.00679841 -0.00240467 0.0436728 -0.0977422 -0.0686991 -0.0204035 -7.09201e-05 -0.0728958 0.0609323 0.0678298 0.0274889 0.0659258 -0.0945674 0.0434363 -0.0824525 0.0846254 -0.0747443 0.0519248 -0.0336814 -0.00550846 -0.0639006 0.0275812 -0.0418919 -0.0103478 -0.0548279 0.0053795 0.0247221 -0.0618061 -0.0941953 -0.0422289 
-0.021209 0.013961 0.0572262 0.0296226 0.0752885 -0.0515308 0.0892874 0.00200809 0.00642784 0.00957481 -0.0997506 0.0276372 -0.0528917 0.0298073 -0.0472097 -0.0583701 -0.0221417 0.0896318 0.0604913 -0.042705 -0.075269 -0.0318947 0.0543997 -0.0494777 -0.0662219 0.0357425 -0.0680973 -0.0662331 -0.0219906 -0.0845685 -0.0822204 0.0877338 -0.0207526 -0.0457671 0.0530011 -0.0529202 0 -0.0248906 0.0470295 -0.0121193 0.0242636 0.0805562 -0.0554453 -0.0250177 0.0661888 -0.0642718 -0.0882113 0.0651074 0.0596527 0.098993 0.0859743 0.0480958 0.0211716 0.0617208 0.00745331 -0.088949 -0.0457134 -0.0233302 0.099512 0.0636467 0.0908484 0.0289513 -0.0410338 0.0904619 -0.0604584 0.0182893 -0.0891909 -0.018804 -0.0974931 0.00774195 -0.0681 -0.0839835 0.0366972 0.0515739 0.0981343 0.0718953 
-0.0358443 0.0923763 0.0275293 -0.0836754 -0.0623381 0.0561308 -0.0282199 -0.0930497 0.078201 -0.0642444 -0.0451753 0.0944599 0.0310648 0.0678391 -0.0864441 0.088708 -0.0681765 -0.0814334 0.0871612 0.0463391 -0.035752 -0.0821844 0.0692502 0.0484723 -0.0369012 0.0132376 -0.010974 0.0653722 0.0350355 -0.00598015 0.00312947 -0.0332516 0.0750298 -0.00938048 0.0496804 0.0900121 0.0248906 0 0.0268919 0.00240154 -0.083691 -0.096048 -0.0466818 0.00026565 0.073423 0.0742379 -0.0158471 0.00142964 -0.04174 -0.00733312 0.00888781 0.0648707 0.0543339 -0.0473182 -0.0195719 0.079242 -0.0559781 -0.0917392 -0.0393581 -0.0628138 0.0983665 -0.0696068 -0.0728045 -0.0785031 0.061499 -0.0471913 -0.0760578 -0.0664581 0.0468879 -0.0746178 0.0206937 -0.0473327 -0.0677788 -0.0253233 0.0703057 0.0320722 
-0.0573061 -0.0271537 -0.0397448 0.0833974 -0.0782768 0.0428499 -0.0631299 0.0833367 0.0118467 0.082493 0.0618565 -0.0114391 -0.0453388 -0.017912 0.0659174 -0.0270838 0.0402571 0.0538019 -0.0645543 -0.049968 0.00777771 0.00113969 0.0507736 -0.0338994 0.0339516 0.051494 -0.0859896 -0.000834444 -0.0273707 0.0843335 -0.062201 0.029412 -0.0579261 0.0889818 -0.00557135 0.0227382 -0.0470295 -0.0268919 0 -0.044978 0.00888933 0.0390757 0.0589079 -0.0652206 -0.00688297 0.0748578 -0.0611503 -0.0550855 -0.0818925 -0.0774862 0.00951907 0.0333473 0.031126 0.0426675 0.0938817 0.090598 0.0106549 -0.0958964 0.0249649 0.0459886 0.015574 -0.0836189 -0.0512623 -0.0105614 -0.0250642 -0.0269049 -0.0416453 0.0912326 0.0713657 0.0746129 -0.0619915 -0.0420721 0.0939515 0.0574651 -0.0166387 -0.0205816 
-0.0544622 -0.0568871 0.0364077 -0.0625006 0.0435586 0.0228917 -0.00339259 -0.0663509 0.0449987 -0.0717535 -0.0871882 0.0525585 -0.0753684 0.0183725 -0.0855744 -0.0370725 -0.0474648 -0.0350608 0.0429892 -0.0502095 0.0950075 -0.0392989 0.0401121 -0.0943286 -0.0353607 0.020842 -0.095707 0.0568657 0.0623078 -0.0269784 -0.0108247 0.0449842 -0.0912179 -0.0262075 -0.0293016 0.0609934 0.0121193 -0.00240154 0.044978 0 0.0239904 0.0154187 -0.0310643 -0.0662354 -0.0038661 0.0239666 0.0483804 0.026914 -0.0946314 0.0696596 -0.0711186 0.00078727 0.0114354 0.0444621 -0.0256244 0.0459427 0.0099846 0.0922685 -0.0716248 -0.0282932 -0.0867611 -0.0719167 -0.0634028 -0.0286635 -0.0914305 0.0755853 0.066744 -0.0342266 -0.0622845 0.0661113 0.0674249 0.063177 0.091812 0.0838509 -0.0254719 -0.00102804 
0.0641673 0.0955455 -0.00114476 0.0378642 0.0314124 -0.0695174 0.024144 -0.0918915 0.036144 -0.0548749 -0.0361258 -0.0199058 0.0062231 -0.0474335 0.0535478 0.038118 0.0354443 0.0831173 0.0579234 -0.0357623 -0.029508 0.0989545 0.0393623 -0.0650617 0.0127336 -0.0934425 0.0677908 -0.0168028 -0.00425084 -0.0853113 0.0179499 -0.0723382 0.0818873 0.0209501 0.0723157 0.0460759 -0.0242636 0.083691 -0.00888933 -0.0239904 0 0.059084 0.0952929 0.0970305 -0.00228041 0.0184375 -0.0319046 -0.00860665 -0.0609652 -0.0322862 -0.0829791 0.0474757 -0.0640246 -0.0475699 0.0165262 0.0433293 -0.0879961 -0.06953 0.0113152 0.0298771 0.0551658 0.0618607 0.0954994 0.0606551 -0.084198 -0.0796524 0.0506323 0.0894613 0.0317358 0.0569994 -0.0128606 -0.0713937 0.0474894 0.0892557 0.0339369 0.0171672 
-0.0543233 0.0444762 -0.0960616 -0.0394218 -0.0558729 0.00529793 0.0717661 0.0165632 0.073503 -0.00757402 0.0629961 0.0171346 0.0978416 -0.029714 0.0233397 -0.0811172 0.0914552 0.0782472 0.00991984 0.0787854 0.00274893 0.0198058 -0.0868602 0.0616652 -0.0188917 -0.016545 -0.0497575 -0.0988281 -0.0776165 -0.083515 0.0596764 -0.0901438 0.0603893 -0.0268958 0.0217699 0.0200595 -0.0805562 0.096048 -0.0390757 -0.0154187 -0.059084 0 -0.0324976 -0.0891929 0.0939734 0.0437892 -0.015384 -0.0572595 -0.0668663 -0.0384903 -0.00934856 -0.0453802 -0.0128967 -0.00276931 -0.0889846 0.0560814 -0.091247 -0.0162504 0.0372383 -0.0635885 -0.0805426 0.0205442 0.0234616 -0.0113413 -0.0989399 -0.0132848 -0.0651548 -0.0616674 -0.0544094 0.00502639 0.0606173 0.0403433 0.0820915 -0.092291 -0.0668933 0.0559279 
-0.0576616 -0.0108473 -0.0929902 -0.0560188 -0.0488703 -0.081914 0.0251301 -0.0780711 0.0378252 0.00281887 -0.0995648 -0.0332356 0.0795953 0.0745827 -0.0430755 0.00426242 0.0986021 0.0761534 0.0441123 0.0445312 0.0149181 -0.0914929 0.00733724 0.0198671 0.0342252 -0.0685763 -0.0692345 0.0946029 -0.0843431 -0.0458068 0.0484807 -0.0752438 -0.0106959 0.0244631 0.0414739 0.0836538 0.0554453 0.0466818 -0.0589079 0.0310643 -0.0952929 0.0324976 0 0.0268394 -0.0813224 -0.0089163 0.0724503 0.00180697 -0.0348101 0.0267071 0.0118992 -0.0336989 0.0469362 0.00386663 -0.0725816 -0.0679477 -0.0512616 -0.0423827 0.0389928 -0.0388085 0.055811 -0.0871353 -0.0922522 -0.0633053 0.0244092 0.0113881 0.0910061 0.0220929 -0.0194046 0.0802971 0.0323403 0.03908 -0.0632365 -0.00518115 -0.0709466 0.0133183 
0.0562639 0.0493259 0.0168756 0.0560397 -0.0910256 -0.00589399 0.0457925 -0.0635154 0.0483604 0.0431241 0.0516091 0.0978667 -0.0870985 -0.0930245 -0.0379972 0.0255094 0.023853 -0.0868975 0.086214 0.00168591 0.041156 -0.0193494 0.0819756 0.00802473 0.0559166 0.0882214 0.0794819 0.014317 0.0839936 -0.0802385 -0.0924799 -0.0462493 -0.0208691 0.0287134 0.0816562 -0.025408 0.0250177 -0.00026565 0.0652206 0.0662354 -0.0970305 0.0891929 -0.0268394 0 -0.0328782 -0.0953231 0.0398332 0.0140565 0.0290337 0.055814 -0.0878517 -0.0529959 -0.0941456 0.0855262 0.0965132 0.0560344 -0.098634 0.0407426 -0.0144462 0.0104238 0.0659814 -0.0609276 -0.0840526 -0.0536304 0.0743348 0.0637383 0.0451366 0.0950955 -0.0374838 -0.0139972 0.0732486 -0.0316155 -0.0633797 0.0828627 -0.0115684 0.023593 
0.0895678 -0.0985515 -0.0526453 -0.0472955 0.0744496 -0.0583367 0.0630086 -0.0483523 -0.0349321 0.0152557 -0.0861709 -0.0736541 0.0102492 -0.0819011 0.0761872 -0.0578122 0.0636386 -0.0954967 0.035528 -0.0961282 -0.094318 0.0885295 0.0784622 -0.0629217 -0.0383447 0.0271011 0.072287 0.0419544 -0.0751665 0.0463291 -0.0555247 -0.0898814 0.0629901 0.0534832 -0.0852314 -0.0317845 -0.0661888 -0.073423 0.00688297 0.0038661 0.00228041 -0.0939734 0.0813224 0.0328782 0 0.0209361 -0.0683181 0.0500217 0.0475075 0.0662418 0.0906641 -0.049709 -0.0441098 -0.0530932 0.0772946 -0.0264418 0.0392051 -0.0437217 -0.0787941 -0.0508089 0.0508081 -0.0129867 -0.0158079 -0.0400241 -0.0669112 0.0887697 0.0753192 -0.0278038 0.0654758 -0.0171221 -0.0115594 -0.0767704 0.0583824 0.0609072 0.0426003 0.0171558 
0.0550309 0.084739 0.00297939 -0.075988 0.0268184 -0.048974 0.00467012 -0.0324171 0.0909324 -0.0693456 0.061732 -0.0640875 0.000607756 -0.00726742 -0.0277566 -0.0262503 0.0704084 -0.0497915 -0.0206803 0.0748069 0.055599 0.0748261 -0.0431101 0.0535096 0.0560175 -0.0460442 0.0612164 0.0552587 0.0184624 0.091201 0.0920293 0.0386349 0.09636 0.0834821 -0.0160796 -0.0472743 0.0642718 -0.0742379 -0.0748578 -0.0239666 -0.0184375 -0.0437892 0.0089163 0.0953231 -0.0209361 0 -0.0233276 0.0237637 -0.0508644 0.0482529 -0.0988754 -0.0377702 0.0229447 0.0271977 0.0156564 0.0321554 -0.0680152 0.0699845 -0.0354932 0.0457688 -0.0119199 -0.0835368 -0.0711033 0.0792683 0.0969206 0.0867007 -0.0556378 -0.0406773 0.0510263 0.0455245 0.0437528 0.072774 0.0537738 0.0610615 0.0707216 -0.0743354 
0.0215001 0.0581081 -0.0137323 0.0702337 0.0682903 0.0864067 -0.00642838 0.0959565 0.00196611 -0.0405262 0.0675353 0.0709025 0.05989 -0.0107606 0.00384438 -0.0381201 -0.0450998 0.0898765 -0.0799846 -0.084915 -0.00542464 0.0267416 -0.0578645 -0.0124866 -0.03901 -0.0829003 0.0953062 0.0550476 0.0200138 -0.0590128 0.0724128 0.0785208 5.73266e-05 -0.0988074 0.0712573 0.00679841 0.0882113 0.0158471 0.0611503 -0.0483804 0.0319046 0.015384 -0.0724503 -0.0398332 0.0683181 0.0233276 0 0.0426145 -0.00161651 0.0453595 0.0693829 0.0381405 -0.093968 0.0805734 0.0818772 0.0736348 -0.0338117 -0.0278849 0.0999643 -0.0558777 0.0707567 0.0506173 0.0939981 -0.0423344 0.0577909 0.0544291 0.0741058 0.0190688 0.0470588 0.0400691 -0.0104038 -0.0205943 -0.0636598 -0.0697752 -0.0410098 -0.0934428 
-0.077356 -0.0432827 0.0965653 0.0192398 0.0410969 -0.0471696 -0.00595016 0.0263347 -0.0172045 0.0752978 -0.0236806 -0.0985748 -0.0658722 -0.0235454 -0.0998822 0.0033108 -0.0373656 -0.067547 0.0886243 -0.0512399 0.0530927 -0.0251018 0.0112852 -0.0544439 0.0647699 -0.0839545 0.0215354 -0.0137914 -0.0314129 -0.0399882 0.0627998 0.0729144 -0.0452252 0.0893342 0.0544611 0.00240467 -0.0651074 -0.00142964 0.0550855 -0.026914 0.00860665 0.0572595 -0.00180697 -0.0140565 -0.0500217 -0.0237637 -0.0426145 0 -0.00399313 -0.0560264 -0.0666665 0.0396581 -0.0114268 0.00255586 -0.0280971 0.0595789 -0.0173219 -0.0947215 -0.0935828 0.00626803 0.0766527 0.0548536 0.0160111 -0.0108872 0.0709086 0.0890349 0.0639495 0.0846499 -0.0584709 -0.0539175 -0.0504136 0.0840609 -0.0340812 0.0328978 0.0520984 0.0834348 
0.0879833 -0.0411315 0.0190185 0.0711012 -0.0498415 0.0256954 0.0580626 -0.0530067 -0.0800192 -0.0639298 0.0969273 -0.0226305 -0.0795243 0.0878187 0.055513 -0.0959081 0.0167484 0.0557311 0.036927 0.0383141 0.0790778 -0.0327737 0.0947425 0.0876147 0.0407703 -0.0964477 -0.060265 0.0272686 0.0358558 -0.0807153 -0.0786337 -0.0635527 0.0781542 -0.0608359 0.0292922 -0.0436728 -0.0596527 0.04174 0.0818925 0.0946314 0.0609652 0.0668663 0.0348101 -0.0290337 -0.0475075 0.0508644 0.00161651 0.00399313 0 -0.0344089 -0.0278256 0.0902266 -0.0444171 -0.00215344 -0.0103438 0.00134238 -0.0212083 0.0171973 0.0456863 0.0387118 -0.0841957 -0.0909766 0.0170683 0.0270696 -0.0889468 0.0899477 -0.0638921 0.0288159 -0.0905419 0.0380429 -0.0502503 -0.00901959 0.0992543 0.0128192 0.0546079 0.0322172 
0.0206811 -0.068844 -0.0377143 0.0460569 0.0549991 0.0336732 0.0446129 0.0712677 -0.0182201 0.0643308 -0.080464 -0.0648657 0.0377636 0.0798112 0.0667555 -0.0914254 0.00886938 -0.00498772 0.0964506 -0.0154322 0.0539481 -0.0935257 0.0154835 0.0393594 0.0930791 0.0387368 -0.0723186 0.0379809 -0.0263349 -0.0325183 -0.0381727 -0.0387126 -0.0954609 0.0597547 0.0775226 0.0977422 -0.098993 0.00733312 0.0774862 -0.0696596 0.0322862 0.0384903 -0.0267071 -0.055814 -0.0662418 -0.0482529 -0.0453595 0.0560264 0.0344089 0 0.0975253 -0.0372006 0.0937722 -0.0524527 0.0270499 0.0824833 -0.0977102 -0.0503201 0.0647888 -0.0145817 -0.0200613 -0.0988782 0.0193669 0.045691 0.0796028 -0.0875276 -0.0391449 -0.0395341 0.079371 -0.0955154 -0.0898416 0.00113536 0.0564798 0.00928086 -0.00917267 -0.0669573 
0.0332094 0.0910941 -0.0253358 0.0115977 -0.0896558 -0.0991685 0.0055342 0.052708 0.023934 0.0961698 0.0446779 0.0673406 0.0423006 -0.0514688 0.0809339 -0.00725426 -0.00939963 0.0509741 -0.0376068 -0.0645436 0.0840096 -0.048187 -0.0924444 0.00847295 -0.069531 0.082432 0.0671298 0.0583563 -0.00435515 -0.0027812 -0.01137 -0.00598691 -0.0222808 0.0814654 0.0662691 0.0686991 -0.0859743 -0.00888781 -0.00951907 0.0711186 0.0829791 0.00934856 -0.0118992 0.0878517 -0.0906641 0.0988754 -0.0693829 0.0666665 0.0278256 -0.0975253 0 0.0779211 0.0532378 -0.0788997 0.0768538 0.0233397 0.0217031 -0.0231169 -0.0831674 -0.0237243 0.0906002 0.0339524 -0.0342714 -0.038873 -0.0142567 0.0810135 -0.0324935 -0.0884551 -0.0861933 0.000729834 0.0306132 0.0501131 -0.0721483 0.0818928 0.0305529 -0.0251876 
-0.0915709 0.0938351 0.0738856 -0.0153616 0.041769 -0.0985524 -0.00473502 0.0621463 0.075909 0.0537479 0.0428082 0.0715803 -0.0556419 0.0503201 0.0721046 0.0794779 0.00600112 -0.0455265 -0.0646432 0.0179039 0.0987087 0.0601235 -0.0592977 -0.0528893 0.0119864 0.0727531 0.0966748 -0.0951748 0.0836952 0.0501622 0.0764524 -0.0897292 -0.02862 0.0982248 0.0186069 0.0204035 -0.0480958 -0.0648707 -0.0333473 -0.00078727 -0.0474757 0.0453802 0.0336989 0.0529959 0.049709 0.0377702 -0.0381405 -0.0396581 -0.0902266 0.0372006 -0.0779211 0 -0.0808877 0.0853695 0.0438736 -0.0431655 0.0633202 0.0793777 0.0964889 -0.0818833 -0.0835641 -0.0646521 -0.0133528 0.0682143 -0.0886697 0.0618187 0.0868078 -0.0133675 0.099307 -0.0343913 0.0251894 -0.0968971 0.0178051 -0.0406334 0.0722987 0.0376 
-0.091291 -0.0260124 -0.00140466 -0.0342089 0.0222768 0.067728 -0.0234625 0.0342522 -0.0637728 0.0510162 0.0251336 0.00554885 0.0791048 -0.0172088 -0.0172334 -0.0171186 0.0267642 -0.0269685 0.0443594 0.055601 -0.0277291 -0.0624856 0.0925984 -0.0481823 0.0999674 -0.00751397 0.0979542 0.0267601 0.0977451 0.0607984 0.0998793 0.0943727 0.0773038 -0.0451694 -0.0761776 7.09201e-05 -0.0211716 -0.0543339 -0.031126 -0.0114354 0.0640246 0.0128967 -0.0469362 0.0941456 0.0441098 -0.0229447 0.093968 0.0114268 0.0444171 -0.0937722 -0.0532378 0.0808877 0 0.0748957 -0.0572013 -0.0251763 0.00281688 -0.0950258 -0.0393354 0.0356822 0.0382369 -0.0772863 -0.000112306 0.069535 -0.0369163 -0.0265772 0.0184268 -0.0536955 0.00847649 0.0193415 -0.0670599 0.0374089 0.0862871 0.0080603 -0.0803303 -0.0793669 
-0.0681884 0.017462 -0.0894651 -0.00148577 0.0834575 -0.0270417 0.00215753 0.0884821 -0.0939547 -0.0901582 -0.0287662 0.0817557 -0.00171594 0.0343389 0.0958034 0.0865064 0.0950554 0.059233 0.0411451 -0.0127891 -0.063766 -0.0869431 -0.0134902 0.0248544 0.0976011 0.0489962 0.0396515 -0.0663045 -0.0109029 -0.0400632 0.059997 -0.0393207 -0.0285212 0.0199638 0.00472146 0.0728958 -0.0617208 0.0473182 -0.0426675 -0.0444621 0.0475699 0.00276931 -0.00386663 -0.0855262 0.0530932 -0.0271977 -0.0805734 -0.00255586 0.00215344 0.0524527 0.0788997 -0.0853695 -0.0748957 0 -0.0162863 -0.00242598 0.0414717 -0.0934202 -0.00898734 0.097634 0.0297848 -0.0664179 0.0348353 -0.0859526 -0.0191833 0.0706788 0.00909327 0.0857457 0.0571912 0.0996497 0.0523919 -0.0370517 0.00536404 -0.0830812 0.0285285 -0.0681496 
-0.0819165 -0.0497913 -0.0537493 -0.0570501 0.00701108 -0.0742542 -0.0306056 0.0106004 0.0231133 0.00904229 -0.0889574 -0.0458557 -0.0525208 0.0910683 0.0244586 0.0283789 0.0991289 -0.0765111 0.0319729 -0.0930926 0.0539559 -0.0644063 -0.0595554 0.0821783 0.0812641 0.0343034 -0.075924 -0.0442682 0.0156354 -0.0579976 -0.0239137 0.0431417 -0.0323629 -0.0959065 0.0130895 -0.0609323 -0.00745331 0.0195719 -0.0938817 0.0256244 -0.0165262 0.0889846 0.0725816 -0.0965132 -0.0772946 -0.0156564 -0.0818772 0.0280971 0.0103438 -0.0270499 -0.0768538 -0.0438736 0.0572013 0.0162863 0 0.00988724 -0.0143797 -0.0244028 -0.045299 0.0436395 0.05631 -0.084953 0.0774238 -0.010516 0.0520512 -0.0393837 -0.0991173 0.0726948 -0.0499997 -0.0358566 -0.00706301 -0.0176351 -0.0456446 0.0651472 0.00526126 -0.00659649 
0.0174594 -0.0377974 0.0602192 0.0313953 0.0403435 0.0657881 0.0443673 -0.0317463 -0.00390254 -0.0392366 -0.021172 -0.0140841 -0.035511 -0.0972563 -0.098648 -0.0586064 0.0138559 0.0416814 0.0176065 -0.0569538 -0.0961689 -0.0986669 -0.0910707 0.076735 0.08057 0.0185473 0.0870834 0.0985923 0.0693081 -0.0552908 0.02458 0.092821 0.0718519 -0.0603761 0.063161 -0.0678298 0.088949 -0.079242 -0.090598 -0.0459427 -0.0433293 -0.0560814 0.0679477 -0.0560344 0.0264418 -0.0321554 -0.0736348 -0.0595789 -0.00134238 -0.0824833 -0.0233397 0.0431655 0.0251763 0.00242598 -0.00988724 0 0.0781278 0.0906932 0.0372026 -0.0108807 0.0303451 0.0368432 0.00287275 0.09863 0.0925374 0.0792283 -0.0235515 -0.00555855 0.0758413 -0.0591444 0.0632942 0.0391228 -0.027806 -0.0465407 -0.00169909 0.0796141 
0.0337194 -0.0137568 0.00814537 0.0908605 -0.0542654 0.0643388 0.0934248 0.081895 0.0737558 -0.0439773 0.0756683 0.0898276 -0.0282542 -0.0575824 -0.0764628 -0.0566971 -0.0875613 -0.0523866 0.0730054 0.0497786 0.0269689 -0.093876 -0.0113512 0.0179388 0.0978052 -0.0968728 0.0707967 -0.0332498 -0.0831917 -0.0744851 -0.00219162 -0.0893016 0.0162666 0.0243825 -0.070349 -0.0274889 0.0457134 0.0559781 -0.0106549 -0.0099846 0.0879961 0.091247 0.0512616 0.098634 -0.0392051 0.0680152 0.0338117 0.0173219 0.0212083 0.0977102 -0.0217031 -0.0633202 -0.00281688 -0.0414717 0.0143797 -0.0781278 0 -0.0813932 0.0406807 0.0899744 0.0575614 0.0262607 -0.0416556 -0.0608061 0.0472196 -0.0915282 -0.0108015 -0.00610115 0.0756642 -0.0921795 0.00679844 -0.0359017 -0.0760669 0.0845834 0.0742316 -0.0128177 
0.0966459 -0.0692978 -0.0858175 -0.0141026 0.0908758 -0.0797325 -0.0516859 0.0616279 -0.0106008 -0.0354316 0.0452816 0.0992035 0.0656144 -0.0659436 -0.0717413 -0.0432356 0.0031758 -0.0702655 -0.0723486 0.0416428 0.0240006 0.0449266 0.0639128 -0.0966785 -0.0775434 0.0730592 0.0430365 -0.0594851 0.00199235 0.0311865 -0.0694777 -0.0667798 0.0406158 -0.0388914 -0.0706959 -0.0659258 0.0233302 0.0917392 0.0958964 -0.0922685 0.06953 0.0162504 0.0423827 -0.0407426 0.0437217 -0.0699845 0.0278849 0.0947215 -0.0171973 0.0503201 0.0231169 -0.0793777 0.0950258 0.0934202 0.0244028 -0.0906932 0.0813932 0 0.0859662 0.0536451 -0.0650579 0.0842362 0.0467286 -0.00777289 -0.0615636 0.0327943 -0.0432622 0.0574375 0.00786084 0.0704257 0.0577923 -0.0628317 -0.0869443 -0.0529021 -0.00298933 -0.0880236 
0.0846461 0.00610715 0.0276014 0.0549136 -0.0501579 0.0858406 -0.0833291 -0.0353482 0.00154889 -0.0645475 0.065357 0.0348558 0.0623065 0.0651462 -0.0443653 -0.0781087 -0.0567913 -0.0534812 0.0520004 -0.0239679 -0.046084 0.0803703 -0.0276085 -0.00430228 -0.0423702 0.0916798 -0.09093 -0.0792758 0.0974132 0.0976054 -0.0443383 0.0201111 -0.0204695 -0.0900005 0.0948573 0.0945674 -0.099512 0.0393581 -0.0249649 0.0716248 -0.0113152 -0.0372383 -0.0389928 0.0144462 0.0787941 0.0354932 -0.0999643 0.0935828 -0.0456863 -0.0647888 0.0831674 -0.0964889 0.0393354 0.00898734 0.045299 -0.0372026 -0.0406807 -0.0859662 0 -0.094934 -0.043815 0.088441 0.0618393 0.09449 -0.0682792 -0.0164091 0.0959522 -0.014783 0.0132997 0.071427 -0.0527421 -0.0684982 0.0825273 -0.0956372 -0.0624192 0.0143278 
-0.0128911 -0.0805846 0.0384448 -0.0949789 -0.0867042 -0.0767748 -0.0684818 0.0995002 0.00839278 0.0277576 -0.0634461 -0.0169017 -0.0405944 -0.0797058 -0.0501398 0.0936793 0.0727228 -0.0663743 0.0622257 0.0681947 0.0313304 0.0769145 -0.0158639 0.0802173 -0.0915937 -0.0530555 -0.0548899 0.0751124 -0.0871772 0.0737923 0.0557864 0.0935944 0.0383153 0.0237987 -0.0740314 -0.0434363 -0.0636467 0.0628138 -0.0459886 0.0282932 -0.0298771 0.0635885 0.0388085 -0.0104238 0.0508089 -0.0457688 0.0558777 -0.00626803 -0.0387118 0.0145817 0.0237243 0.0818833 -0.0356822 -0.097634 -0.0436395 0.0108807 -0.0899744 -0.0536451 0.094934 0 -0.0169053 0.0235847 0.0416649 -0.0420816 0.0525631 -0.0438342 0.0986969 0.0859484 -0.0189805 0.0216159 -0.0544125 -0.0779705 -0.084903 -0.0216705 0.0477279 -0.044909 
-0.0574969 0.0922176 -0.0964191 0.0259967 0.078788 -0.0744587 -0.0258843 -0.0130531 0.00562943 0.045962 0.0396522 -0.0775281 0.0553222 -0.0902178 0.0229375 0.0676149 0.0737615 0.0869919 -0.0174983 0.0845164 -0.05947 -0.0413563 -0.01605 0.0687964 0.0989115 0.0379673 -0.078207 -0.0117073 0.012888 0.0585584 -0.0374641 -0.0465456 -0.0895503 -0.0937792 0.0694254 0.0824525 -0.0908484 -0.0983665 -0.015574 0.0867611 -0.0551658 0.0805426 -0.055811 -0.0659814 -0.0508081 0.0119199 -0.0707567 -0.0766527 0.0841957 0.0200613 -0.0906002 0.0835641 -0.0382369 -0.0297848 -0.05631 -0.0303451 -0.0575614 0.0650579 0.043815 0.0169053 0 0.0820163 -0.0410188 -0.0720109 0.0113185 0.0882177 -0.0531284 0.0708472 0.00797473 0.0229003 -0.0528718 0.0623362 0.0219315 -0.0755675 -0.0908451 0.0967966 
0.0314709 -0.0961197 0.0283835 -0.0652606 0.066202 -0.0514062 0.0828314 0.0620629 0.00344482 -0.0285209 0.0838266 0.0901435 0.00454594 0.0505596 -0.00895187 -0.0161675 -0.031037 -0.0740101 -0.0280873 0.0896599 0.0677138 0.00768445 0.0762077 -0.0252444 0.0292065 -0.00277593 0.0306606 -0.0487349 -0.075798 -0.0610089 -0.0747175 -0.0136145 -0.00965762 0.0766539 0.0420736 -0.0846254 -0.0289513 0.0696068 0.0836189 0.0719167 -0.0618607 -0.0205442 0.0871353 0.0609276 0.0129867 0.0835368 -0.0506173 -0.0548536 0.0909766 0.0988782 -0.0339524 0.0646521 0.0772863 0.0664179 0.084953 -0.0368432 -0.0262607 -0.0842362 -0.088441 -0.0235847 -0.0820163 0 0.0159966 0.0585024 -0.0234573 -0.0930068 -0.0288505 -0.0500959 0.0614645 0.0315735 -0.0903028 0.0299824 0.0802052 -0.0905271 0.0466817 -0.0168445 
-0.06285 -0.0955637 -0.0535386 0.0680987 -0.0379283 0.0839543 -0.0669051 0.057263 0.0403395 0.0972437 -0.0889626 -0.0556072 0.0708625 0.0825309 -0.00462616 0.0758108 -0.0213913 -0.0469951 -0.0827555 -0.0852653 -0.0437268 -0.000587342 -0.0136889 0.00297688 -0.0863495 -0.0940255 -0.0313158 -0.0744949 0.0159854 0.0823898 -0.0437384 -0.0578824 -0.000446144 -0.0648838 -0.0786832 0.0747443 0.0410338 0.0728045 0.0512623 0.0634028 -0.0954994 -0.0234616 0.0922522 0.0840526 0.0158079 0.0711033 -0.0939981 -0.0160111 -0.0170683 -0.0193669 0.0342714 0.0133528 0.000112306 -0.0348353 -0.0774238 -0.00287275 0.0416556 -0.0467286 -0.0618393 -0.0416649 0.0410188 -0.0159966 0 -0.0990815 0.0590582 0.0175215 0.0283831 -0.0510567 -0.0706978 -0.00517418 0.0852313 0.064971 -0.0539866 -0.0661737 -0.0574021 0.051701 
-0.0516596 -0.0281602 -0.0724337 -0.0174238 0.0955796 -0.067374 -0.0967025 -0.0223297 -0.000550817 0.052322 -0.0985172 0.067498 0.0853062 -0.0183151 0.0318553 0.0652346 0.0447539 0.0558927 0.0123552 0.0985366 0.0344681 0.0362326 -0.0848561 -0.0410401 -0.0776311 -0.053533 0.0526203 -0.0265688 -0.0509579 0.0687364 0.00652132 0.00106181 -0.0607414 -0.0248227 0.0697878 -0.0519248 -0.0904619 0.0785031 0.0105614 0.0286635 -0.0606551 0.0113413 0.0633053 0.0536304 0.0400241 -0.0792683 0.0423344 0.0108872 -0.0270696 -0.045691 0.038873 -0.0682143 -0.069535 0.0859526 0.010516 -0.09863 0.0608061 0.00777289 -0.09449 0.0420816 0.0720109 -0.0585024 0.0990815 0 0.0924509 0.0597183 -0.0517388 -0.0695144 0.0630803 -0.0340157 -0.0442054 0.00644771 -0.0770567 -0.0215646 0.0834744 0.0224243 
-0.0380094 0.0301098 0.068318 0.0147634 -0.0259366 0.00791928 0.0218343 0.0716465 0.0107448 0.0757011 0.0370091 0.0350773 -0.0606407 -0.0412767 0.038793 0.00199825 0.0156968 0.0581959 0.0242857 0.0169411 -0.0950798 0.0187419 0.0192432 0.0264933 0.090289 0.0133994 -0.073171 -0.0356163 -0.00935992 -0.0809762 0.0798592 -0.068655 0.038789 0.0229094 0.0873846 0.0336814 0.0604584 -0.061499 0.0250642 0.0914305 0.084198 0.0989399 -0.0244092 -0.0743348 0.0669112 -0.0969206 -0.0577909 -0.0709086 0.0889468 -0.0796028 0.0142567 0.0886697 0.0369163 0.0191833 -0.0520512 -0.0925374 -0.0472196 0.0615636 0.0682792 -0.0525631 -0.0113185 0.0234573 -0.0590582 -0.0924509 0 -0.0584947 -0.0799403 0.0190718 0.0279029 -0.0664948 0.0908998 -0.0755176 -0.00450277 0.0458151 0.073377 0.0919412 
0.0404675 0.0989463 0.0701549 -0.0846457 0.0615702 0.0365092 -0.0633461 -0.0931546 0.0321782 0.0625305 0.0912365 -0.0751246 0.0559504 0.00914003 0.0429649 -0.0849609 0.0819651 0.0353923 0.0391181 -0.0870479 -0.0157526 0.0259591 0.052772 0.0356156 0.0520686 0.00531014 0.0938115 -0.0314215 -0.0754091 0.0152101 0.0739602 -0.0560137 0.00968856 0.00199035 -0.0557605 0.00550846 -0.0182893 0.0471913 0.0269049 -0.0755853 0.0796524 0.0132848 -0.0113881 -0.0637383 -0.0887697 -0.0867007 -0.0544291 -0.0890349 -0.0899477 0.0875276 -0.0810135 -0.0618187 0.0265772 -0.0706788 0.0393837 -0.0792283 0.0915282 -0.0327943 0.0164091 0.0438342 -0.0882177 0.0930068 -0.0175215 -0.0597183 0.0584947 0 -0.0614387 -0.0153857 0.0653401 -0.0521122 0.0395249 0.0181689 0.0315443 0.0551026 0.034524 -0.0914798 
0.0482891 -0.0762715 -0.0205029 -0.0863346 -0.0241107 -0.0658419 -0.0255481 -0.0354252 0.0536103 0.0893424 0.0149044 0.0552518 -0.0622183 -0.0190395 0.011242 -0.0753887 0.0538008 0.0986548 -0.00197958 -0.0915751 -0.0227254 -0.039033 0.041268 -0.0391849 0.0180486 0.0697207 -0.0879779 0.0539404 -0.0538596 0.0522264 -0.0855197 -0.0863189 -0.0602996 0.0962465 -0.057313 0.0639006 0.0891909 0.0760578 0.0416453 -0.066744 -0.0506323 0.0651548 -0.0910061 -0.0451366 -0.0753192 0.0556378 -0.0741058 -0.0639495 0.0638921 0.0391449 0.0324935 -0.0868078 -0.0184268 -0.00909327 0.0991173 0.0235515 0.0108015 0.0432622 -0.0959522 -0.0986969 0.0531284 0.0288505 -0.0283831 0.0517388 0.0799403 0.0614387 0 0.0244864 -0.0835597 -0.0929552 0.0410727 -0.0493853 0.09417 -0.01348 0.0829329 0.0544818 
-0.0386314 0.0287273 0.0654645 0.060277 0.079398 -0.00578656 0.061357 -0.0701576 -0.025584 -0.0535107 -0.0356928 0.0344422 0.0688785 0.0900342 0.0182674 -0.0579481 -0.0701061 0.0758471 -0.0359848 -0.014001 -0.0526818 0.0219929 0.0357914 -0.090453 -0.0795071 -0.0716631 -0.0909261 0.0225455 0.0803489 0.00612664 -0.0991892 -0.0106948 -0.0503826 0.0852634 0.0418545 -0.0275812 0.018804 0.0664581 -0.0912326 0.0342266 -0.0894613 0.0616674 -0.0220929 -0.0950955 0.0278038 0.0406773 -0.0190688 -0.0846499 -0.0288159 0.0395341 0.0884551 0.0133675 0.0536955 -0.0857457 -0.0726948 0.00555855 0.00610115 -0.0574375 0.014783 -0.0859484 -0.0708472 0.0500959 0.0510567 0.0695144 -0.0190718 0.0153857 -0.0244864 0 -0.0827983 0.0581136 0.0119867 -0.0237157 -0.0429667 0.0934186 -0.0436519 -0.0616034 
-0.0109284 0.0381449 0.0819204 -0.0617347 -0.00521728 -0.0732658 -0.0630525 0.0945377 -0.0810904 -0.0863327 0.069245 -0.0154289 0.075635 -0.0126236 0.0266706 -0.0311433 0.025372 -0.0736781 -0.0785487 -0.0765916 -0.0131468 -0.0300807 0.036398 0.0483013 -0.013733 -0.0605047 0.0280729 -0.0476813 -0.0450744 0.0208055 0.0969315 -0.0258648 -0.0472811 0.0889126 -0.0500657 0.0418919 0.0974931 -0.0468879 -0.0713657 0.0622845 -0.0317358 0.0544094 0.0194046 0.0374838 -0.0654758 -0.0510263 -0.0470588 0.0584709 0.0905419 -0.079371 0.0861933 -0.099307 -0.00847649 -0.0571912 0.0499997 -0.0758413 -0.0756642 -0.00786084 -0.0132997 0.0189805 -0.00797473 -0.0614645 0.0706978 -0.0630803 -0.0279029 -0.0653401 0.0835597 0.0827983 0 0.0826763 -0.0435352 -0.0969324 0.000431089 -0.0309551 0.0825605 -0.0460546 
-0.073314 0.0358161 -0.0949367 0.0373821 0.0574009 0.0404842 0.0736571 0.0258622 -0.0715781 0.0465249 -0.0101682 0.0497369 -0.0704962 0.0705482 -0.0302196 -0.0873153 -0.0433948 0.0134641 -0.0543001 0.0706995 0.0415518 0.0700582 -0.0266869 -0.0932325 0.0101686 -0.0585357 -0.0629136 0.0603016 0.0527093 -0.0730118 0.0580525 -0.072501 -0.0558383 0.0306049 -0.0340574 0.0103478 -0.00774195 0.0746178 -0.0746129 -0.0661113 -0.0569994 -0.00502639 -0.0802971 0.0139972 0.0171221 -0.0455245 -0.0400691 0.0539175 -0.0380429 0.0955154 -0.000729834 0.0343913 -0.0193415 -0.0996497 0.0358566 0.0591444 0.0921795 -0.0704257 -0.071427 -0.0216159 -0.0229003 -0.0315735 0.00517418 0.0340157 0.0664948 0.0521122 0.0929552 -0.0581136 -0.0826763 0 -0.0521337 -0.0474951 0.0637942 -0.0405815 -0.00999531 0.0597796 
0.0393077 0.00331433 -0.011274 -0.0515538 0.0273529 -0.09248 0.0954115 0.0900259 0.0218069 -0.0833382 -0.0669482 -0.0338333 -0.0871063 -0.0146488 -0.0559757 0.0408076 0.0757435 -0.0473918 0.0275992 0.033079 0.0154292 -0.0397144 0.0725819 0.0829463 0.0545835 0.0481553 0.0550545 0.0980027 -0.00799384 0.0549553 0.0638004 -0.00387935 0.0903164 0.0483624 -0.0270311 0.0548279 0.0681 -0.0206937 0.0619915 -0.0674249 0.0128606 -0.0606173 -0.0323403 -0.0732486 0.0115594 -0.0437528 0.0104038 0.0504136 0.0502503 0.0898416 -0.0306132 -0.0251894 0.0670599 -0.0523919 0.00706301 -0.0632942 -0.00679844 -0.0577923 0.0527421 0.0544125 0.0528718 0.0903028 -0.0852313 0.0442054 -0.0908998 -0.0395249 -0.0410727 -0.0119867 0.0435352 0.0521337 0 -0.0565656 -0.0692794 0.0751765 0.0751428 0.0930713 
0.0859422 0.0977329 0.0239767 0.0670368 -0.0562802 0.0738565 -0.0556542 -0.0381627 0.0525811 0.0319079 -0.00776646 0.0879703 -0.0679254 -0.0803596 0.0282999 0.039088 -0.0770271 0.0477314 0.0833114 0.0113116 0.0943353 0.0259595 0.0748985 0.0926583 0.0461766 -0.00302335 -0.0543674 0.0702834 -0.0557643 0.077563 -0.0746168 -0.0934909 -0.0697766 0.0582999 -0.0876128 -0.0053795 0.0839835 0.0473327 0.0420721 -0.063177 0.0713937 -0.0403433 -0.03908 0.0316155 0.0767704 -0.072774 0.0205943 -0.0840609 0.00901959 -0.00113536 -0.0501131 0.0968971 -0.0374089 0.0370517 0.0176351 -0.0391228 0.0359017 0.0628317 0.0684982 0.0779705 -0.0623362 -0.0299824 -0.064971 -0.00644771 0.0755176 -0.0181689 0.0493853 0.0237157 0.0969324 0.0474951 0.0565656 0 0.0513667 -0.0325296 0.0152372 0.0387136 
-0.090051 -0.0474118 -0.00847498 -0.0942367 0.0926816 -0.0574531 -0.0636699 0.0349701 -0.00370634 -0.0358024 0.0142155 7.85317e-05 0.0543083 -0.000433874 -0.0919886 -0.0333286 -0.067263 -0.0991626 -0.0697606 0.00905864 -0.00149749 0.03162 0.0646534 -0.0659948 -0.0626679 0.0211358 0.0446112 0.0625453 -0.0143538 0.00388343 -0.0739016 -0.00282908 -0.0581299 -0.0118216 0.00659129 -0.0247221 -0.0366972 0.0677788 -0.0939515 -0.091812 -0.0474894 -0.0820915 0.0632365 0.0633797 -0.0583824 -0.0537738 0.0636598 0.0340812 -0.0992543 -0.0564798 0.0721483 -0.0178051 -0.0862871 -0.00536404 0.0456446 0.027806 0.0760669 0.0869443 -0.0825273 0.084903 -0.0219315 -0.0802052 0.0539866 0.0770567 0.00450277 -0.0315443 -0.09417 0.0429667 -0.000431089 -0.0637942 0.0692794 -0.0513667 0 -0.0523951 -0.0841351 0.0750066 
0.0346936 0.0964035 -0.0157063 0.024043 -0.067331 0.0966285 -0.092966 0.0715856 -0.0424652 -0.0794109 0.0540939 0.0161218 0.0557768 0.046051 0.0521297 0.0486728 0.0667335 0.0322876 0.0848636 -0.0323967 0.00936665 0.0436751 -0.0164619 -0.0841367 0.0152507 0.0314482 -0.0288942 0.0127898 0.0804705 -0.0314701 -0.00360782 0.0362714 -0.0304295 -0.0847916 0.0414887 0.0618061 -0.0515739 0.0253233 -0.0574651 -0.0838509 -0.0892557 0.092291 0.00518115 -0.0828627 -0.0609072 -0.0610615 0.0697752 -0.0328978 -0.0128192 -0.00928086 -0.0818928 0.0406334 -0.0080603 0.0830812 -0.0651472 0.0465407 -0.0845834 0.0529021 0.0956372 0.0216705 0.0755675 0.0905271 0.0661737 0.0215646 -0.0458151 -0.0551026 0.01348 -0.0934186 0.0309551 0.0405815 -0.0751765 0.0325296 0.0523951 0 0.044128 0.00423335 
-0.0431569 -0.00809979 0.0555446 -0.0506629 0.0884181 0.0591311 -0.00176649 -0.0784361 -0.0699793 0.0107227 0.088769 0.0874705 0.0525694 0.0365449 -0.024678 0.0861423 0.0142903 0.0885933 0.0265436 -0.00876267 -0.0664001 -0.0726754 -0.0529644 0.00352871 0.00443107 0.0719575 0.0379962 -0.00732484 0.0448494 0.0115126 -0.0916276 -0.0494895 -0.0295423 -0.0990069 -0.0682899 0.0941953 -0.0981343 -0.0703057 0.0166387 0.0254719 -0.0339369 0.0668933 0.0709466 0.0115684 -0.0426003 -0.0707216 0.0410098 -0.0520984 -0.0546079 0.00917267 -0.0305529 -0.0722987 0.0803303 -0.0285285 -0.00526126 0.00169909 -0.0742316 0.00298933 0.0624192 -0.0477279 0.0908451 -0.0466817 0.0574021 -0.0834744 -0.073377 -0.034524 -0.0829329 0.0436519 -0.0825605 0.00999531 -0.0751428 -0.0152372 0.0841351 -0.044128 0 0.0938817 
-0.0373672 0.0918471 -0.0804613 -0.0383171 0.0523831 0.0559923 0.0120495 0.0175674 -0.0718367 0.03008 0.0036332 0.0188195 0.0349851 -0.0451179 -0.0904069 -0.0621363 -0.0667948 -0.0682911 0.0190881 -0.0729506 -0.0943231 0.0774262 -0.0101445 -0.0937028 -0.0775773 0.0899083 0.026096 0.022314 0.0712739 -0.0235469 0.0331437 -0.0926204 -0.0157622 -0.0293518 -0.0208367 0.0422289 -0.0718953 -0.0320722 0.0205816 0.00102804 -0.0171672 -0.0559279 -0.0133183 -0.023593 -0.0171558 0.0743354 0.0934428 -0.0834348 -0.0322172 0.0669573 0.0251876 -0.0376 0.0793669 0.0681496 0.00659649 -0.0796141 0.0128177 0.0880236 -0.0143278 0.044909 -0.0967966 0.0168445 -0.051701 -0.0224243 -0.0919412 0.0914798 -0.0544818 0.0616034 0.0460546 -0.0597796 -0.0930713 -0.0387136 -0.0750066 -0.00423335 -0.0938817 0 
