75

16000 4500

30 55 80

9

0 68530 58920 42960 59050 45350 59740 32300 27230 36460 17830 77290 45020 19320 51300 73080 60400 50330 54420 35520 70700 65110 95680 35590 79150 32690 98590 67180 94660 69570 28971 25330 77330 20450 44110 27360 58911 78200 65560 94450 68740 62610 91670 61981 58440 65610 29750 17750 29160 96620 17300 19900 9690 42110 84260 38050 24010 24190 26350 47280 46310 70830 23420 50710 12120 66670 96040 40170 35250 69690 33460 27040 40930 30790 30990 70730 
68580 0 9950 98250 92470 23450 12800 92640 95510 101580 86110 88110 111850 80540 24610 119611 31860 48750 117840 42450 125720 121380 79480 90880 148960 76930 39920 88360 32880 129210 44120 72490 24530 85860 43660 88170 19730 42640 119770 109980 97510 46840 23880 22630 114450 8640 49150 55360 86900 41110 85620 55230 67600 64440 50120 93340 49640 92470 54630 103260 63840 73180 79060 111320 80220 72290 43720 98270 46730 2920 96970 94260 87310 98010 99270 140400 
58950 9930 0 88620 88370 13820 5540 83010 85880 91950 76480 86750 102030 70910 18060 109981 31130 43760 108210 35390 116090 111750 79420 81250 139140 67300 46590 85690 40070 119580 34490 62860 28160 76230 37810 78540 16310 44970 110140 108620 94650 44430 33540 22570 104820 11320 40460 45730 77270 47560 75990 45600 57970 58370 53650 83710 40010 82840 45370 93630 57770 71460 69430 101690 70590 67300 49930 88640 40660 11090 87340 84630 77680 88380 89640 130280 
42480 98450 88840 0 41470 76990 89790 10920 45510 24830 42180 67311 48920 27890 86460 41100 99401 89711 29540 74521 29760 24600 135061 12350 70790 28130 121850 54611 117920 32430 67111 29050 112580 23770 83681 16250 94180 99610 23810 75070 51160 101691 121590 100121 17670 97710 68891 44580 16010 118520 42970 43390 35520 83980 123471 5680 50080 48870 67810 5530 88060 112290 21190 16000 49590 108130 117940 4620 74391 99610 20860 49210 20320 48860 41850 61470 
59020 92550 87760 41400 0 78940 91740 46930 76040 61870 67280 27750 86870 51150 89910 39680 108110 104620 69380 88190 57010 58040 150360 38220 108740 28100 96720 15050 96650 68350 80380 35130 114530 53540 97940 50230 96130 71180 52800 37770 10790 115950 103730 102590 55190 97790 83460 51080 47230 91620 67160 46030 50100 99640 132670 38500 52030 73970 83470 43760 103720 127790 45450 54740 70550 123630 89020 42300 89730 94980 57380 76820 27700 80160 74080 99420 
45360 23400 13790 76880 78980 0 14720 71270 72290 79810 62890 87510 88440 57380 11470 98241 29670 37030 96470 22570 104350 100010 76580 69510 123860 55560 58060 80320 51540 107840 20900 51120 36090 63800 29460 66800 17690 55780 98400 109290 86970 39220 46540 24150 93080 22640 26870 33990 65530 59030 62400 33860 44150 46410 54230 71970 28270 69250 31780 81890 46770 65260 57690 89950 57000 61100 61400 76900 27630 24560 75600 71040 65940 74790 76050 115910 
59730 12840 5530 89650 91750 14710 0 84040 86660 92980 77260 91330 102300 71940 14020 111011 26000 39060 109240 32140 117120 112780 74290 82280 139410 68330 51170 90210 44650 120610 33950 63890 24060 77260 33970 79570 11180 49550 111170 113200 99170 39730 36310 17640 105850 7980 38840 46760 78300 52140 76770 46630 58860 54480 49550 84740 41040 83300 44320 94660 53880 66760 70460 102720 70860 62600 54510 89670 36770 11890 88370 84900 78710 88650 90420 131060 
32260 92660 83050 10910 47030 71200 84000 0 36040 15580 31460 71371 41390 18840 79890 47470 92250 81770 26510 66960 38600 33270 128070 13870 64350 30880 116100 58671 112170 37910 60901 23490 106790 13050 75550 5530 88080 94350 33460 80630 56720 94460 115800 93750 26340 91920 61190 38790 6820 112770 32250 37600 29340 73550 116630 8430 44290 38150 57790 15180 77750 102270 14310 19050 38870 98110 112190 8070 66690 93820 10650 39760 25760 39610 32600 55030 
27350 95650 86040 45530 76500 72470 86850 36110 0 20780 10900 96690 18740 32180 75220 80570 80360 67810 34450 57050 68240 58590 109660 43520 53670 50140 125610 86261 121680 58360 52930 41930 97530 23560 62770 30690 82730 105220 63680 111900 86190 80090 119200 83570 53400 90360 50310 44710 33490 123640 12830 46860 31900 48040 102610 43520 51030 4400 44430 48530 54170 79550 30800 45810 19400 75160 123060 42700 53910 96610 26180 4860 52730 7950 4940 45250 
36410 101490 91880 24800 62010 79880 92830 15540 20720 0 26430 86351 26860 25690 86490 62450 96400 85920 18810 71110 48590 39470 130080 28850 50020 42370 125370 73651 121440 39240 65051 34160 113640 16220 79700 14940 94680 103320 43900 95610 71700 98610 124630 98061 34260 100750 65340 47620 20040 122040 30260 46430 36110 67970 120780 23410 53120 24860 61940 27800 74100 99480 23030 25420 36920 95090 121460 21970 70840 102650 5450 24420 40640 24070 17060 40700 
17850 86150 76540 42150 67200 62970 77360 31440 10570 26070 0 86830 28090 22250 68920 75660 75060 62510 40400 51750 69840 63880 107860 37290 61790 40840 116110 76720 112180 63650 46701 33480 91990 18970 57470 26500 76641 95720 64700 102600 76890 74790 109700 78270 57580 83230 45010 35210 28580 114140 4300 37360 22400 48240 97070 38610 41530 7190 39130 46420 54370 81410 24000 49850 10960 77250 113560 39310 48610 87310 28930 10040 45930 13790 13630 53370 
77130 88040 86630 66901 27530 87430 91230 71521 96270 86461 86540 0 111300 72960 98840 62970 115920 116760 94101 100330 79430 84670 162500 60681 133421 50440 85380 13630 86760 94980 92520 57631 112070 76041 110080 73261 101560 60100 79430 22350 21820 126590 94230 106800 81820 94710 97500 63130 70081 79480 86420 58080 68210 115620 137660 63101 63780 93230 98350 69990 118310 141830 67951 80970 88660 137670 75810 67021 103130 90470 81971 96080 50781 99830 96570 124101 
45050 111950 102150 48860 86860 88580 102160 41240 18930 26740 28330 111331 0 45250 90530 79980 96380 79270 27490 72360 64680 55030 114850 53771 35880 62870 142850 98631 138920 52460 68240 54660 113550 36290 77550 39841 98040 121100 60120 120460 96550 92070 135870 99590 50940 105860 65620 62410 44941 139520 30530 64030 48630 58930 115940 48710 68730 21290 59740 50870 65060 84250 43530 46520 37100 80220 138940 45900 69220 112110 31150 18810 65460 16390 15830 31700 
19280 80520 70910 27690 51090 57620 71860 18620 31950 25670 22220 72910 45220 0 64230 59290 77581 67891 43220 52701 56120 50790 113241 20320 73140 24730 103320 60851 99390 55890 45291 16530 91710 9950 61861 13680 72420 82930 50980 86490 60780 79871 102420 78070 43860 78540 47071 25750 14300 101350 22600 25950 13680 60570 101651 22780 32150 28910 44810 32700 64770 89290 6960 37030 29220 85130 100770 26490 52571 81680 22480 31760 28270 35510 30490 64360 
50351 24520 18120 86040 89940 11460 14020 79400 74570 86420 68031 98910 89820 63990 0 109201 18620 28240 104960 19520 114550 109950 66270 78590 126690 66520 62240 91280 55720 117790 22130 61550 28390 70410 21720 74460 9160 61760 108600 120250 97930 28910 47460 14080 103020 16790 26220 44490 74610 63210 65170 44820 50760 42230 43180 81050 39230 70820 31700 91340 41630 55940 66590 98770 58380 51780 65580 85980 24520 23040 83120 72420 76900 76170 78720 120610 
72650 119851 110231 40280 40130 98381 111181 47210 80370 62150 75330 63360 80710 59140 109351 0 127561 119881 53250 104691 18650 26750 165231 39030 100130 44501 135830 54280 133510 38660 97241 51531 133981 57110 113851 50510 115571 109550 21040 58730 45270 131861 139300 122041 32370 119111 99061 69751 47820 130700 76120 65471 65030 114150 152121 38780 71471 82020 97980 35960 118230 142460 52440 43100 82740 138300 128100 42580 104561 121011 57660 84100 34660 84490 78410 90760 
60250 31890 31340 99171 108220 29740 26130 92220 80280 96380 75410 116190 96240 77361 18700 127481 0 21550 114380 25100 127601 122271 50970 91801 133350 84800 71520 109560 64480 130101 32450 77440 19370 79960 20640 86870 15830 74240 122461 138060 116210 16190 53470 9410 115341 23650 32190 60430 87821 72710 70880 63100 65460 43150 26520 94261 57510 76530 37000 104181 42550 42530 79801 110670 64090 42690 75320 99191 27670 30410 93380 78130 93900 81880 84430 127270 
49900 49840 44580 89231 104141 37460 39890 81460 67410 85620 62540 116710 79770 67421 29160 119351 22530 0 101770 19250 117661 112331 46050 81861 116530 77781 89210 106700 82430 119590 24170 70421 39720 69610 8920 76520 32430 88520 112521 135670 112670 12980 72780 29880 105401 42110 21190 54580 77881 90180 58010 58950 56101 22450 35260 84321 56000 63660 24130 94241 21250 28590 69861 99880 51220 24430 92550 89251 16210 48360 82620 65240 86881 68310 71560 112320 
54430 117690 108080 29560 69220 96230 109030 26430 34450 18860 40520 93721 27900 43200 105700 52930 115661 102480 0 89130 37630 27980 141670 38250 47320 54540 141570 81021 137640 26840 83071 49420 131820 34240 97690 30580 113311 119520 33070 102820 78910 115280 140830 116381 23890 116950 83360 63820 32750 138240 44350 62630 53700 81250 139150 32100 69320 38590 78620 29280 87380 111070 38670 19470 51010 107040 137660 28540 88100 118850 22790 38150 47950 36880 30790 37950 
35460 42330 35680 74441 87720 22560 31980 67020 57100 71180 52230 100230 72350 52631 19830 103771 25200 19500 89140 0 102871 97541 64620 67071 107640 61360 79800 90220 73280 105140 8570 54000 42130 55170 12140 62080 27050 77970 97731 119190 96190 28330 65350 28410 90611 34680 7400 38100 63091 80770 47700 42470 41311 25730 49940 69531 38820 53350 12880 79451 25800 47220 55071 85430 40910 43060 83140 74461 6640 40930 68180 54950 70460 58700 61250 101560 
70450 125820 116210 29770 57010 104360 117160 38390 68010 48390 69650 79660 64940 55880 114460 18360 127391 117701 37480 102511 0 10980 163051 39760 84360 52400 146830 71160 142900 22890 95101 56620 139950 51240 111671 43720 121550 120970 6400 74420 62150 129681 148390 128010 16600 125080 96881 72160 44000 142120 70440 70760 63510 111740 151461 33670 77450 72150 95800 25450 115940 140280 49180 27330 77060 136120 139520 31290 102381 126980 45970 71710 41310 71360 64350 74990 
65320 121310 111700 24640 58770 99850 112650 33260 58720 39660 64200 85620 55650 50750 109740 26500 122261 112571 28190 97381 11200 0 157921 35210 75070 50880 145190 72920 141260 12280 89971 51910 135440 45650 106541 38590 117040 119450 6940 82560 67540 124551 144450 122991 9300 120570 91751 67440 38870 140600 64990 66250 58380 106610 146331 28540 72940 62860 90670 20920 110810 135150 44050 18090 71610 130990 138000 26160 97251 122470 39440 62420 39790 62070 55060 65700 
95840 79330 79500 136051 150180 76040 74380 129160 110260 130580 109460 162690 115060 114151 65910 166171 50880 46090 141580 64510 164481 159151 0 128681 150540 123820 111790 152680 104550 166550 69930 116400 55080 116610 54120 123520 64080 120050 159341 182700 158650 37940 89790 56940 152221 71180 67130 100340 124701 114460 104930 104710 102041 64230 29330 131141 101760 107200 70070 141061 61020 31510 116681 147610 97160 36430 116890 136071 61970 77510 130320 106440 133280 109510 114470 146950 
34990 90960 81350 12140 38780 69500 82300 13880 43480 28820 37220 61471 54160 20400 78580 39250 91911 82221 38270 67031 40100 35240 127571 0 76310 18750 112170 48771 108240 43070 59621 20150 105090 20370 76191 14260 86690 90230 34150 72410 48470 94201 112860 92420 28310 90220 61401 37090 11080 108840 38010 35900 28030 76490 115981 7230 42590 43910 60320 17150 80570 104800 13700 26640 44630 100640 108070 12160 66901 92120 23910 46760 14350 47600 41520 66990 
78800 149240 138850 71100 109100 124580 139470 64360 53220 50060 61420 133571 35880 73160 127600 100000 133690 116860 47510 107850 84700 75050 150300 76390 0 90780 174440 120871 170510 72480 103730 82570 150860 64200 114300 63960 135350 152390 80140 142700 118790 129660 173030 136900 70960 143170 101110 95010 69060 171110 64890 93900 81470 95680 153530 70950 100590 56540 95130 73110 101810 119700 71440 66540 71460 115670 170530 68140 104710 149420 54470 54060 87830 51640 49020 16300 
32480 77070 67460 28580 27790 55610 68410 30970 49780 42030 40740 50251 62550 24610 66580 43621 84780 78310 55780 61880 52010 50970 123990 18870 90441 0 92990 37551 89060 59510 54070 8590 91200 27280 71630 28300 72800 72390 46060 63190 37480 89640 94550 79260 44750 76330 56920 26760 25820 91020 40620 22700 23560 73100 109340 24780 28700 47430 56930 32580 77180 101250 19190 43080 44010 97090 90230 28700 63190 78230 37100 50280 11310 53900 47820 81121 
98680 39860 46940 121740 95690 59050 51120 116050 125420 125560 116020 84600 142970 103240 62260 135580 71150 88040 141750 79590 146570 145240 112180 112490 173090 92840 0 87170 11220 153070 79720 91690 58570 108150 82010 111850 59020 25740 140620 105520 97800 86130 22970 61920 138310 48310 85690 81600 110310 6570 115530 79800 95380 102570 82760 116830 76210 122380 90600 126540 101970 112140 101350 134980 110800 111580 11380 121760 84860 41580 120950 125230 104930 128980 128240 164310 
67030 88520 85160 54261 14890 80350 90300 58881 85901 73821 76440 13690 98671 61011 91320 53670 109520 106760 81461 90330 71000 72030 152480 48041 120781 37961 88220 0 89340 82340 82520 44991 112200 63401 100080 60621 97540 62680 66790 30410 11260 117520 96570 104000 69180 95190 87500 53130 57441 83120 76320 48080 58110 105620 134080 50461 53780 83130 88350 57351 108310 131830 55311 68331 78560 127670 80520 54381 93130 90950 69331 85980 38141 89730 83941 111461 
94760 32770 40370 117820 96530 52480 44330 112130 121500 121640 112100 85620 139050 99320 55690 133130 64060 80950 137830 73020 143420 141320 104760 108570 169170 88920 11100 88190 0 149150 73150 87770 51150 104230 75440 107930 51930 26760 137470 108170 98640 79040 15550 54830 134390 41220 79120 77680 106390 12510 111610 75880 91460 96000 75340 112910 72290 118460 84030 122620 95400 104810 97430 131060 106880 104490 17400 117840 78290 34490 117030 121310 101010 125060 124320 160390 
69260 129170 119560 32500 68750 107710 120510 37640 58240 39180 63950 95600 52780 55840 117600 38510 130121 120431 26780 103960 23210 12130 165781 43070 72200 58840 153050 82900 149120 0 97831 59770 143300 49570 112560 42530 124900 128320 18770 94570 77520 132411 152310 130841 16170 128430 98190 75300 43960 149470 67780 74110 66240 107160 154191 36400 80800 62380 94790 28780 113290 135950 51310 21990 74440 131920 146870 34020 103690 130330 40010 61940 48660 61590 54580 62830 
28511 44040 34430 67011 80510 20860 33920 60441 53230 64601 46191 93020 68480 45201 22430 96561 32310 24580 82561 8710 95441 90111 69910 59641 103770 54150 78700 83010 72180 97941 0 46790 48560 48591 17900 55501 29940 76420 90301 111980 88980 35910 67180 33010 83181 37570 6270 30890 55661 79670 43830 35260 33881 26260 57520 62101 32460 49480 11820 72021 26620 50140 47641 78851 37040 45980 82040 67031 10950 43820 61601 51080 63250 54830 57380 97690 
25000 72360 62750 28830 35030 50900 63700 23440 41660 33910 33260 57491 54430 16560 61630 50861 77520 70830 49450 54400 56010 51930 116300 20100 82321 8670 91710 44791 87780 59760 46590 0 86490 19160 64150 20180 68090 71320 50060 70430 44720 82160 93270 74550 45000 71620 49440 19330 17700 89740 33140 17290 16080 65620 103600 23920 23990 39950 49450 33840 69700 93770 11070 41990 36530 89610 89160 28850 55710 73520 28980 42800 17000 45780 39700 73001 
77021 24540 28150 112460 114560 36080 24080 106850 97650 113850 92630 111920 113610 91490 28930 133821 21090 40660 131850 42320 139930 135590 55290 105090 150720 91140 58400 112060 51160 143420 48800 86700 0 97300 37950 102220 21930 65480 133980 134470 121020 33240 36400 16260 128660 18100 49410 69570 101110 59890 88100 69440 78260 60460 25870 107550 63850 93750 54220 117470 59860 59100 93270 125530 81310 59740 62320 112480 44890 22720 110850 95350 101520 99250 101800 144640 
20520 85860 76250 23760 54040 63990 77200 13050 23520 16270 18990 76501 36290 10060 70600 57270 80100 70030 34230 55220 51450 45860 115630 20340 64210 27680 108080 63801 104150 49820 49161 19470 97210 0 63810 8050 78790 87690 46310 89440 63730 82310 107760 82171 39190 84910 49450 31990 10190 106110 19780 30800 20270 61810 104350 20220 37490 25680 46050 28030 66010 90530 8340 31460 26400 86370 105530 20920 54950 87020 13270 27250 29800 27640 21560 55430 
43990 43830 38150 83551 97710 29450 33880 75550 62750 79710 57880 110220 77780 61741 21720 113671 20720 8660 97330 12060 111981 106651 53880 76181 113420 71350 82270 100210 75750 113680 17680 63990 37650 63700 0 70610 26480 81790 106841 129180 106180 18970 66770 23930 99721 36100 15280 48090 72201 83240 53350 52460 50421 22960 40580 78641 49510 59000 19470 88561 22360 37020 64181 93970 46560 32860 85610 83420 10030 42350 76710 60600 80450 64350 66900 107860 
27160 88230 78620 16230 50200 66770 79570 5520 30710 14850 26360 73101 40221 13740 74790 50640 86740 76670 30660 61860 43920 38330 122270 14210 63721 28550 111810 60401 107880 42790 55801 20340 102360 7950 70450 0 82980 90060 38780 83800 59890 88950 110130 88630 31660 87490 56090 34360 5420 108480 27150 33170 24240 68450 111120 13590 39860 33050 52690 20500 72650 97170 9210 23930 33770 93010 107900 13390 61590 89390 9920 34440 25980 34830 28660 54401 
58151 19780 16490 94040 96290 17810 11200 87400 82370 94241 75831 101890 97620 71990 9120 115551 15720 31480 112960 27010 121660 117320 64010 86590 134730 72870 59410 97630 52370 125150 29930 68430 21670 78231 26390 82460 0 60510 115710 123760 104280 31370 42720 7360 110390 11540 34020 51300 82610 60600 72970 51170 58760 48900 39430 89050 45580 78620 39500 99200 48300 57710 74590 106770 66180 55020 63210 93980 31240 18300 91120 80220 83250 83970 86520 128650 
78330 42780 44650 98700 70210 55530 49250 94310 105070 103520 95670 59120 121230 82890 61310 108600 73870 87310 119710 77720 119590 118550 120660 90440 151050 72490 25790 61690 26910 127170 76200 71340 65980 87800 81060 90110 60020 0 113640 80990 72320 87980 38800 64640 113630 51230 82170 61250 88570 20690 95180 59450 75030 101620 91240 94790 55860 102030 86890 101620 101020 115010 81000 112600 90450 110850 18090 98820 82930 44500 98910 104880 80770 108630 106500 142270 
66210 120420 110810 24650 54290 98960 111760 34150 63770 44150 65410 81140 60700 51640 109060 20380 123151 113461 33240 98271 6000 6740 158811 34360 80120 47000 141270 68440 137340 18650 90861 51220 134550 47000 107431 39480 116150 115570 0 76440 63060 125451 142830 122610 12360 119680 92641 66760 39760 136720 66200 65360 59270 107500 147221 29430 72050 67910 91560 20050 111700 136040 44940 23090 72820 131880 134120 27050 98141 121580 41730 67470 35910 67120 60110 70750 
94210 109960 108550 74790 37770 109350 113150 80320 111230 95260 102470 22460 120260 86340 120340 58650 137840 135780 102770 119350 74320 82420 182760 72140 142130 63290 106000 30480 108580 94330 111540 70320 134500 88730 129100 83620 123480 82020 76710 0 27520 147190 116400 128720 84220 116630 116520 82150 80930 99900 102350 77100 85290 134640 160090 71890 82800 109160 117370 74870 137330 161220 80640 85850 105740 156850 96230 75690 122150 112390 90770 112010 62890 115350 109270 132810 
68710 97470 94090 51090 10790 86980 99230 56620 85730 71560 76970 21670 96560 60840 97950 45230 116150 112960 79070 96530 62560 66950 158700 47910 118430 37790 98780 11110 98710 77260 88720 44820 121130 63230 106280 59920 104170 73240 61710 27560 0 124150 105790 110630 64100 104120 93150 59420 56920 93680 76850 54370 59790 109330 140710 48190 60370 83660 93160 53450 113410 137480 55140 64430 80240 133320 91080 51990 99330 99900 67070 86510 37390 89850 83770 109110 
62480 46910 44060 101591 115530 38770 39370 94450 80010 98610 75140 126220 93150 79781 28640 131711 16310 12760 115150 28270 130021 124691 38070 94221 129910 89170 86540 117250 79500 132521 35720 81810 31310 82190 18940 89100 31570 88000 124881 146810 123900 0 65460 24430 117761 38670 33770 65910 90241 87730 70610 70280 68461 34870 23790 96681 65200 76260 36730 106601 33600 29630 82221 112900 63820 29560 90340 101611 28520 45430 95610 77790 98270 80860 84160 125700 
92010 24110 33440 121680 103680 46880 36290 116070 119350 125010 109950 94170 136340 102310 47980 138980 52580 72120 141270 65870 148950 144810 89940 112650 172610 94450 22730 96460 15490 152640 67550 93300 36330 107630 67030 109940 43100 38720 143000 116290 105790 65140 0 46000 137880 31720 72640 77130 108670 26730 109050 77000 90910 87810 60520 116770 71670 116310 78120 126690 87210 90830 100830 134750 103650 91640 31620 121700 70100 24750 120400 118730 106540 122480 124500 163830 
61251 22580 22660 99751 102830 24350 17740 93181 83460 97341 78590 106890 99420 77941 14360 122091 9330 29000 116281 28280 128181 122851 56950 92381 136530 79410 62210 104170 55170 130681 33030 74970 15950 81331 23910 88241 7440 64930 122250 128760 110820 24310 45520 0 115921 14340 35370 57840 88401 63400 74060 57710 64880 46420 32370 94841 52120 79710 40180 104761 45820 50650 80381 111601 67270 50810 66010 99771 30850 21100 94341 81310 89790 85060 87610 130450 
58410 114400 104790 17730 55370 92940 105740 26350 53320 34060 57610 81640 51350 43840 102830 32100 115351 105661 23890 90471 16800 9300 151011 28300 70770 44070 138280 69251 134350 16130 83061 45000 128530 39200 99631 31680 110130 114270 12240 83900 64240 117641 137540 116071 0 113660 84841 60530 31960 134950 58400 59340 51470 99700 139421 21630 66030 57460 83760 14010 103900 128240 37140 12050 65020 124080 132820 19250 90341 115560 33930 57020 34610 56670 49660 61400 
65650 8690 11320 97620 97910 22680 8020 92010 90200 100790 83180 94560 105640 78330 16950 118981 23640 41090 117210 34840 125090 120750 71260 90250 142750 76300 48430 94810 41390 128580 37760 71860 18110 84750 36000 87540 11510 51150 119140 116430 103960 38620 31290 14410 113820 0 41850 54730 86270 49620 80800 54600 65100 56780 43700 92710 49010 86450 47330 102630 56180 64960 78430 110690 74010 64630 52230 97640 39070 6870 96340 88050 86680 91800 94540 136670 
29690 49080 40350 68711 83190 26780 38730 61250 50330 65410 45460 97470 65580 46901 26580 98831 32290 21550 83370 7410 97141 91811 66900 61341 100870 56830 84620 87460 78100 99370 6340 49470 49220 49400 15330 56310 34090 82340 92001 116430 92880 33830 72390 35500 84881 41720 0 35340 57361 85590 40930 39710 35581 20590 55480 63801 38480 46580 6040 73721 20950 44470 49341 79660 34140 40310 87960 68731 6410 47970 62410 48180 65930 51930 54480 94790 
18020 55450 45840 44280 51260 33990 46790 38670 44600 47610 35200 63130 62390 25850 44630 68661 60520 54790 63740 38360 72060 67380 100120 36910 95080 26470 81660 53120 77730 75210 30550 19110 69580 31890 48110 34200 51180 61270 66110 82090 59390 66120 77350 57640 60450 54710 35530 0 32930 79690 34710 5370 14490 53800 86260 39370 7080 41560 36380 49290 56340 79860 25090 57220 30140 75700 79110 44300 41160 56610 43000 44410 35570 48160 48080 86300 
29200 86860 77250 15840 47250 65400 78200 6810 33490 20020 28450 69941 45391 14280 74480 47980 87811 78121 32820 62931 44270 38940 123471 11050 68891 25900 110300 57241 106370 44220 55521 17690 100990 10230 72091 5440 82590 88550 39130 81140 56940 90101 108760 88320 32010 86120 57301 32990 0 106970 29240 31800 23930 70490 111881 10930 38490 35140 54730 20850 74690 99210 8760 25360 35860 95050 106390 14050 62801 88020 15090 37220 22820 37610 31530 59571 
96610 40990 47850 118280 90710 59960 52030 112590 123350 122100 113950 79060 139510 101170 63170 129810 72280 89170 138290 80500 140800 139760 114580 109030 169630 90770 6670 82190 12510 148380 80630 89620 59900 106080 82920 108390 60150 20760 134850 99720 92820 87260 26790 63050 134840 49440 86600 79530 106850 0 113460 77730 93310 103480 85160 113370 74140 120310 91510 122830 102880 113270 99280 131520 108730 112710 5580 118300 85770 42710 117490 123160 101270 126910 124780 160850 
17080 85380 75770 42670 66790 62200 76590 31960 12670 30130 4530 86420 30460 22390 65790 76180 70930 58380 44460 47620 70360 64770 103730 37810 65190 40430 115340 76310 111410 67710 43500 33070 87860 19490 53340 27020 73300 94950 65220 102190 76480 70660 108520 74140 58100 80930 40880 34440 29100 113370 0 36590 21630 44110 92940 39130 40760 9630 35000 46940 50240 77280 24520 50370 6830 73120 112790 39830 44480 86540 31420 12480 46230 16230 16460 56770 
20400 55360 45750 43730 46680 33900 46700 38120 46980 47060 37580 58550 64530 26190 44870 65871 63070 58750 63190 42320 71200 66830 104080 36360 94530 23190 80370 48540 76440 74660 34510 17970 69490 31340 52070 33650 51090 59980 65250 77510 54810 70080 77260 57550 59900 54620 39490 5120 32390 78400 37090 0 16820 57610 87630 38820 6990 43940 40340 48740 60300 83820 24540 56670 32520 79660 77820 43750 45120 56520 42450 46790 33570 50540 49800 85750 
9490 67710 58100 35650 49950 44350 59030 29090 31730 36080 22330 68250 48730 13680 50960 65200 65660 56881 53690 41691 64080 58750 102231 28280 81700 23590 95440 58140 91510 66360 34281 16230 78440 20070 50851 24150 59150 75050 58940 85350 59640 68861 90850 64800 51820 65270 36061 14470 24300 93470 21840 16450 0 51150 90471 30740 20860 28690 34980 40660 55230 79460 16280 47500 21020 75300 92890 35670 41561 68870 32810 31540 32480 35290 34000 72920 
42090 63990 58310 84360 99340 46100 54040 73650 48560 68500 48600 115710 59270 60670 41880 114580 42890 22730 81170 25600 112890 106310 64220 77090 95980 72980 102430 105700 95910 106110 26210 65620 59820 61800 22560 68710 48630 101660 106910 134670 109030 34770 86930 46100 99790 56260 20470 53810 70510 103400 44070 57900 51330 0 57050 79550 58350 45500 18500 88630 6590 34840 64770 92060 37280 30160 105770 81520 19230 62510 73900 44740 82080 47810 52390 90220 
84090 50070 53670 123461 132660 54180 49500 116610 103150 120770 98130 137450 115730 101561 43140 151921 26470 35130 137730 49880 151891 146561 29500 116091 152490 109240 82530 134000 75290 154391 57330 103510 25820 104220 40550 111260 39500 90790 146751 160000 140650 23910 60530 32360 139631 43630 55380 86140 112111 85200 93600 87540 90071 57230 0 118551 81950 99250 59090 128471 55960 44140 104091 135060 86180 46130 87630 123481 50130 48250 117770 100370 119620 103440 107300 148280 
37430 93400 83790 5390 38590 71940 84740 8430 43510 23370 38470 62951 48710 22840 81020 39030 94351 84661 32580 69471 33820 28490 130011 7300 70860 23770 116910 50251 112980 36320 62061 24000 107530 20250 78631 13650 89130 94860 28680 72190 48280 96641 116540 94880 21560 92660 63841 39530 10960 113580 39260 38340 30470 78930 118421 0 45030 45160 62760 10400 83010 107240 16140 19890 45880 103080 113000 5500 69341 94560 18880 47240 17320 47400 40390 61540 
24150 49720 40110 49960 52080 28260 41060 44360 50890 53290 41490 63430 68680 32250 39230 71321 57430 56440 69420 38910 77430 73060 101770 42590 100760 28640 76380 53420 72450 80890 32160 24200 63850 37570 49760 39880 45450 55990 71480 82390 60070 65430 72000 51910 66130 48980 38360 7070 38610 74410 41000 6940 20850 58350 81990 45050 0 47850 41100 54970 58710 82230 30770 62900 36270 78070 73830 49980 42810 50880 48680 50700 39020 54450 54440 91980 
24170 92470 82860 48900 73880 69290 83130 38190 4410 24940 7490 93510 21360 29000 71500 82410 76640 64090 38610 53330 72400 62750 106850 44040 56600 47520 122430 83400 118500 62520 49210 40160 93570 25720 59050 33250 79010 102040 67840 109280 83570 76370 116020 79850 57560 86640 46590 41530 35330 120460 9650 43680 28720 45230 98650 45360 47850 0 40710 52690 51360 76740 30750 49970 16220 72350 119880 46060 50190 92890 30340 3220 52680 6970 9100 49410 
26360 54500 45100 68170 83050 31530 44150 57920 44490 62080 39620 98400 59740 44940 32000 98290 37100 24550 78420 12830 96600 90730 69900 60800 94980 56690 89370 88390 82850 95670 11190 49330 54030 46070 19510 52980 39510 86610 91180 117360 92740 36830 77810 40310 84060 47140 6090 36270 54780 90340 35090 40640 35040 18410 59110 63260 41120 40740 0 72900 21730 45960 48800 76330 28300 41800 92710 65790 10650 53390 59080 42340 65790 46090 48640 88950 
47240 103230 93620 5520 43930 81770 94570 15180 48520 27840 46440 70200 51190 32670 91240 37070 104181 94491 29720 79301 25410 21290 139841 17130 73060 32390 126230 57521 122300 29120 71891 33830 117360 28030 88461 20510 98960 102540 19460 75340 53620 106471 126370 104901 14360 102490 73671 49360 20790 122900 47230 48170 40300 88530 128251 10460 54860 52660 72590 0 92730 117070 25970 12700 53850 112910 121090 8080 79171 104390 23870 52220 22880 51870 44860 63740 
46360 63610 57930 88270 103150 46690 53660 77920 54690 74630 54730 118430 65400 64940 41500 118390 42510 21610 87300 25710 116700 110730 61040 80900 102110 76790 102050 108420 95530 112240 26840 69430 59440 66070 22180 72980 48250 101570 111180 137390 112840 33600 86550 45720 104060 55880 21100 56300 74780 103020 50200 60670 55140 6580 55880 83360 58980 51630 21750 92900 0 32010 68900 96330 43410 27850 105390 85790 19800 62130 79080 50870 85890 53940 58520 96350 
70790 73350 70890 112600 127480 64810 66200 102350 79870 99810 81840 141900 84290 89370 55470 142720 42750 28420 110810 47030 141030 135200 31400 105230 119770 101120 112510 131890 105240 135780 50310 93760 56870 90500 36860 97410 58010 114830 135650 161020 137170 29810 91020 50870 128530 65110 44570 79770 99210 113700 77310 84140 79470 34830 44000 107690 82450 76810 46080 117370 31980 0 93230 120800 70520 5170 116130 110250 42040 71870 103510 76050 110220 79120 83700 116180 
23300 79490 69880 21370 46170 58030 70830 14540 30590 23330 23840 68631 43360 6950 67370 52970 80781 71091 39140 55901 49800 44470 116441 14000 71280 19810 101710 55931 97780 51810 48491 11600 93620 8090 65061 9600 75220 81320 44660 81570 55860 83071 101390 81210 37540 78750 50271 25620 9240 99740 24630 24430 16820 64590 104851 16460 31120 30530 48830 26380 68790 93310 0 32950 31250 89150 99160 21390 55771 80650 18400 33380 22400 34710 28630 62421 
51910 112450 102840 16000 54980 90990 103790 20290 46210 25920 50770 81250 46800 38490 100880 42510 112871 103181 19530 86610 27210 17560 148531 26570 66410 42340 136250 68821 132320 21960 80551 43270 126580 32220 95210 25180 108180 113880 22650 86390 64670 115161 135590 113591 12120 111710 80840 58580 26610 132920 51560 57390 48990 93200 136941 19900 64080 50350 77440 12300 97400 124870 33960 0 58180 120650 132340 16910 86340 113610 26010 49910 34220 49560 42550 57040 
12020 80150 70540 49460 70500 56970 70650 38750 19230 36920 11320 88800 37020 29180 59020 82970 64160 51610 51250 40850 77150 71560 96960 44600 71750 44140 110610 78690 106680 74500 36730 36780 81090 26280 46570 33810 66530 90220 72010 105900 80190 63890 103290 67370 64890 74160 34110 29770 35890 108640 6790 31920 21140 37340 86170 45920 36030 16190 28230 53730 43470 70510 31310 57160 0 66350 108060 46620 37710 80410 38210 19040 52330 22790 23020 63330 
66690 72050 66790 108500 123380 60710 62100 98250 75650 95590 77740 137800 80360 85270 51370 138620 42620 24320 106880 42930 136930 131070 36330 101130 115840 97020 111420 127790 104640 131850 46210 89660 57620 86400 32760 93310 54640 110730 131520 156920 133070 29340 91770 50740 124400 64320 40470 75670 95110 112390 73210 80040 75370 30190 46050 103590 78350 72590 41980 113240 27880 5170 89130 116670 66420 0 114760 106120 37940 70570 99410 71830 106120 74900 79480 112250 
96130 42950 49540 117210 88010 61650 53720 112110 122870 121620 113470 75690 139030 100690 64860 127110 74240 90870 137810 82190 138100 137060 116830 108240 169150 90290 11990 79490 18030 145680 82320 89140 62150 105600 84610 107910 62110 18060 132150 96350 90120 89220 32310 65010 132140 51400 88290 79050 106370 6210 112980 77250 92830 105170 87410 112700 73660 119830 93200 120130 104570 115520 98800 131040 108250 114410 0 117330 87460 44670 117010 122680 98570 126430 124300 160370 
40140 98040 88430 4640 42400 76580 89380 8080 42700 22020 39340 66901 46280 26720 86050 42840 98991 89301 28540 74111 31510 26180 134651 11940 68150 27720 121440 54201 117510 34010 66701 28640 112170 20930 83271 13410 93770 99200 26370 76000 52090 101281 121180 99711 19250 97300 68481 44170 14050 118110 40130 42980 35110 81430 123061 5270 49670 46030 65670 8090 85630 110180 20780 16850 46750 105990 117530 0 73981 99200 18050 46400 21130 46050 39040 58830 
35140 46950 41200 74831 89460 27630 37000 66700 53900 70860 49030 103320 69150 53021 24840 104951 27740 16480 87830 6630 103261 97931 61810 67461 104440 63100 85390 93310 78870 104820 10780 55740 44670 54850 10050 61760 31590 83190 98121 122280 99150 28590 69890 30950 91001 39220 6410 41190 63481 86360 44500 45560 41701 19360 50200 69921 42610 50150 10620 79841 19580 42080 55461 85110 37710 37920 88730 74570 0 45470 67860 51750 72200 55500 58050 98360 
70290 2870 11740 99810 94940 25160 11690 94200 96470 103140 87820 90580 111910 82100 23220 121171 30470 47360 119400 41110 127280 122940 77860 92440 149020 78490 41560 90830 34520 130770 44030 74050 22850 87420 42270 89730 18340 44280 121330 112450 99980 45450 24420 21240 116010 6960 48120 56920 88460 42750 87070 56790 69310 63050 48440 94900 51200 92720 53600 104820 62450 71790 80620 112880 80280 70900 45360 99830 45340 0 98530 94320 88870 98070 100810 141960 
33410 97120 87510 21030 57440 75660 88460 10610 26130 5450 28940 81781 31260 22620 83450 57880 93400 82920 22720 68110 46950 39620 129220 23940 54420 37440 121000 69081 117070 40080 62051 29230 110640 13220 76700 10010 91640 98950 42260 91040 67130 95610 120260 95061 34590 96380 62340 43250 15110 117670 31660 42060 32900 73380 117780 18840 48750 30270 58940 24030 78900 103420 18100 25220 38280 99260 117090 18200 67840 98280 0 29830 35710 29480 22470 45100 
27010 94560 84950 49190 76720 71380 84960 39830 4900 24440 10330 96350 18820 31840 73330 84290 78470 64560 38110 55160 71900 62250 105840 46880 54060 50360 125270 86240 121340 62020 51040 43000 95400 27280 60880 34410 80840 104880 67340 112120 86410 76550 118480 81680 57060 88470 48420 44370 37210 123300 12490 46520 31560 44220 99280 47240 50690 3190 42540 52190 50350 75730 33590 49470 19060 71340 122720 46360 52020 94720 29840 0 55520 4910 8330 48640 
40740 87380 77770 20500 27730 65920 78720 26030 52020 40590 45270 50651 64790 28250 76890 34370 94030 87340 48480 70910 40790 39750 133020 14330 87840 11350 104940 37951 101010 48370 63100 17040 101510 29520 80660 26010 83110 81740 34840 63130 37420 98670 106500 89570 34830 86640 65950 35840 22830 101610 46060 33010 32250 82130 119650 17600 39010 51960 65960 22860 86210 110280 21430 33840 52230 106120 99580 21400 72220 88540 35660 54810 0 56140 50060 78520 
30790 98320 88710 48760 80500 75140 88720 39500 8030 24010 14110 100130 16400 35620 77090 84770 82230 67600 36490 58920 71470 61820 108880 47720 51640 54140 129050 90020 125120 61460 54800 46130 99400 27760 64640 34890 84600 108660 66910 115900 90190 79590 122240 85440 56630 92230 52180 48150 37690 127080 16270 50300 35340 47260 103880 47370 54470 6970 46300 51760 53390 78770 35000 49040 22840 74380 126500 45930 55780 98480 29410 4950 56930 0 7890 46510 
31360 99660 90050 41160 74270 76480 90870 31900 5380 16410 13980 96731 15660 30290 79990 78340 85130 72490 30080 61820 63870 54220 114260 41290 48930 47910 128250 84031 124320 53990 57700 39700 102300 21330 67540 28460 87500 106500 59310 109670 83960 84480 124520 88340 49030 95320 55080 47860 31260 124920 17050 49430 34030 52150 107380 39770 54250 9520 49200 44160 58280 83660 28570 41440 23620 79270 124340 38330 58680 100820 21810 8600 50500 8190 0 40510 
70361 140421 130031 61960 99960 115761 130851 55220 44781 40920 52981 124431 31700 64490 120971 90860 127061 112610 38370 101221 75560 65910 146790 67250 16220 81741 165770 111731 161840 63340 97101 73531 144231 55530 107671 54820 128721 143720 71000 133560 109650 125410 164371 130271 61820 136541 94481 86340 59920 162440 56451 85230 72830 90000 149280 61810 91920 48921 88601 63970 96130 116190 62401 57400 63021 112160 161860 59000 98081 141581 45330 48001 78690 46061 40581 0 

0 Ciudad_0 0 0 32400 0
1 Ciudad_1 395 5062 19662 790
2 Ciudad_2 234 5177 17426 468
3 Ciudad_3 338 4726 15963 676
4 Ciudad_4 203 24433 28640 406
5 Ciudad_5 813 16327 23776 1626
6 Ciudad_6 820 7029 18384 1640
7 Ciudad_7 727 4581 17961 1454
8 Ciudad_8 565 2762 9381 1130
9 Ciudad_9 158 17211 28162 316
10 Ciudad_10 759 15386 29459 1518
11 Ciudad_11 528 16036 25378 1056
12 Ciudad_12 515 10273 14388 1030
13 Ciudad_13 687 18831 23172 1374
14 Ciudad_14 452 10392 12433 904
15 Ciudad_15 820 12958 26452 1640
16 Ciudad_16 212 15410 22862 424
17 Ciudad_17 370 15181 28823 740
18 Ciudad_18 519 3595 9279 1038
19 Ciudad_19 760 7252 20858 1520
20 Ciudad_20 208 13221 23328 416
21 Ciudad_21 512 19779 26362 1024
22 Ciudad_22 386 3907 17896 772
23 Ciudad_23 735 15758 26224 1470
24 Ciudad_24 143 11552 15164 286
25 Ciudad_25 622 2514 13434 1244
26 Ciudad_26 314 17492 27117 628
27 Ciudad_27 464 13814 28168 928
28 Ciudad_28 816 9301 12320 1632
29 Ciudad_29 744 20038 27093 1488
30 Ciudad_30 496 11419 17891 992
31 Ciudad_31 759 21383 26204 1518
32 Ciudad_32 482 11715 23886 964
33 Ciudad_33 530 14803 29428 1060
34 Ciudad_34 411 19834 22234 822
35 Ciudad_35 227 5372 18178 454
36 Ciudad_36 384 19780 28125 768
37 Ciudad_37 142 6497 21057 284
38 Ciudad_38 128 15336 26747 256
39 Ciudad_39 191 25555 27556 382
40 Ciudad_40 699 15515 25487 1398
41 Ciudad_41 542 3974 8741 1084
42 Ciudad_42 571 3740 8983 1142
43 Ciudad_43 471 6571 11969 942
44 Ciudad_44 829 17565 27442 1658
45 Ciudad_45 229 17132 19985 458
46 Ciudad_46 235 16068 25599 470
47 Ciudad_47 537 4538 11341 1074
48 Ciudad_48 677 26531 29197 1354
49 Ciudad_49 456 4306 7392 912
50 Ciudad_50 536 9936 23123 1072
51 Ciudad_51 717 4386 7019 1434
52 Ciudad_52 260 15543 22884 520
53 Ciudad_53 294 11596 14521 588
54 Ciudad_54 418 20611 26359 836
55 Ciudad_55 253 18210 28515 506
56 Ciudad_56 434 14697 22074 868
57 Ciudad_57 754 11832 19209 1508
58 Ciudad_58 653 2235 8488 1306
59 Ciudad_59 733 6113 20996 1466
60 Ciudad_60 292 6791 17079 584
61 Ciudad_61 457 5017 14026 914
62 Ciudad_62 119 2186 17126 238
63 Ciudad_63 811 16215 21265 1622
64 Ciudad_64 775 552 14321 1550
65 Ciudad_65 436 2875 10607 872
66 Ciudad_66 650 4713 13801 1300
67 Ciudad_67 241 19320 26867 482
68 Ciudad_68 826 5276 13834 1652
69 Ciudad_69 243 21519 28760 486
70 Ciudad_70 772 7203 12131 1544
71 Ciudad_71 824 24644 26730 1648
72 Ciudad_72 531 21308 25985 1062
73 Ciudad_73 366 2995 17451 732
74 Ciudad_74 276 7057 14356 552
75 Ciudad_75 376 25015 28605 752

0 0.000472943 0.0567095 -0.0344929 0.0116679 -0.083549 -0.0281298 -0.0871945 0.000588445 0.0202964 0.0619021 0.039221 -0.0377208 0.0201418 0.0174541 0.080507 -0.0102272 0.0989584 -0.085717 -0.0033354 0.0281824 0.0246687 -0.0564239 0.0519779 0.0433135 -0.0304774 -0.065043 -0.0719862 0.020506 -0.0852336 -0.0281785 0.0993759 0.0324789 -0.0605442 -0.0284595 -0.00830336 -0.00829829 -0.000143988 -0.00364094 -0.0489643 0.0379315 -0.00443192 0.0589543 -0.0151215 0.0897425 0.0552554 -0.0645579 0.0739351 0.0675605 -0.0704821 0.0970176 0.031093 -0.0563179 0.00309511 -0.0970307 0.00532159 -0.0770385 0.0565911 0.0288751 -0.082738 0.0924748 -0.0936498 0.0355034 -0.0745262 0.0342214 -0.0993802 -0.0598049 -0.0486121 -0.0406339 -0.0545011 0.0293652 -0.0288463 -0.0935311 0.0370518 -0.040782 -0.0476303 
-0.000472943 0 0.0274397 -0.0231695 0.0742398 -0.0752074 0.0857227 0.0120768 -0.0683134 0.0591422 -0.0146383 -0.0273558 0.006305 -0.0362537 -0.0979755 -0.0575144 -0.0475702 -0.0433011 0.00757874 0.0704989 0.0846894 -0.0113638 0.0268021 -0.0126434 -0.0709312 -0.0822834 0.0534287 0.0057543 0.0524406 -0.0864668 -0.0577442 0.0529043 0.0163315 0.0670355 0.0103666 -0.0336084 0.0785665 -0.0167 0.0974428 0.0845064 -0.00211236 0.0332206 0.0639636 -0.00433911 0.055179 0.0738588 0.0538713 0.00669785 -0.0483112 0.0427858 0.033009 0.0471656 0.0942274 0.0359176 0.0862171 -0.0954697 0.0793196 0.0816395 -0.00191454 0.0753038 0.0705193 -0.0447332 -0.0503371 0.00463235 -0.0566044 0.0202106 0.0825884 0.0495272 -0.0345174 0.0772154 -0.00440983 -0.000115837 0.00852742 0.0410409 -0.0755298 -0.0401654 
-0.0567095 -0.0274397 0 -0.0662684 0.0697698 -0.0109481 -0.0550808 0.0884345 0.0179713 -0.00645631 0.0594522 -0.0707057 -0.0862064 -0.0784958 0.0766947 0.00255507 0.0360489 -0.0411883 -0.0691261 -0.0556307 -0.0959199 0.0216469 -0.0119299 0.0535846 0.00711864 -0.0214118 -0.0409548 0.0514399 -0.0283429 -0.0369092 -0.0480233 0.062235 -0.015258 -0.0669515 0.0199774 0.0787489 -0.0781484 -0.0398822 0.0169393 0.0813741 -0.0833815 -0.0130091 -0.0762809 0.0475234 0.0301839 0.0654881 -0.0583732 0.00751249 0.0772545 -0.0275022 0.0176894 -0.0746614 0.0545837 -0.0150332 0.0982641 0.0708719 -0.0780888 0.0928514 -0.0277768 -0.0440146 -0.0043798 -0.0983444 -0.0586474 0.0524972 0.0560794 -0.0258144 0.0247415 0.0813066 0.0779914 -0.0666796 -0.0544751 -0.0905868 -0.0900811 -0.0764909 0.0603532 -0.0160968 
0.0344929 0.0231695 0.0662684 0 0.0923361 -0.0366867 0.0112047 4.618e-05 0.0798005 -0.0757099 0.0733191 -0.0983353 -0.00179019 0.0641284 0.0837047 -0.0201398 0.0108206 0.0544237 -0.0255624 -0.0677786 -0.0459226 0.0498151 -0.0202973 0.078362 -0.0516211 0.00540117 0.0855823 -0.0793103 0.0868766 -0.0357942 0.0860327 0.0861658 0.0140702 -0.00676498 0.0452613 -0.0880258 0.0409437 -0.0756127 0.0699294 0.0875323 -0.0254122 -0.0654561 0.077161 -0.0406768 0.0312787 0.0837249 -0.0156495 0.0514545 -0.0259737 0.0121477 0.00861476 0.00985963 0.061377 0.0771044 0.0273993 -0.037273 -0.0534589 -0.0501578 -0.0445264 -0.0174575 0.0710004 0.028125 0.0052011 -0.0371539 0.0344987 0.0356848 0.0933795 -0.0341315 0.0406477 0.0630665 0.0308396 0.0688174 0.0499878 0.0747073 0.0530516 -0.0684491 
-0.0116679 -0.0742398 -0.0697698 -0.0923361 0 -0.068697 -0.0747399 0.097905 0.0290459 0.041051 0.0367316 0.0547145 0.0865849 0.0776695 -0.0527845 0.0805683 -0.0787007 -0.0650918 -0.0636317 0.085319 -0.0744793 0.0873457 -0.0595894 -0.0639253 0.048313 0.0494944 -0.0962375 -0.076683 -0.0300221 0.098843 -0.00886311 -0.0551379 0.0852691 -0.0872256 0.0900334 0.0240862 0.0362307 -0.0904977 -0.0653852 0.027452 0.0501253 -0.0143837 -0.0981242 -0.0190235 -0.0174439 -0.0177053 0.0124437 -0.00565598 -0.033152 -0.0154828 0.0452106 0.0632601 -0.00654824 0.0493018 0.0741211 0.00660795 0.0859222 0.0704566 0.0187036 0.045222 -0.0678134 -0.0460909 -0.0164024 -0.0996477 -0.0568969 0.0708171 0.0477624 0.0809127 -0.0529433 0.00754642 -0.0994845 0.0397603 0.0538958 -0.0617555 0.00281554 -0.0958559 
0.083549 0.0752074 0.0109481 0.0366867 0.068697 0 0.0822798 -0.0913636 -0.0501453 -0.00367188 -0.0976177 -0.0977808 0.0613394 0.0314064 0.076431 -0.0609651 0.0795248 0.00863414 -0.0299669 0.093914 0.0550762 -0.0113743 -0.0179205 -0.0128357 0.0543984 -0.0742299 -0.0491055 -0.00123607 0.0798137 0.0638876 0.00321076 0.0937073 0.0902676 0.0678684 -0.061265 0.0860083 0.0589973 -0.0624354 -0.0119747 -0.0754669 -0.0446424 -0.00237149 -0.0573762 0.00540319 0.00235916 0.077244 0.0121374 -0.0388103 0.0709384 0.0455647 -0.0905436 -0.0320146 0.0340166 0.0266086 0.04285 -0.00455285 -0.0439216 0.0546371 -0.0103169 -0.00876256 0.0335401 0.0637212 -0.0781203 0.00755788 0.0439011 0.0452986 -0.0618256 0.0237481 -0.0101212 0.0763582 -0.0236164 0.0342586 0.00254393 0.0709566 0.000556492 0.0884371 
0.0281298 -0.0857227 0.0550808 -0.0112047 0.0747399 -0.0822798 0 0.0580538 0.0496404 -0.09092 0.0747435 -0.0441707 -0.0441138 -0.0943535 -0.0992297 0.0138704 -0.0276853 -0.0566939 0.00228848 -0.0767146 -0.0479796 0.0937263 0.0186485 -0.0716099 -0.0700227 0.0582101 0.0565541 0.0934076 0.0949348 -0.0362618 0.0913646 -0.0130753 -0.0829889 -0.0838563 -0.0910635 -0.0612308 -0.0224531 -0.0619443 0.00370129 -0.0930896 -0.0476192 -0.0958244 0.0532672 -0.0713688 0.0293073 0.0183298 -0.011227 -0.0605333 0.0656311 -0.0712327 0.0564659 0.0101646 0.0127929 -0.0791085 0.086086 0.0231259 0.0355632 0.00782982 -0.0323584 -0.0994427 0.00722875 -0.0592682 -0.0625339 -0.0443694 -0.0104819 0.0947507 0.0492394 0.0271664 0.0585751 -0.0923251 0.072311 -0.0784784 0.00553908 -0.0900591 0.0730954 -0.0675883 
0.0871945 -0.0120768 -0.0884345 -4.618e-05 -0.097905 0.0913636 -0.0580538 0 0.0263507 -0.0573273 -0.0911859 -0.0996505 0.0277382 0.0641876 0.0920184 -0.0297485 -0.0299191 0.0557444 0.0379958 -0.0438699 0.0282827 -0.0313306 0.0380127 0.077009 0.015055 -0.0959675 0.0530591 0.0190275 0.0235707 0.000141072 -0.00557038 -0.022463 0.0200798 -0.0202834 -0.0140838 0.00564828 0.00412378 -0.076016 0.0281013 -0.0461495 -0.00890531 0.0130235 -0.0536788 -0.0193617 -0.0257249 -0.0256112 -0.0397309 -0.0447166 -0.0380319 0.0577602 0.0815 0.0717436 -0.0941259 -0.0501955 -0.0213366 0.0511418 0.0674849 0.00614041 -0.0875523 0.0888562 0.0668703 -0.0530849 0.0967521 0.044971 0.00242483 0.0046414 0.0167989 -0.0720102 0.0575535 0.0385808 0.0424802 0.0879107 0.00519714 -0.0831903 -0.0269389 0.0532051 
-0.000588445 0.0683134 -0.0179713 -0.0798005 -0.0290459 0.0501453 -0.0496404 -0.0263507 0 -0.0166257 -0.0436443 -0.0282438 -0.0989203 0.00626833 -0.0541639 0.0329917 -0.0986418 -0.0699495 0.0429673 -0.0568405 0.0378856 0.0150679 0.0351939 -0.0613443 0.0826535 -0.0511228 0.0254404 -0.0475287 -0.0617241 -0.0904749 0.0558651 0.0700785 0.0224247 0.0818237 -0.0433104 0.0367595 -0.0824881 -0.0566835 0.00830631 0.094991 0.0448346 0.0826448 -0.0219881 -0.0887495 0.085965 0.0876471 0.0727801 -0.00588544 0.0833839 0.00732864 0.0733442 0.0499809 -0.0941708 -0.0811582 -0.016863 0.0482583 0.0994738 0.0704976 -0.0220922 0.0580475 0.0940801 -0.0228233 0.0455273 -0.0744405 -0.0667267 -0.0154301 -0.0728426 0.0377112 0.0801496 0.0778005 0.0635671 0.036627 0.0764755 -0.0100412 0.0470945 -0.00267607 
-0.0202964 -0.0591422 0.00645631 0.0757099 -0.041051 0.00367188 0.09092 0.0573273 0.0166257 0 -0.0150374 0.0165806 0.0954894 -0.0227718 -0.0606442 0.0871406 -0.0314983 -0.0588799 0.0958099 0.000912048 0.024668 -0.0993984 -0.0865046 -0.0946528 -0.0128367 0.0510459 0.0114125 -0.0743989 -0.077031 -0.0300437 0.0192497 -0.0433051 -0.0274089 0.00771337 0.0884174 -0.055567 0.0734255 -0.0484282 -0.0993979 0.0629884 0.0720881 -0.0323733 -0.084084 -0.0790673 0.0634707 0.0703765 -0.0945541 -0.0210993 0.029483 -0.0091941 0.0582387 0.0435562 -0.0646269 0.0857614 -7.64954e-05 0.0477462 -0.050718 -0.0154625 -0.0533526 0.0437242 -0.0659623 0.0792842 -0.0974013 -0.0985088 -0.0139631 0.0238134 0.000779266 0.077399 0.0783506 -0.0812483 -0.0107629 -0.0223813 0.0645851 -0.00654738 -0.0866731 0.090555 
-0.0619021 0.0146383 -0.0594522 -0.0733191 -0.0367316 0.0976177 -0.0747435 0.0911859 0.0436443 0.0150374 0 -0.0915925 -0.0670921 -0.0408195 -0.0379143 0.0883252 -0.0954779 0.00267083 -0.0431258 -0.0774916 0.0513493 -0.0429251 0.0267561 -0.0953517 -0.0512097 -0.0524853 -0.0208685 0.0233729 0.0332563 -0.0117943 -0.0949888 -0.013571 -0.0303126 0.00625291 -0.0943354 0.00792126 0.0860931 0.0793582 0.0678926 -0.0524784 0.0293003 -0.018246 0.0489281 -0.0970128 0.0954509 -0.00665887 0.020047 -0.0353317 -0.0630766 -0.00444429 0.000491003 0.0103835 0.0397769 -0.0473746 0.0706064 -0.0490432 0.036536 0.0623197 0.0625755 0.0310416 -0.0507966 -0.0765549 0.0683689 0.00218822 0.00927408 -0.0855976 0.0274377 0.0357677 0.0407072 0.000302289 0.0398599 -0.026706 0.00287341 -0.0920664 -0.0867761 -0.0235856 
-0.039221 0.0273558 0.0707057 0.0983353 -0.0547145 0.0977808 0.0441707 0.0996505 0.0282438 -0.0165806 0.0915925 0 -0.0242972 0.00689216 0.0292354 0.0650792 -0.0508759 -0.0928357 0.00644769 0.0758574 -0.0230222 -0.0745636 -0.0146503 0.011831 0.0329368 0.0334789 0.0614473 -0.0529271 0.0772799 0.0422041 -0.0136096 0.00354559 0.019932 0.037063 -0.0929195 -0.0907984 -0.074326 0.0338555 0.0943275 -0.0184088 0.0281933 0.074409 -0.040494 0.0810392 0.0691703 0.0340862 -0.0840397 0.0436545 -0.0781089 0.00674872 -0.00818167 -0.0267298 -0.0868111 -0.0415343 -0.0404689 -0.0333571 0.0690785 0.0553692 0.0382429 0.0802265 -0.00151771 -0.0500016 0.0732839 0.0531439 -0.0954393 -0.0790779 -0.0904713 0.0581068 -0.0816713 -0.00134689 0.0140352 0.00899602 -0.0362541 -0.0604243 -0.0642441 0.0120373 
0.0377208 -0.006305 0.0862064 0.00179019 -0.0865849 -0.0613394 0.0441138 -0.0277382 0.0989203 -0.0954894 0.0670921 0.0242972 0 0.0926455 0.0299511 0.0575073 0.0766267 -0.0874081 -0.0833687 -0.0486713 0.0281372 -0.0599646 -0.0439974 0.0618093 0.0754124 -0.0737268 -0.0444896 -0.0992436 0.021854 -0.0672492 0.0471386 -0.0904271 -0.0734893 -0.0991108 -0.0675395 -0.0931218 -0.0759057 -0.0537821 -0.0330132 -0.000822417 -0.0757682 -0.0276868 0.0462279 0.0656374 0.0507342 -0.0177255 -0.00121662 -0.0267754 0.0638023 -0.095559 -0.0880043 0.0422652 -0.0171239 -0.0554875 -0.0226594 -0.0416483 -0.0695566 -0.055388 0.00575349 -0.0558563 -0.0573328 0.0520415 0.0831276 -0.0964303 -0.0499859 -0.0428042 0.0958268 -0.0544586 -0.0215574 -0.0763883 -0.0671001 0.0307007 0.0588775 0.0863701 0.0644205 0.0517322 
-0.0201418 0.0362537 0.0784958 -0.0641284 -0.0776695 -0.0314064 0.0943535 -0.0641876 -0.00626833 0.0227718 0.0408195 -0.00689216 -0.0926455 0 -0.0561498 0.0351454 0.0380514 0.0329679 0.0848442 -0.0536232 0.0609598 0.0356794 -0.0499574 -0.036018 -0.0278031 0.071219 -0.0177211 -0.0130788 -0.0863405 -0.0618991 -0.0877705 0.0812 0.0168624 0.0457244 -0.054825 0.0245978 0.0719804 -0.0136064 -0.0836367 0.0274882 -0.0828298 0.0281234 0.0768006 -0.0210935 0.0490923 0.0477319 -0.0941309 0.0306413 -0.0687808 -0.0609242 -0.0446296 0.0793216 0.0963187 0.0190627 -0.0757748 0.0697948 0.079844 0.04756 -0.0465349 -0.0706599 0.0157493 0.0983902 0.0499003 -0.0305456 0.0936708 0.0866051 -0.0417177 0.0609762 0.0102872 0.0194341 -0.076538 -0.0267268 0.0679675 -0.0477288 0.0604864 -0.0590064 
-0.0174541 0.0979755 -0.0766947 -0.0837047 0.0527845 -0.076431 0.0992297 -0.0920184 0.0541639 0.0606442 0.0379143 -0.0292354 -0.0299511 0.0561498 0 -0.0311164 0.0633026 -0.0681269 -0.0194302 -0.0357438 -0.0395873 -0.0302814 -0.0293659 0.0804658 -0.0203287 -0.0730755 -0.0221863 -0.0543646 -0.039754 0.0883205 -0.0359297 -0.0445687 0.0619879 0.0844111 -0.0666195 0.0906545 -0.00148643 0.0997716 0.0387412 0.00949929 0.0237173 0.0472932 0.0879893 0.0153906 -0.0877259 0.0641572 0.0274217 -0.00475974 0.052935 0.0114909 -0.0557538 0.0675494 -0.0798613 0.075442 -0.0148027 -0.0884837 -0.0816357 0.096665 -0.0946347 -0.0129148 0.0956813 -0.0584467 0.0713591 0.0601945 0.00958885 0.000782982 0.0727976 -0.0140324 -0.0592147 0.0620178 0.0344889 -0.0118723 -0.0571508 -0.0669923 -0.0386844 -0.0368395 
-0.080507 0.0575144 -0.00255507 0.0201398 -0.0805683 0.0609651 -0.0138704 0.0297485 -0.0329917 -0.0871406 -0.0883252 -0.0650792 -0.0575073 -0.0351454 0.0311164 0 -0.0922122 0.0201263 0.0467747 -0.0934459 -0.0380862 0.0718786 -0.0850168 0.0315181 -0.00622848 0.00611139 0.0153162 0.0177629 -0.0237984 -0.0807173 -0.0726237 0.02201 0.0683045 0.00968654 0.0629237 0.0156731 0.0341001 0.0425212 -0.0896954 0.0261398 -0.000873384 0.0618408 -0.0301643 -0.0274506 0.0417886 -0.0264168 0.0535293 0.0198353 -0.0998816 0.0137975 -0.00703716 -0.0126779 0.0796785 -0.0750084 -0.00712133 -0.0605304 0.0875755 0.0529836 0.0478665 -0.0353417 -0.0227846 -0.0580121 -0.0186923 0.0640557 -0.0976914 -0.0381509 -0.0341495 -0.0626263 -0.0146314 -0.0743721 -0.000283712 -0.0381243 -0.0142648 0.0619472 0.0497484 0.0535285 
0.0102272 0.0475702 -0.0360489 -0.0108206 0.0787007 -0.0795248 0.0276853 0.0299191 0.0986418 0.0314983 0.0954779 0.0508759 -0.0766267 -0.0380514 -0.0633026 0.0922122 0 -0.0933055 0.0560244 -0.0363939 0.0643095 0.0299141 0.0377847 -0.0361876 -0.0214014 0.0673123 0.0562388 -0.013735 0.0149791 -0.00627375 -0.0555396 -0.0175501 -0.0989589 -0.0441162 0.0780846 -0.0065518 -0.0354004 0.0823615 0.0239909 0.0725622 0.0408429 0.0274093 0.00901775 0.0233779 0.0760864 0.0758404 -0.060756 -0.0386406 -0.0517301 -0.0571631 -0.0797737 0.0918795 0.064389 0.0921815 -0.0497425 0.0102612 0.0291454 -0.0309702 0.0187123 0.0924419 -0.0764323 -0.0685422 0.0423974 0.051382 -0.00309701 -0.0507704 -0.00642527 -0.0795546 -0.0885884 -0.0994726 -0.0258767 0.072465 -0.00289102 0.0140938 0.0149841 -0.0413062 
-0.0989584 0.0433011 0.0411883 -0.0544237 0.0650918 -0.00863414 0.0566939 -0.0557444 0.0699495 0.0588799 -0.00267083 0.0928357 0.0874081 -0.0329679 0.0681269 -0.0201263 0.0933055 0 0.0347922 0.0524401 0.0956107 0.0104199 0.00389829 -0.0447055 0.0184585 -0.0764577 0.0730163 0.0651315 0.0295781 0.0761839 -0.0806635 0.0719059 0.0135474 -0.0916471 0.0223206 -0.0958698 0.0977153 -0.0138584 0.0555254 0.0633541 0.0174412 -0.0197122 0.0719123 -0.0162005 -0.0305746 -0.0524063 0.0445377 -0.0386786 -0.00464617 -0.0283518 -0.0444956 0.032716 -0.0443007 0.029889 -0.0326745 0.0281502 0.0197626 -0.0941151 -0.0394424 0.0678748 -0.0163459 -0.0571984 0.0760891 0.0780267 -0.0767421 -0.0639879 -0.0616107 0.0516839 -0.00545524 -0.0717412 0.0673937 0.0683872 0.0983448 -0.0445718 -0.0101512 -0.0460077 
0.085717 -0.00757874 0.0691261 0.0255624 0.0636317 0.0299669 -0.00228848 -0.0379958 -0.0429673 -0.0958099 0.0431258 -0.00644769 0.0833687 -0.0848442 0.0194302 -0.0467747 -0.0560244 -0.0347922 0 0.0343757 -0.0334468 -0.0491067 -0.0290735 0.0277132 0.0593103 0.0915828 0.0809811 -0.0812108 0.035494 0.0775745 -0.0799751 0.0157618 -0.0352395 0.0410918 0.0871653 -0.0949781 -0.0903699 0.0863938 -0.0856709 0.0821772 -0.00132826 -0.000669904 -0.0622943 0.0182761 -0.0335123 0.0779772 0.0814816 -0.0935743 -0.0502747 0.0411056 0.0837192 -0.0792954 0.0926611 -0.0555391 -0.0256566 0.00742701 0.0249957 0.0319672 0.0170054 0.0759925 0.0804663 -0.0398015 -0.05732 0.0683679 -0.0614408 0.0674699 0.099915 0.0182048 -0.0390788 -0.05647 -0.0143692 -0.0120556 0.0305683 -0.0631414 -0.00915025 -0.0593042 
0.0033354 -0.0704989 0.0556307 0.0677786 -0.085319 -0.093914 0.0767146 0.0438699 0.0568405 -0.000912048 0.0774916 -0.0758574 0.0486713 0.0536232 0.0357438 0.0934459 0.0363939 -0.0524401 -0.0343757 0 -0.0722909 0.00760194 -0.0741531 -0.0726093 0.0249599 -0.0638456 -0.0432644 -0.0845055 -0.0262857 0.0555962 0.0678985 0.0196747 -0.0273172 0.0980285 -0.052161 -0.0158896 -0.00364843 -0.0158853 -0.0261383 -0.0150334 -0.0493902 -0.0240504 -0.0111109 -0.00875586 -0.0244403 -0.0284937 -0.00128142 -0.0536099 -0.0650314 -0.00497173 -0.0938156 0.026499 0.0469029 0.00798454 0.0550481 0.0284696 -0.0118784 0.037417 0.0314837 0.0338644 -0.0312693 -0.000860887 0.0404857 0.0204733 -0.0279404 -0.0663259 0.0366588 0.029736 -0.00478554 0.0868454 0.0819 0.00740204 -0.0486375 -0.0302379 -0.0959676 -0.0157906 
-0.0281824 -0.0846894 0.0959199 0.0459226 0.0744793 -0.0550762 0.0479796 -0.0282827 -0.0378856 -0.024668 -0.0513493 0.0230222 -0.0281372 -0.0609598 0.0395873 0.0380862 -0.0643095 -0.0956107 0.0334468 0.0722909 0 -0.0259123 -0.0886301 -0.0731957 -0.0628671 -0.0572453 0.0729401 0.0979164 -0.0269468 -0.0580835 0.0434075 0.0636971 -0.0950293 0.0195023 0.0176284 -0.0235682 -0.0862979 -0.00891959 -0.00903776 -0.0246984 -0.0185736 -0.0311985 0.0162741 -0.0357344 -0.0584193 0.0579625 0.0114632 -0.0307556 0.0297773 0.0463104 0.0453947 -0.0901145 0.0895902 -0.0602913 0.0664313 0.0144499 -0.0502118 0.0848774 0.0509944 -0.038111 0.0436394 -0.00755446 -0.0644428 0.0302924 -0.0788068 -0.0553154 0.0755843 -0.0828608 -0.0702079 0.0843998 0.0621415 0.0984624 -0.0379938 0.0613048 0.000976725 0.0972223 
-0.0246687 0.0113638 -0.0216469 -0.0498151 -0.0873457 0.0113743 -0.0937263 0.0313306 -0.0150679 0.0993984 0.0429251 0.0745636 0.0599646 -0.0356794 0.0302814 -0.0718786 -0.0299141 -0.0104199 0.0491067 -0.00760194 0.0259123 0 -0.0011213 -0.0540429 -0.078011 -0.0233519 0.0270451 0.0991483 -0.0642749 -0.0199151 -0.065238 0.0835857 0.0293729 0.092791 -0.056566 0.0110833 -0.0311315 -0.0139395 -0.0104462 -0.00808363 -0.0725699 0.00707109 0.0831848 0.0892389 0.0398858 0.0791964 -0.00166764 -0.0977974 -0.00554212 0.010379 0.0594263 0.0258524 -0.085284 -0.0747092 0.058302 0.0679031 -0.0837078 0.0295876 0.0963199 0.0506601 0.0286067 -0.0307547 0.00445899 -0.034722 -0.0869795 -0.0198352 0.0205142 -0.0101051 0.00102339 -0.0353726 -0.038232 0.0964263 -0.0794014 0.0467043 -0.0251666 0.0721733 
0.0564239 -0.0268021 0.0119299 0.0202973 0.0595894 0.0179205 -0.0186485 -0.0380127 -0.0351939 0.0865046 -0.0267561 0.0146503 0.0439974 0.0499574 0.0293659 0.0850168 -0.0377847 -0.00389829 0.0290735 0.0741531 0.0886301 0.0011213 0 0.0762589 0.056328 -0.0957734 0.0374652 -0.0478872 -0.0138889 0.050872 0.0829204 -0.0877875 0.00325918 -0.0614571 0.00379565 0.049832 -0.00376251 0.0894257 0.0947886 -0.0593886 0.0644773 -0.00617956 -0.0610396 -0.0551424 -0.0408756 0.00703688 0.0517154 -0.0321526 0.00647675 0.0929625 0.0954548 -0.0225521 0.0518875 -0.0211995 0.0200505 -0.000163871 -0.0410615 0.0966806 0.0788174 -0.0503251 -0.0685175 0.064772 0.0455829 0.0269221 -0.00540072 -0.0012772 -0.0528082 -0.0939248 0.0365321 0.0994638 0.0835239 -0.00893825 0.0739336 0.0309011 0.0778135 -0.000568719 
-0.0519779 0.0126434 -0.0535846 -0.078362 0.0639253 0.0128357 0.0716099 -0.077009 0.0613443 0.0946528 0.0953517 -0.011831 -0.0618093 0.036018 -0.0804658 -0.0315181 0.0361876 0.0447055 -0.0277132 0.0726093 0.0731957 0.0540429 -0.0762589 0 0.00355398 -0.0870421 -0.0658633 0.091507 -0.0791365 -0.0496034 0.0866158 -0.0945028 0.0404855 0.00797844 0.0473177 -0.0291246 0.0621619 0.0633986 -0.00926378 -0.00247306 0.00534556 -0.0713146 0.00516008 0.0743803 0.0369404 0.0814654 -0.0729142 -0.0964911 -0.0207726 -0.0794729 -0.0898794 0.0523989 -0.0704798 -0.0632649 0.0591179 0.059704 -0.0300325 -0.0851843 0.00916314 0.055887 0.0310502 -0.0106875 -0.0310838 -0.0756545 -0.05269 0.0324314 0.0853558 -0.0572124 -0.016286 -0.0881377 -0.0347832 -0.0678601 -0.0416003 0.066334 -0.0692136 0.0636944 
-0.0433135 0.0709312 -0.00711864 0.0516211 -0.048313 -0.0543984 0.0700227 -0.015055 -0.0826535 0.0128367 0.0512097 -0.0329368 -0.0754124 0.0278031 0.0203287 0.00622848 0.0214014 -0.0184585 -0.0593103 -0.0249599 0.0628671 0.078011 -0.056328 -0.00355398 0 0.0780916 0.0597685 0.0667411 0.0837632 -0.00992305 0.0188312 -0.0459268 -0.0383125 -0.08788 0.0906535 0.0999372 0.0338227 0.0485384 0.0371247 -0.0802402 0.00213752 -0.05091 0.0803708 -0.0204633 0.0897451 0.0313801 -0.0589213 0.00108901 -0.0566523 -0.0457729 0.0522393 0.0938007 -0.068092 -0.0142626 -0.0563469 0.0675699 0.0327567 -0.0498927 0.0185475 0.0383188 -0.0321158 0.0841271 -0.068569 -0.0866206 0.0193227 -0.0398422 0.0791472 -0.0949008 -0.0487861 0.0906239 -0.0528967 0.0994587 -0.0500133 0.00461974 -0.0557583 -0.0475135 
0.0304774 0.0822834 0.0214118 -0.00540117 -0.0494944 0.0742299 -0.0582101 0.0959675 0.0511228 -0.0510459 0.0524853 -0.0334789 0.0737268 -0.071219 0.0730755 -0.00611139 -0.0673123 0.0764577 -0.0915828 0.0638456 0.0572453 0.0233519 0.0957734 0.0870421 -0.0780916 0 0.0841466 -0.00494944 0.00908332 0.0459223 -0.0911154 0.0837147 0.0443829 0.0100991 -0.0200426 0.00704801 -0.00838814 -0.0173547 0.0117453 0.056602 0.0199006 -0.0206437 0.0910001 -0.0426601 -0.0941821 0.0153719 0.0298736 0.0340419 -0.0102762 0.0476147 -0.0506204 -0.0910716 0.0172388 0.0042084 0.0342192 -0.0525714 0.0128324 0.00732896 -0.0822618 0.0327302 0.0714151 -0.0492238 -0.00922378 -0.0744789 0.0227429 -0.0118166 -0.0662673 0.0273763 -0.033557 0.0124145 -0.0749381 -0.0346969 0.0893901 0.00464441 0.0703537 -0.0178731 
0.065043 -0.0534287 0.0409548 -0.0855823 0.0962375 0.0491055 -0.0565541 -0.0530591 -0.0254404 -0.0114125 0.0208685 -0.0614473 0.0444896 0.0177211 0.0221863 -0.0153162 -0.0562388 -0.0730163 -0.0809811 0.0432644 -0.0729401 -0.0270451 -0.0374652 0.0658633 -0.0597685 -0.0841466 0 0.0928772 0.0699968 -0.0699904 -0.0233981 0.064022 0.0754453 -0.0176693 -0.076064 -0.0276495 -0.031052 0.0118889 -0.0911759 -0.0840568 0.0286643 -0.0504261 -0.0522108 0.00724261 0.0356149 -0.0116523 0.0190794 0.0979323 -0.0659825 -0.0350509 0.0994866 0.036901 0.0307635 0.0783725 -0.0706483 0.0573432 -0.079062 -0.0429338 0.0199612 -0.0326682 0.0402203 0.0154021 0.0172432 -0.0762008 0.0607666 0.0491496 0.085375 0.0187242 -0.0169214 -0.0636914 0.00695619 -0.0166714 -0.0276933 0.00721698 0.0107784 -0.0906003 
0.0719862 -0.0057543 -0.0514399 0.0793103 0.076683 0.00123607 -0.0934076 -0.0190275 0.0475287 0.0743989 -0.0233729 0.0529271 0.0992436 0.0130788 0.0543646 -0.0177629 0.013735 -0.0651315 0.0812108 0.0845055 -0.0979164 -0.0991483 0.0478872 -0.091507 -0.0667411 0.00494944 -0.0928772 0 0.0803945 0.0647676 0.00513224 0.0557761 0.0648464 0.0384333 0.0265236 -0.0993537 -0.0475731 -0.0242749 -0.0408632 -0.0768165 -0.00714516 0.00495545 0.0755475 0.0699709 0.0489844 0.0946597 -0.0203987 0.0449261 -0.0119507 0.00110442 0.00918972 0.0726094 0.0758523 -0.0441711 -0.0460008 0.0481635 -0.0596538 -0.0498981 -0.0907602 0.0853419 0.0350145 -0.0794246 -0.0164602 0.0361153 -0.0875962 0.0957805 0.0766621 0.0288583 0.0544207 0.0103299 -0.08872 -0.076787 0.0776654 -0.0923566 0.0555134 -0.0762614 
-0.020506 -0.0524406 0.0283429 -0.0868766 0.0300221 -0.0798137 -0.0949348 -0.0235707 0.0617241 0.077031 -0.0332563 -0.0772799 -0.021854 0.0863405 0.039754 0.0237984 -0.0149791 -0.0295781 -0.035494 0.0262857 0.0269468 0.0642749 0.0138889 0.0791365 -0.0837632 -0.00908332 -0.0699968 -0.0803945 0 -0.0613341 0.0020386 -0.0765547 -0.0254361 -0.0214417 0.0356615 -0.0799538 0.0435504 -0.0103497 0.0126053 -0.0111967 0.0573069 0.0271122 0.0494984 -0.0937904 0.0183565 -0.0582344 -0.022035 -0.018647 0.0449614 -0.00763868 -0.0296749 0.0407159 0.0105195 -0.0268183 0.0864809 -0.00869365 0.0746807 0.0775029 -0.0903754 -0.0837525 0.0823153 -0.0547861 -0.0803952 -0.0410637 -0.0737689 0.0751937 0.0470024 0.0974601 0.0373505 0.0692253 0.0305311 0.0577016 0.057367 -0.0678579 -0.0656503 -0.0585446 
0.0852336 0.0864668 0.0369092 0.0357942 -0.098843 -0.0638876 0.0362618 -0.000141072 0.0904749 0.0300437 0.0117943 -0.0422041 0.0672492 0.0618991 -0.0883205 0.0807173 0.00627375 -0.0761839 -0.0775745 -0.0555962 0.0580835 0.0199151 -0.050872 0.0496034 0.00992305 -0.0459223 0.0699904 -0.0647676 0.0613341 0 0.0250389 0.0622308 0.072983 -0.0335541 -0.0937323 0.0288063 0.0020964 0.0104838 0.0520691 -0.0767667 0.0366961 -0.0232503 -0.00720865 0.0516231 0.0886101 0.0685316 -0.0726675 0.0091567 -0.0200182 -0.0660369 -0.004867 0.0750693 0.0150301 0.0433315 -0.0995823 -0.0182124 -0.0967473 0.0172365 -0.0397657 -0.0456764 -0.050635 0.0879639 -0.0330642 -0.0533403 0.0240693 -0.049181 -0.0588724 0.0186417 0.00691685 0.0263335 -0.0189035 -0.024313 0.00232635 0.0103773 -0.023531 -0.076133 
0.0281785 0.0577442 0.0480233 -0.0860327 0.00886311 -0.00321076 -0.0913646 0.00557038 -0.0558651 -0.0192497 0.0949888 0.0136096 -0.0471386 0.0877705 0.0359297 0.0726237 0.0555396 0.0806635 0.0799751 -0.0678985 -0.0434075 0.065238 -0.0829204 -0.0866158 -0.0188312 0.0911154 0.0233981 -0.00513224 -0.0020386 -0.0250389 0 0.0176897 0.00991104 0.035204 -0.0356171 -0.050178 -0.0649675 0.0913521 0.0235817 -0.0289218 0.0904474 -0.0929146 0.0317601 -0.0920333 -0.0273084 0.0197584 0.0744996 -0.0075004 -0.0258165 -0.0221083 -0.0342337 -0.0442011 0.00507631 0.0445581 -0.0416095 -0.0941105 0.0290528 -0.0539465 -0.0643614 -0.0472899 0.0727381 -0.093432 -0.0190974 -0.07717 0.0346371 -0.0872781 -0.0553994 0.0961385 0.0389058 -0.0811175 -0.0766419 0.0697219 0.0646053 0.0955209 -0.0317894 -0.0459007 
-0.0993759 -0.0529043 -0.062235 -0.0861658 0.0551379 -0.0937073 0.0130753 0.022463 -0.0700785 0.0433051 0.013571 -0.00354559 0.0904271 -0.0812 0.0445687 -0.02201 0.0175501 -0.0719059 -0.0157618 -0.0196747 -0.0636971 -0.0835857 0.0877875 0.0945028 0.0459268 -0.0837147 -0.064022 -0.0557761 0.0765547 -0.0622308 -0.0176897 0 0.0342236 0.000899851 -0.0497742 -0.0358157 0.0902697 0.0138951 0.0299191 -0.0734894 0.0212396 -0.0606337 0.049956 -0.0640948 0.0454491 0.056895 0.0723636 -0.0312881 -0.0126876 -0.0473951 0.0724689 -0.057111 -0.0296125 0.0719893 0.0367799 0.0264259 0.0542309 0.0653184 -0.0545708 -0.0683364 0.0397795 -0.0298451 -0.0545284 -0.0115914 0.0825733 0.0803546 0.0922464 0.0475063 0.0850214 0.000537635 0.0676339 0.00547218 0.0160525 -0.0607831 -0.0129204 0.0732101 
-0.0324789 -0.0163315 0.015258 -0.0140702 -0.0852691 -0.0902676 0.0829889 -0.0200798 -0.0224247 0.0274089 0.0303126 -0.019932 0.0734893 -0.0168624 -0.0619879 -0.0683045 0.0989589 -0.0135474 0.0352395 0.0273172 0.0950293 -0.0293729 -0.00325918 -0.0404855 0.0383125 -0.0443829 -0.0754453 -0.0648464 0.0254361 -0.072983 -0.00991104 -0.0342236 0 -0.078101 0.0546819 0.0042213 -0.0264349 0.0922163 -0.073714 -0.0801801 0.0122812 0.0282626 0.0493048 -0.069972 0.0136765 0.00533051 0.0216591 0.0343283 0.0980719 -0.0993471 0.0282855 0.0694778 0.0776843 0.0140488 0.0323987 0.0601191 -0.0756997 0.0210162 -0.0726237 -0.0448889 -0.0541116 -0.0892325 0.0725511 -0.0397811 0.0302031 -0.0992363 0.0866139 0.0395832 0.0427259 0.0548798 -0.0684151 -0.0954318 0.060432 0.0474426 -0.034948 -0.060867 
0.0605442 -0.0670355 0.0669515 0.00676498 0.0872256 -0.0678684 0.0838563 0.0202834 -0.0818237 -0.00771337 -0.00625291 -0.037063 0.0991108 -0.0457244 -0.0844111 -0.00968654 0.0441162 0.0916471 -0.0410918 -0.0980285 -0.0195023 -0.092791 0.0614571 -0.00797844 0.08788 -0.0100991 0.0176693 -0.0384333 0.0214417 0.0335541 -0.035204 -0.000899851 0.078101 0 0.00495976 0.0114492 0.0582855 0.0777725 0.0590479 -0.0877602 -0.0959913 0.00425922 -0.00455007 -0.0916483 -0.0766631 0.0468356 -0.0276381 -0.0160876 0.0211646 0.0561265 -0.0937767 -0.0159438 -0.0164074 0.0930022 0.0425637 -0.0239879 -0.0357991 0.0535029 0.0255834 0.0381537 -0.00579655 -0.0752672 -0.0159239 0.0321156 0.0647743 -0.0816502 -0.0328775 -0.0562259 -0.0158737 0.0230211 -0.0271268 -0.0197405 -0.00601849 0.0854691 -0.052147 0.00478727 
0.0284595 -0.0103666 -0.0199774 -0.0452613 -0.0900334 0.061265 0.0910635 0.0140838 0.0433104 -0.0884174 0.0943354 0.0929195 0.0675395 0.054825 0.0666195 -0.0629237 -0.0780846 -0.0223206 -0.0871653 0.052161 -0.0176284 0.056566 -0.00379565 -0.0473177 -0.0906535 0.0200426 0.076064 -0.0265236 -0.0356615 0.0937323 0.0356171 0.0497742 -0.0546819 -0.00495976 0 -0.0552397 0.0388595 0.0977996 -0.0624841 -0.017387 -0.0547455 0.0376166 -0.0257775 -0.0815369 -0.0873725 0.0827154 0.057504 0.0652977 0.0253366 -0.0199128 0.0561276 -0.0994246 -0.0564867 -0.0992665 -0.0949689 -0.0852424 -0.0855905 -0.062458 -0.0517826 0.0825874 0.0708295 -0.0976472 0.010272 0.0722601 -0.0957286 -0.0761743 -0.0247604 -0.0766824 0.0500283 -0.0303989 -0.093523 0.00518135 0.00874149 -0.064113 -0.0939094 0.000925458 
0.00830336 0.0336084 -0.0787489 0.0880258 -0.0240862 -0.0860083 0.0612308 -0.00564828 -0.0367595 0.055567 -0.00792126 0.0907984 0.0931218 -0.0245978 -0.0906545 -0.0156731 0.0065518 0.0958698 0.0949781 0.0158896 0.0235682 -0.0110833 -0.049832 0.0291246 -0.0999372 -0.00704801 0.0276495 0.0993537 0.0799538 -0.0288063 0.050178 0.0358157 -0.0042213 -0.0114492 0.0552397 0 -0.0726919 0.0544543 -0.0507091 0.0809818 -0.0816339 0.00697935 0.0938212 -0.0762212 0.0310231 0.0544988 0.032301 0.0409919 0.0563643 -0.0957475 0.0700229 0.0665989 -0.0849832 0.00725753 0.056523 0.033767 0.0580053 -0.0590565 0.0209158 -0.0867458 -0.0762384 0.0815343 -0.0985945 0.0479615 0.0703174 -0.0146903 0.0914504 0.0940478 -0.0883444 0.0702234 0.0621413 0.0607119 -0.0237192 -0.0733722 -0.0641205 -0.016209 
0.00829829 -0.0785665 0.0781484 -0.0409437 -0.0362307 -0.0589973 0.0224531 -0.00412378 0.0824881 -0.0734255 -0.0860931 0.074326 0.0759057 -0.0719804 0.00148643 -0.0341001 0.0354004 -0.0977153 0.0903699 0.00364843 0.0862979 0.0311315 0.00376251 -0.0621619 -0.0338227 0.00838814 0.031052 0.0475731 -0.0435504 -0.0020964 0.0649675 -0.0902697 0.0264349 -0.0582855 -0.0388595 0.0726919 0 -0.0293075 -0.0210848 -0.00195642 0.0435632 -0.0284785 -0.0644916 0.0160027 0.0572675 0.0518948 0.0668478 0.0256616 -0.0243871 0.0673501 -0.020105 0.0996874 0.0718216 -0.0217111 0.0205048 0.067184 -0.0644237 -0.024348 0.00146602 -0.0749169 -0.0507623 0.0499048 0.0686377 0.025907 0.0785964 -0.0661697 -0.018636 -0.0660566 -0.0079662 -0.0812399 -0.00354963 0.0130401 0.0117936 -0.0858236 0.0317929 0.00871121 
0.000143988 0.0167 0.0398822 0.0756127 0.0904977 0.0624354 0.0619443 0.076016 0.0566835 0.0484282 -0.0793582 -0.0338555 0.0537821 0.0136064 -0.0997716 -0.0425212 -0.0823615 0.0138584 -0.0863938 0.0158853 0.00891959 0.0139395 -0.0894257 -0.0633986 -0.0485384 0.0173547 -0.0118889 0.0242749 0.0103497 -0.0104838 -0.0913521 -0.0138951 -0.0922163 -0.0777725 -0.0977996 -0.0544543 0.0293075 0 -0.0710239 -0.0511124 -0.0635807 -0.0705602 0.060852 -0.0352655 -0.0637215 -0.022639 0.0778853 -0.0559707 -0.0863618 -0.0223039 -0.0629489 0.00281875 0.0470109 -0.0204871 0.0146221 0.07136 -0.0151755 -0.0420648 0.0721654 -0.0209518 0.0851482 -0.0893059 -0.0105993 -0.0740564 -0.0677287 -0.0787012 -0.0774144 -0.0321363 -0.0471078 0.0581593 -0.0676778 0.0687622 -0.0847737 -0.0596583 -0.0707127 -0.0917815 
0.00364094 -0.0974428 -0.0169393 -0.0699294 0.0653852 0.0119747 -0.00370129 -0.0281013 -0.00830631 0.0993979 -0.0678926 -0.0943275 0.0330132 0.0836367 -0.0387412 0.0896954 -0.0239909 -0.0555254 0.0856709 0.0261383 0.00903776 0.0104462 -0.0947886 0.00926378 -0.0371247 -0.0117453 0.0911759 0.0408632 -0.0126053 -0.0520691 -0.0235817 -0.0299191 0.073714 -0.0590479 0.0624841 0.0507091 0.0210848 0.0710239 0 0.000725795 0.0711265 -0.0113314 0.0738522 -0.004423 -0.053953 0.0444059 0.0731086 -0.0786929 -0.0378848 0.0358817 0.0584414 0.0827749 0.0785091 -0.051764 0.0224173 0.0454012 0.0525354 -0.0438827 0.0465714 -0.0174191 -0.0740041 0.0592131 -0.0624359 -0.0971473 0.0939238 -0.0921161 0.0525398 0.0791477 -0.0146208 -0.0911154 -0.0385357 0.0483606 -0.0126231 -0.0849591 -0.0741558 0.0706365 
0.0489643 -0.0845064 -0.0813741 -0.0875323 -0.027452 0.0754669 0.0930896 0.0461495 -0.094991 -0.0629884 0.0524784 0.0184088 0.000822417 -0.0274882 -0.00949929 -0.0261398 -0.0725622 -0.0633541 -0.0821772 0.0150334 0.0246984 0.00808363 0.0593886 0.00247306 0.0802402 -0.056602 0.0840568 0.0768165 0.0111967 0.0767667 0.0289218 0.0734894 0.0801801 0.0877602 0.017387 -0.0809818 0.00195642 0.0511124 -0.000725795 0 -0.054192 -0.00110104 -0.0375286 0.0382801 0.0173816 -0.0847007 0.0597086 -0.086863 -0.0420565 0.0495402 0.0393979 -0.00508387 0.0959182 0.0124412 0.00508256 -0.026492 0.0216618 -0.063133 -0.0286253 -0.0827326 0.073653 0.0297416 -0.0455112 0.00219975 -0.0566071 -0.0210382 0.0333347 0.054172 0.0140173 -0.0519031 -0.0970364 -0.0526663 0.0721997 -0.0420623 0.0881035 0.0337081 
-0.0379315 0.00211236 0.0833815 0.0254122 -0.0501253 0.0446424 0.0476192 0.00890531 -0.0448346 -0.0720881 -0.0293003 -0.0281933 0.0757682 0.0828298 -0.0237173 0.000873384 -0.0408429 -0.0174412 0.00132826 0.0493902 0.0185736 0.0725699 -0.0644773 -0.00534556 -0.00213752 -0.0199006 -0.0286643 0.00714516 -0.0573069 -0.0366961 -0.0904474 -0.0212396 -0.0122812 0.0959913 0.0547455 0.0816339 -0.0435632 0.0635807 -0.0711265 0.054192 0 -0.0602589 -0.0693103 -0.0471941 -0.0355789 -0.0529577 -0.0928739 -0.00617383 -0.00959383 0.0647951 -0.0701988 -0.0500405 0.045578 0.0481588 -0.0752693 0.0117012 -0.0823021 0.0180785 0.0468581 -0.073836 -0.00195213 -0.0669373 -0.0642239 -0.0528862 -0.0902168 -0.0897292 -0.0867408 0.00838688 -0.0421651 -0.016361 -0.0832875 -0.0466213 0.0351389 0.064462 -0.0390544 -0.0631335 
0.00443192 -0.0332206 0.0130091 0.0654561 0.0143837 0.00237149 0.0958244 -0.0130235 -0.0826448 0.0323733 0.018246 -0.074409 0.0276868 -0.0281234 -0.0472932 -0.0618408 -0.0274093 0.0197122 0.000669904 0.0240504 0.0311985 -0.00707109 0.00617956 0.0713146 0.05091 0.0206437 0.0504261 -0.00495545 -0.0271122 0.0232503 0.0929146 0.0606337 -0.0282626 -0.00425922 -0.0376166 -0.00697935 0.0284785 0.0705602 0.0113314 0.00110104 0.0602589 0 0.0150711 -0.0162274 -0.0890459 0.0389364 0.012713 -0.0914534 0.076659 -0.0625313 -0.0581359 0.0661801 -0.0547902 0.00802187 -0.0132206 0.0710462 -0.02137 -0.054953 0.0182674 0.0851237 0.00567904 -0.0443954 0.0399997 -0.0907344 -0.0351382 0.0245778 0.0774088 -0.0439752 0.0921892 0.0307725 0.02767 0.0579231 0.0550629 0.0395118 0.0435388 -0.0723753 
-0.0589543 -0.0639636 0.0762809 -0.077161 0.0981242 0.0573762 -0.0532672 0.0536788 0.0219881 0.084084 -0.0489281 0.040494 -0.0462279 -0.0768006 -0.0879893 0.0301643 -0.00901775 -0.0719123 0.0622943 0.0111109 -0.0162741 -0.0831848 0.0610396 -0.00516008 -0.0803708 -0.0910001 0.0522108 -0.0755475 -0.0494984 0.00720865 -0.0317601 -0.049956 -0.0493048 0.00455007 0.0257775 -0.0938212 0.0644916 -0.060852 -0.0738522 0.0375286 0.0693103 -0.0150711 0 0.00766889 -0.0715735 0.0855506 -0.0925477 -0.0171213 0.0636527 0.0931181 0.0602029 -0.0352908 0.0182726 -0.0296193 -0.0852353 0.0627685 0.0147024 0.0944322 0.0859493 -0.0874974 0.0111993 0.0833051 -0.097623 -0.00937391 -0.0625458 -0.0553408 -0.0676613 0.0335597 -0.0655945 0.0955708 0.0642062 0.0732297 0.0565235 -0.0887408 0.0576209 -0.0473366 
0.0151215 0.00433911 -0.0475234 0.0406768 0.0190235 -0.00540319 0.0713688 0.0193617 0.0887495 0.0790673 0.0970128 -0.0810392 -0.0656374 0.0210935 -0.0153906 0.0274506 -0.0233779 0.0162005 -0.0182761 0.00875586 0.0357344 -0.0892389 0.0551424 -0.0743803 0.0204633 0.0426601 -0.00724261 -0.0699709 0.0937904 -0.0516231 0.0920333 0.0640948 0.069972 0.0916483 0.0815369 0.0762212 -0.0160027 0.0352655 0.004423 -0.0382801 0.0471941 0.0162274 -0.00766889 0 -0.0500519 -0.0979443 -0.00818161 0.0793211 0.0951382 -0.0123978 0.00921537 -0.0188226 0.029212 0.0144834 0.0779946 -0.0777487 0.0657155 0.0986026 -0.0111245 -0.0333603 -0.0328024 -0.0683021 0.0602895 0.0448222 0.0407124 0.0182118 0.0954241 -0.069087 0.0159005 0.0184547 -0.0219201 0.0804146 0.0142669 0.00410326 0.0688259 -8.1838e-05 
-0.0897425 -0.055179 -0.0301839 -0.0312787 0.0174439 -0.00235916 -0.0293073 0.0257249 -0.085965 -0.0634707 -0.0954509 -0.0691703 -0.0507342 -0.0490923 0.0877259 -0.0417886 -0.0760864 0.0305746 0.0335123 0.0244403 0.0584193 -0.0398858 0.0408756 -0.0369404 -0.0897451 0.0941821 -0.0356149 -0.0489844 -0.0183565 -0.0886101 0.0273084 -0.0454491 -0.0136765 0.0766631 0.0873725 -0.0310231 -0.0572675 0.0637215 0.053953 -0.0173816 0.0355789 0.0890459 0.0715735 0.0500519 0 0.0382937 -0.0510141 -0.0296279 -0.0119351 -0.0701401 -0.0821867 -0.018296 0.0280738 -0.0368741 0.0908398 0.0503108 -0.0581865 -0.0787859 0.0441406 -0.0409649 0.0224982 -0.0975111 -0.0989412 -0.0446578 0.04412 0.0578671 0.0447321 0.0450854 -0.0713562 0.0767824 -0.0746058 -0.0149061 -0.0302489 -0.0679754 0.0459822 0.0718511 
-0.0552554 -0.0738588 -0.0654881 -0.0837249 0.0177053 -0.077244 -0.0183298 0.0256112 -0.0876471 -0.0703765 0.00665887 -0.0340862 0.0177255 -0.0477319 -0.0641572 0.0264168 -0.0758404 0.0524063 -0.0779772 0.0284937 -0.0579625 -0.0791964 -0.00703688 -0.0814654 -0.0313801 -0.0153719 0.0116523 -0.0946597 0.0582344 -0.0685316 -0.0197584 -0.056895 -0.00533051 -0.0468356 -0.0827154 -0.0544988 -0.0518948 0.022639 -0.0444059 0.0847007 0.0529577 -0.0389364 -0.0855506 0.0979443 -0.0382937 0 -0.0963278 -0.0515211 5.38519e-05 -0.0709718 0.0547774 -0.00435156 -0.0450189 -0.0443337 -0.0327863 0.0603377 -0.0168208 0.0362772 -0.0878299 -0.0195132 0.0342583 -0.0831025 -0.00954694 0.0337252 -0.0878303 -0.0529057 0.000769215 0.0311917 0.0339432 -0.0241331 0.0825627 -0.0484046 0.0744816 0.00259268 0.0261528 0.070909 
0.0645579 -0.0538713 0.0583732 0.0156495 -0.0124437 -0.0121374 0.011227 0.0397309 -0.0727801 0.0945541 -0.020047 0.0840397 0.00121662 0.0941309 -0.0274217 -0.0535293 0.060756 -0.0445377 -0.0814816 0.00128142 -0.0114632 0.00166764 -0.0517154 0.0729142 0.0589213 -0.0298736 -0.0190794 0.0203987 0.022035 0.0726675 -0.0744996 -0.0723636 -0.0216591 0.0276381 -0.057504 -0.032301 -0.0668478 -0.0778853 -0.0731086 -0.0597086 0.0928739 -0.012713 0.0925477 0.00818161 0.0510141 0.0963278 0 0.0584668 0.0133782 0.0634834 0.0749334 0.0957226 0.0180587 -0.0510804 0.0144131 0.0719502 -0.00310532 -0.00989888 0.059538 0.0831669 0.0965936 -0.0896846 0.0843075 0.0531542 0.0106065 0.0758866 0.0911073 -0.0534275 0.0777742 -0.0936065 0.0427382 0.0451197 0.0911018 0.0246936 -0.0452583 -0.0931837 
-0.0739351 -0.00669785 -0.00751249 -0.0514545 0.00565598 0.0388103 0.0605333 0.0447166 0.00588544 0.0210993 0.0353317 -0.0436545 0.0267754 -0.0306413 0.00475974 -0.0198353 0.0386406 0.0386786 0.0935743 0.0536099 0.0307556 0.0977974 0.0321526 0.0964911 -0.00108901 -0.0340419 -0.0979323 -0.0449261 0.018647 -0.0091567 0.0075004 0.0312881 -0.0343283 0.0160876 -0.0652977 -0.0409919 -0.0256616 0.0559707 0.0786929 0.086863 0.00617383 0.0914534 0.0171213 -0.0793211 0.0296279 0.0515211 -0.0584668 0 0.00780783 0.0934673 0.0347146 -0.0586543 0.00422809 -0.0185784 -0.0666733 0.0758082 -0.00227873 0.00273908 -0.00992776 0.00862304 0.0988411 0.0590769 0.0866002 -0.0680219 -0.0217579 0.0404421 0.07658 0.0294591 -0.0135683 -0.0711703 -0.0478981 0.0767676 0.0642107 0.0598238 -0.0816678 0.0549128 
-0.0675605 0.0483112 -0.0772545 0.0259737 0.033152 -0.0709384 -0.0656311 0.0380319 -0.0833839 -0.029483 0.0630766 0.0781089 -0.0638023 0.0687808 -0.052935 0.0998816 0.0517301 0.00464617 0.0502747 0.0650314 -0.0297773 0.00554212 -0.00647675 0.0207726 0.0566523 0.0102762 0.0659825 0.0119507 -0.0449614 0.0200182 0.0258165 0.0126876 -0.0980719 -0.0211646 -0.0253366 -0.0563643 0.0243871 0.0863618 0.0378848 0.0420565 0.00959383 -0.076659 -0.0636527 -0.0951382 0.0119351 -5.38519e-05 -0.0133782 -0.00780783 0 -0.0931253 0.0356759 -0.0123543 0.0784282 -0.0275695 0.066958 -0.0430095 -0.0241707 0.0100322 -0.0764803 0.0901715 0.0980543 -0.0844908 -0.0474117 0.0242939 -0.00330765 -0.0655041 -0.0265558 0.0376218 -0.043223 -0.0936135 0.0675933 -0.0736789 0.0747468 -0.0856044 -0.0148414 -0.0855365 
0.0704821 -0.0427858 0.0275022 -0.0121477 0.0154828 -0.0455647 0.0712327 -0.0577602 -0.00732864 0.0091941 0.00444429 -0.00674872 0.095559 0.0609242 -0.0114909 -0.0137975 0.0571631 0.0283518 -0.0411056 0.00497173 -0.0463104 -0.010379 -0.0929625 0.0794729 0.0457729 -0.0476147 0.0350509 -0.00110442 0.00763868 0.0660369 0.0221083 0.0473951 0.0993471 -0.0561265 0.0199128 0.0957475 -0.0673501 0.0223039 -0.0358817 -0.0495402 -0.0647951 0.0625313 -0.0931181 0.0123978 0.0701401 0.0709718 -0.0634834 -0.0934673 0.0931253 0 0.0658079 0.0890636 -0.097143 0.013899 0.0945128 -0.00943707 -0.052525 -0.0206766 -0.0369196 -0.0277807 -0.00476476 -0.0848099 -0.0322894 0.0194664 -0.0428746 -0.0746076 0.0179879 5.366e-05 -0.0168533 -0.0842684 -0.0133129 -0.0776613 -0.0527946 -0.0318594 -0.00397902 -0.0635992 
-0.0970176 -0.033009 -0.0176894 -0.00861476 -0.0452106 0.0905436 -0.0564659 -0.0815 -0.0733442 -0.0582387 -0.000491003 0.00818167 0.0880043 0.0446296 0.0557538 0.00703716 0.0797737 0.0444956 -0.0837192 0.0938156 -0.0453947 -0.0594263 -0.0954548 0.0898794 -0.0522393 0.0506204 -0.0994866 -0.00918972 0.0296749 0.004867 0.0342337 -0.0724689 -0.0282855 0.0937767 -0.0561276 -0.0700229 0.020105 0.0629489 -0.0584414 -0.0393979 0.0701988 0.0581359 -0.0602029 -0.00921537 0.0821867 -0.0547774 -0.0749334 -0.0347146 -0.0356759 -0.0658079 0 0.0317508 -0.0997725 0.0222322 -0.00535164 -0.0928649 0.0156554 -0.0358287 -0.010256 0.0402584 -0.0831535 -0.0617555 0.0133442 0.0211106 -0.0329384 0.0443799 0.0572901 -0.00354276 -0.0431388 0.0709853 -0.0727006 -0.0896554 -0.0833828 0.0857883 0.0762667 0.0607531 
-0.031093 -0.0471656 0.0746614 -0.00985963 -0.0632601 0.0320146 -0.0101646 -0.0717436 -0.0499809 -0.0435562 -0.0103835 0.0267298 -0.0422652 -0.0793216 -0.0675494 0.0126779 -0.0918795 -0.032716 0.0792954 -0.026499 0.0901145 -0.0258524 0.0225521 -0.0523989 -0.0938007 0.0910716 -0.036901 -0.0726094 -0.0407159 -0.0750693 0.0442011 0.057111 -0.0694778 0.0159438 0.0994246 -0.0665989 -0.0996874 -0.00281875 -0.0827749 0.00508387 0.0500405 -0.0661801 0.0352908 0.0188226 0.018296 0.00435156 -0.0957226 0.0586543 0.0123543 -0.0890636 -0.0317508 0 -0.00917287 0.0963581 -0.077784 -0.0372322 0.0854644 -0.0322507 -0.0522847 -0.0816011 0.0810359 0.0277924 -0.0840876 -0.049682 0.0265404 0.0754166 0.0922822 -0.00856734 -0.0645911 0.0193917 -0.0415423 -0.0726181 -0.0397634 -0.0845075 0.0302356 0.0468662 
0.0563179 -0.0942274 -0.0545837 -0.061377 0.00654824 -0.0340166 -0.0127929 0.0941259 0.0941708 0.0646269 -0.0397769 0.0868111 0.0171239 -0.0963187 0.0798613 -0.0796785 -0.064389 0.0443007 -0.0926611 -0.0469029 -0.0895902 0.085284 -0.0518875 0.0704798 0.068092 -0.0172388 -0.0307635 -0.0758523 -0.0105195 -0.0150301 -0.00507631 0.0296125 -0.0776843 0.0164074 0.0564867 0.0849832 -0.0718216 -0.0470109 -0.0785091 -0.0959182 -0.045578 0.0547902 -0.0182726 -0.029212 -0.0280738 0.0450189 -0.0180587 -0.00422809 -0.0784282 0.097143 0.0997725 0.00917287 0 -0.0138508 -0.0381629 0.069788 -0.018368 0.0847054 -0.033103 0.0721743 0.00890125 -0.085057 -0.0886673 0.059693 0.0619609 -0.0764875 0.00753511 -0.0672365 0.0726937 -0.00705223 -0.0351933 0.0237213 -0.0809401 0.0884766 0.0152908 0.0534211 
-0.00309511 -0.0359176 0.0150332 -0.0771044 -0.0493018 -0.0266086 0.0791085 0.0501955 0.0811582 -0.0857614 0.0473746 0.0415343 0.0554875 -0.0190627 -0.075442 0.0750084 -0.0921815 -0.029889 0.0555391 -0.00798454 0.0602913 0.0747092 0.0211995 0.0632649 0.0142626 -0.0042084 -0.0783725 0.0441711 0.0268183 -0.0433315 -0.0445581 -0.0719893 -0.0140488 -0.0930022 0.0992665 -0.00725753 0.0217111 0.0204871 0.051764 -0.0124412 -0.0481588 -0.00802187 0.0296193 -0.0144834 0.0368741 0.0443337 0.0510804 0.0185784 0.0275695 -0.013899 -0.0222322 -0.0963581 0.0138508 0 0.0218727 -0.0692934 0.0732339 0.0918059 0.0520801 0.0357495 0.0771979 -0.0985431 0.0976172 0.0461688 0.0499928 -0.0149781 0.0385333 0.014218 -0.00228142 0.0122037 -0.0919181 0.0288186 0.0227648 -0.0962864 -0.0529507 0.0428444 
0.0970307 -0.0862171 -0.0982641 -0.0273993 -0.0741211 -0.04285 -0.086086 0.0213366 0.016863 7.64954e-05 -0.0706064 0.0404689 0.0226594 0.0757748 0.0148027 0.00712133 0.0497425 0.0326745 0.0256566 -0.0550481 -0.0664313 -0.058302 -0.0200505 -0.0591179 0.0563469 -0.0342192 0.0706483 0.0460008 -0.0864809 0.0995823 0.0416095 -0.0367799 -0.0323987 -0.0425637 0.0949689 -0.056523 -0.0205048 -0.0146221 -0.0224173 -0.00508256 0.0752693 0.0132206 0.0852353 -0.0779946 -0.0908398 0.0327863 -0.0144131 0.0666733 -0.066958 -0.0945128 0.00535164 0.077784 0.0381629 -0.0218727 0 -0.0681764 -0.0793976 0.0644793 0.0837389 -0.0475888 -0.0420119 -0.0437946 -0.0190538 0.00423323 -0.055679 -0.059247 0.0367842 -0.0371267 -0.0562568 0.0531434 0.0923416 -0.00520503 0.0338551 0.0598198 -0.0502033 0.0387473 
-0.00532159 0.0954697 -0.0708719 0.037273 -0.00660795 0.00455285 -0.0231259 -0.0511418 -0.0482583 -0.0477462 0.0490432 0.0333571 0.0416483 -0.0697948 0.0884837 0.0605304 -0.0102612 -0.0281502 -0.00742701 -0.0284696 -0.0144499 -0.0679031 0.000163871 -0.059704 -0.0675699 0.0525714 -0.0573432 -0.0481635 0.00869365 0.0182124 0.0941105 -0.0264259 -0.0601191 0.0239879 0.0852424 -0.033767 -0.067184 -0.07136 -0.0454012 0.026492 -0.0117012 -0.0710462 -0.0627685 0.0777487 -0.0503108 -0.0603377 -0.0719502 -0.0758082 0.0430095 0.00943707 0.0928649 0.0372322 -0.069788 0.0692934 0.0681764 0 -0.0140243 0.054754 -0.0729108 -0.0122647 -0.0322163 0.0167959 0.0103719 -0.0403915 0.0420064 -0.0306529 -0.0144422 -0.0403166 0.0529865 -0.00222541 -0.00781025 0.0402532 -0.0253809 -0.0146192 0.097837 0.054655 
0.0770385 -0.0793196 0.0780888 0.0534589 -0.0859222 0.0439216 -0.0355632 -0.0674849 -0.0994738 0.050718 -0.036536 -0.0690785 0.0695566 -0.079844 0.0816357 -0.0875755 -0.0291454 -0.0197626 -0.0249957 0.0118784 0.0502118 0.0837078 0.0410615 0.0300325 -0.0327567 -0.0128324 0.079062 0.0596538 -0.0746807 0.0967473 -0.0290528 -0.0542309 0.0756997 0.0357991 0.0855905 -0.0580053 0.0644237 0.0151755 -0.0525354 -0.0216618 0.0823021 0.02137 -0.0147024 -0.0657155 0.0581865 0.0168208 0.00310532 0.00227873 0.0241707 0.052525 -0.0156554 -0.0854644 0.018368 -0.0732339 0.0793976 0.0140243 0 -0.0385818 -0.0409215 0.0143054 0.0308207 0.0615842 -0.0195709 0.00366311 -0.0935346 -0.0768609 0.0728995 -0.0515068 -0.0842748 -0.0687492 -0.0736521 -0.0133705 -0.0124805 0.0232132 0.0628626 0.0979708 
-0.0565911 -0.0816395 -0.0928514 0.0501578 -0.0704566 -0.0546371 -0.00782982 -0.00614041 -0.0704976 0.0154625 -0.0623197 -0.0553692 0.055388 -0.04756 -0.096665 -0.0529836 0.0309702 0.0941151 -0.0319672 -0.037417 -0.0848774 -0.0295876 -0.0966806 0.0851843 0.0498927 -0.00732896 0.0429338 0.0498981 -0.0775029 -0.0172365 0.0539465 -0.0653184 -0.0210162 -0.0535029 0.062458 0.0590565 0.024348 0.0420648 0.0438827 0.063133 -0.0180785 0.054953 -0.0944322 -0.0986026 0.0787859 -0.0362772 0.00989888 -0.00273908 -0.0100322 0.0206766 0.0358287 0.0322507 -0.0847054 -0.0918059 -0.0644793 -0.054754 0.0385818 0 -0.0498605 0.0808565 -0.0533633 -0.0303933 0.0462479 0.0162031 0.0641675 -0.0401199 -0.0451133 -0.0287411 -0.0772378 -0.0678723 0.020858 -0.0884519 -0.0586336 -0.0238724 -0.028147 0.0675717 
-0.0288751 0.00191454 0.0277768 0.0445264 -0.0187036 0.0103169 0.0323584 0.0875523 0.0220922 0.0533526 -0.0625755 -0.0382429 -0.00575349 0.0465349 0.0946347 -0.0478665 -0.0187123 0.0394424 -0.0170054 -0.0314837 -0.0509944 -0.0963199 -0.0788174 -0.00916314 -0.0185475 0.0822618 -0.0199612 0.0907602 0.0903754 0.0397657 0.0643614 0.0545708 0.0726237 -0.0255834 0.0517826 -0.0209158 -0.00146602 -0.0721654 -0.0465714 0.0286253 -0.0468581 -0.0182674 -0.0859493 0.0111245 -0.0441406 0.0878299 -0.059538 0.00992776 0.0764803 0.0369196 0.010256 0.0522847 0.033103 -0.0520801 -0.0837389 0.0729108 0.0409215 0.0498605 0 -0.0101057 0.0578265 -0.0491338 -0.0542909 0.0051884 -0.0104423 0.00774011 0.00875388 -0.0146554 -0.0978544 0.0143195 -0.082083 0.0600617 0.0278229 0.0491304 -0.0301946 -0.00853979 
0.082738 -0.0753038 0.0440146 0.0174575 -0.045222 0.00876256 0.0994427 -0.0888562 -0.0580475 -0.0437242 -0.0310416 -0.0802265 0.0558563 0.0706599 0.0129148 0.0353417 -0.0924419 -0.0678748 -0.0759925 -0.0338644 0.038111 -0.0506601 0.0503251 -0.055887 -0.0383188 -0.0327302 0.0326682 -0.0853419 0.0837525 0.0456764 0.0472899 0.0683364 0.0448889 -0.0381537 -0.0825874 0.0867458 0.0749169 0.0209518 0.0174191 0.0827326 0.073836 -0.0851237 0.0874974 0.0333603 0.0409649 0.0195132 -0.0831669 -0.00862304 -0.0901715 0.0277807 -0.0402584 0.0816011 -0.0721743 -0.0357495 0.0475888 0.0122647 -0.0143054 -0.0808565 0.0101057 0 -0.0228563 0.0680014 -0.0483264 -0.0203326 0.0941766 0.061973 0.0317777 -0.0962517 -0.0304727 -0.0758397 -0.0746797 0.020296 0.0253906 0.0288418 -0.0157653 -0.0342595 
-0.0924748 -0.0705193 0.0043798 -0.0710004 0.0678134 -0.0335401 -0.00722875 -0.0668703 -0.0940801 0.0659623 0.0507966 0.00151771 0.0573328 -0.0157493 -0.0956813 0.0227846 0.0764323 0.0163459 -0.0804663 0.0312693 -0.0436394 -0.0286067 0.0685175 -0.0310502 0.0321158 -0.0714151 -0.0402203 -0.0350145 -0.0823153 0.050635 -0.0727381 -0.0397795 0.0541116 0.00579655 -0.0708295 0.0762384 0.0507623 -0.0851482 0.0740041 -0.073653 0.00195213 -0.00567904 -0.0111993 0.0328024 -0.0224982 -0.0342583 -0.0965936 -0.0988411 -0.0980543 0.00476476 0.0831535 -0.0810359 -0.00890125 -0.0771979 0.0420119 0.0322163 -0.0308207 0.0533633 -0.0578265 0.0228563 0 -0.0928486 0.012809 0.0517673 0.0572452 0.0656683 -0.0888653 -0.0255735 -0.0710155 0.048538 0.0175946 0.0643096 -0.0303286 -0.0792236 0.0790146 0.0660173 
0.0936498 0.0447332 0.0983444 -0.028125 0.0460909 -0.0637212 0.0592682 0.0530849 0.0228233 -0.0792842 0.0765549 0.0500016 -0.0520415 -0.0983902 0.0584467 0.0580121 0.0685422 0.0571984 0.0398015 0.000860887 0.00755446 0.0307547 -0.064772 0.0106875 -0.0841271 0.0492238 -0.0154021 0.0794246 0.0547861 -0.0879639 0.093432 0.0298451 0.0892325 0.0752672 0.0976472 -0.0815343 -0.0499048 0.0893059 -0.0592131 -0.0297416 0.0669373 0.0443954 -0.0833051 0.0683021 0.0975111 0.0831025 0.0896846 -0.0590769 0.0844908 0.0848099 0.0617555 -0.0277924 0.085057 0.0985431 0.0437946 -0.0167959 -0.0615842 0.0303933 0.0491338 -0.0680014 0.0928486 0 -0.0469345 -0.0769151 -0.057939 0.00851207 0.0245342 -0.0414173 0.0341506 0.0185509 0.0284976 0.00850685 -0.0602643 0.0802928 -0.0099884 0.0817632 
-0.0355034 0.0503371 0.0586474 -0.0052011 0.0164024 0.0781203 0.0625339 -0.0967521 -0.0455273 0.0974013 -0.0683689 -0.0732839 -0.0831276 -0.0499003 -0.0713591 0.0186923 -0.0423974 -0.0760891 0.05732 -0.0404857 0.0644428 -0.00445899 -0.0455829 0.0310838 0.068569 0.00922378 -0.0172432 0.0164602 0.0803952 0.0330642 0.0190974 0.0545284 -0.0725511 0.0159239 -0.010272 0.0985945 -0.0686377 0.0105993 0.0624359 0.0455112 0.0642239 -0.0399997 0.097623 -0.0602895 0.0989412 0.00954694 -0.0843075 -0.0866002 0.0474117 0.0322894 -0.0133442 0.0840876 0.0886673 -0.0976172 0.0190538 -0.0103719 0.0195709 -0.0462479 0.0542909 0.0483264 -0.012809 0.0469345 0 0.0363669 0.00650058 0.0871524 -0.0216259 0.0643295 0.00255997 -0.0695505 -0.0432386 0.026453 -0.0478762 0.0555266 -0.0577912 0.0485738 
0.0745262 -0.00463235 -0.0524972 0.0371539 0.0996477 -0.00755788 0.0443694 -0.044971 0.0744405 0.0985088 -0.00218822 -0.0531439 0.0964303 0.0305456 -0.0601945 -0.0640557 -0.051382 -0.0780267 -0.0683679 -0.0204733 -0.0302924 0.034722 -0.0269221 0.0756545 0.0866206 0.0744789 0.0762008 -0.0361153 0.0410637 0.0533403 0.07717 0.0115914 0.0397811 -0.0321156 -0.0722601 -0.0479615 -0.025907 0.0740564 0.0971473 -0.00219975 0.0528862 0.0907344 0.00937391 -0.0448222 0.0446578 -0.0337252 -0.0531542 0.0680219 -0.0242939 -0.0194664 -0.0211106 0.049682 -0.059693 -0.0461688 -0.00423323 0.0403915 -0.00366311 -0.0162031 -0.0051884 0.0203326 -0.0517673 0.0769151 -0.0363669 0 0.0760319 0.0749889 0.0305738 -0.00796322 -0.00324627 0.0766901 -0.0728035 -0.0156979 0.0523701 -0.0542753 -0.0897507 -0.0431535 
-0.0342214 0.0566044 -0.0560794 -0.0344987 0.0568969 -0.0439011 0.0104819 -0.00242483 0.0667267 0.0139631 -0.00927408 0.0954393 0.0499859 -0.0936708 -0.00958885 0.0976914 0.00309701 0.0767421 0.0614408 0.0279404 0.0788068 0.0869795 0.00540072 0.05269 -0.0193227 -0.0227429 -0.0607666 0.0875962 0.0737689 -0.0240693 -0.0346371 -0.0825733 -0.0302031 -0.0647743 0.0957286 -0.0703174 -0.0785964 0.0677287 -0.0939238 0.0566071 0.0902168 0.0351382 0.0625458 -0.0407124 -0.04412 0.0878303 -0.0106065 0.0217579 0.00330765 0.0428746 0.0329384 -0.0265404 -0.0619609 -0.0499928 0.055679 -0.0420064 0.0935346 -0.0641675 0.0104423 -0.0941766 -0.0572452 0.057939 -0.00650058 -0.0760319 0 -0.0172719 -0.00164327 -0.0538348 -0.0674383 0.0740783 -0.0673963 -0.0102679 0.060402 -0.0951873 0.0270333 -0.07787 
0.0993802 -0.0202106 0.0258144 -0.0356848 -0.0708171 -0.0452986 -0.0947507 -0.0046414 0.0154301 -0.0238134 0.0855976 0.0790779 0.0428042 -0.0866051 -0.000782982 0.0381509 0.0507704 0.0639879 -0.0674699 0.0663259 0.0553154 0.0198352 0.0012772 -0.0324314 0.0398422 0.0118166 -0.0491496 -0.0957805 -0.0751937 0.049181 0.0872781 -0.0803546 0.0992363 0.0816502 0.0761743 0.0146903 0.0661697 0.0787012 0.0921161 0.0210382 0.0897292 -0.0245778 0.0553408 -0.0182118 -0.0578671 0.0529057 -0.0758866 -0.0404421 0.0655041 0.0746076 -0.0443799 -0.0754166 0.0764875 0.0149781 0.059247 0.0306529 0.0768609 0.0401199 -0.00774011 -0.061973 -0.0656683 -0.00851207 -0.0871524 -0.0749889 0.0172719 0 0.0466896 -0.0359176 -0.0520955 0.0476093 0.0793001 0.0970659 0.0164944 0.0783626 0.0365695 0.0499587 
0.0598049 -0.0825884 -0.0247415 -0.0933795 -0.0477624 0.0618256 -0.0492394 -0.0167989 0.0728426 -0.000779266 -0.0274377 0.0904713 -0.0958268 0.0417177 -0.0727976 0.0341495 0.00642527 0.0616107 -0.099915 -0.0366588 -0.0755843 -0.0205142 0.0528082 -0.0853558 -0.0791472 0.0662673 -0.085375 -0.0766621 -0.0470024 0.0588724 0.0553994 -0.0922464 -0.0866139 0.0328775 0.0247604 -0.0914504 0.018636 0.0774144 -0.0525398 -0.0333347 0.0867408 -0.0774088 0.0676613 -0.0954241 -0.0447321 -0.000769215 -0.0911073 -0.07658 0.0265558 -0.0179879 -0.0572901 -0.0922822 -0.00753511 -0.0385333 -0.0367842 0.0144422 -0.0728995 0.0451133 -0.00875388 -0.0317777 0.0888653 -0.0245342 0.0216259 -0.0305738 0.00164327 -0.0466896 0 -0.0730276 0.0972531 0.0257845 -0.0951861 0.05982 0.095559 -0.0805459 -0.080243 -0.0501327 
0.0486121 -0.0495272 -0.0813066 0.0341315 -0.0809127 -0.0237481 -0.0271664 0.0720102 -0.0377112 -0.077399 -0.0357677 -0.0581068 0.0544586 -0.0609762 0.0140324 0.0626263 0.0795546 -0.0516839 -0.0182048 -0.029736 0.0828608 0.0101051 0.0939248 0.0572124 0.0949008 -0.0273763 -0.0187242 -0.0288583 -0.0974601 -0.0186417 -0.0961385 -0.0475063 -0.0395832 0.0562259 0.0766824 -0.0940478 0.0660566 0.0321363 -0.0791477 -0.054172 -0.00838688 0.0439752 -0.0335597 0.069087 -0.0450854 -0.0311917 0.0534275 -0.0294591 -0.0376218 -5.366e-05 0.00354276 0.00856734 0.0672365 -0.014218 0.0371267 0.0403166 0.0515068 0.0287411 0.0146554 0.0962517 0.0255735 0.0414173 -0.0643295 0.00796322 0.0538348 0.0359176 0.0730276 0 -0.0484495 0.066983 -0.0515054 -0.028152 0.000919796 -0.0996233 -0.0737688 0.052678 
0.0406339 0.0345174 -0.0779914 -0.0406477 0.0529433 0.0101212 -0.0585751 -0.0575535 -0.0801496 -0.0783506 -0.0407072 0.0816713 0.0215574 -0.0102872 0.0592147 0.0146314 0.0885884 0.00545524 0.0390788 0.00478554 0.0702079 -0.00102339 -0.0365321 0.016286 0.0487861 0.033557 0.0169214 -0.0544207 -0.0373505 -0.00691685 -0.0389058 -0.0850214 -0.0427259 0.0158737 -0.0500283 0.0883444 0.0079662 0.0471078 0.0146208 -0.0140173 0.0421651 -0.0921892 0.0655945 -0.0159005 0.0713562 -0.0339432 -0.0777742 0.0135683 0.043223 0.0168533 0.0431388 0.0645911 -0.0726937 0.00228142 0.0562568 -0.0529865 0.0842748 0.0772378 0.0978544 0.0304727 0.0710155 -0.0341506 -0.00255997 0.00324627 0.0674383 0.0520955 -0.0972531 0.0484495 0 0.058341 0.0301133 0.0689889 -0.000329634 -0.0381884 0.0449213 0.0092976 
0.0545011 -0.0772154 0.0666796 -0.0630665 -0.00754642 -0.0763582 0.0923251 -0.0385808 -0.0778005 0.0812483 -0.000302289 0.00134689 0.0763883 -0.0194341 -0.0620178 0.0743721 0.0994726 0.0717412 0.05647 -0.0868454 -0.0843998 0.0353726 -0.0994638 0.0881377 -0.0906239 -0.0124145 0.0636914 -0.0103299 -0.0692253 -0.0263335 0.0811175 -0.000537635 -0.0548798 -0.0230211 0.0303989 -0.0702234 0.0812399 -0.0581593 0.0911154 0.0519031 0.016361 -0.0307725 -0.0955708 -0.0184547 -0.0767824 0.0241331 0.0936065 0.0711703 0.0936135 0.0842684 -0.0709853 -0.0193917 0.00705223 -0.0122037 -0.0531434 0.00222541 0.0687492 0.0678723 -0.0143195 0.0758397 -0.048538 -0.0185509 0.0695505 -0.0766901 -0.0740783 -0.0476093 -0.0257845 -0.066983 -0.058341 0 -0.0626717 -0.0215144 0.0375403 0.0246349 -0.0412981 0.0288099 
-0.0293652 0.00440983 0.0544751 -0.0308396 0.0994845 0.0236164 -0.072311 -0.0424802 -0.0635671 0.0107629 -0.0398599 -0.0140352 0.0671001 0.076538 -0.0344889 0.000283712 0.0258767 -0.0673937 0.0143692 -0.0819 -0.0621415 0.038232 -0.0835239 0.0347832 0.0528967 0.0749381 -0.00695619 0.08872 -0.0305311 0.0189035 0.0766419 -0.0676339 0.0684151 0.0271268 0.093523 -0.0621413 0.00354963 0.0676778 0.0385357 0.0970364 0.0832875 -0.02767 -0.0642062 0.0219201 0.0746058 -0.0825627 -0.0427382 0.0478981 -0.0675933 0.0133129 0.0727006 0.0415423 0.0351933 0.0919181 -0.0923416 0.00781025 0.0736521 -0.020858 0.082083 0.0746797 -0.0175946 -0.0284976 0.0432386 0.0728035 0.0673963 -0.0793001 0.0951861 0.0515054 -0.0301133 0.0626717 0 -0.0853206 -0.052736 0.0418692 0.0659022 0.00490093 
0.0288463 0.000115837 0.0905868 -0.0688174 -0.0397603 -0.0342586 0.0784784 -0.0879107 -0.036627 0.0223813 0.026706 -0.00899602 -0.0307007 0.0267268 0.0118723 0.0381243 -0.072465 -0.0683872 0.0120556 -0.00740204 -0.0984624 -0.0964263 0.00893825 0.0678601 -0.0994587 0.0346969 0.0166714 0.076787 -0.0577016 0.024313 -0.0697219 -0.00547218 0.0954318 0.0197405 -0.00518135 -0.0607119 -0.0130401 -0.0687622 -0.0483606 0.0526663 0.0466213 -0.0579231 -0.0732297 -0.0804146 0.0149061 0.0484046 -0.0451197 -0.0767676 0.0736789 0.0776613 0.0896554 0.0726181 -0.0237213 -0.0288186 0.00520503 -0.0402532 0.0133705 0.0884519 -0.0600617 -0.020296 -0.0643096 -0.00850685 -0.026453 0.0156979 0.0102679 -0.0970659 -0.05982 0.028152 -0.0689889 0.0215144 0.0853206 0 0.0276794 0.0296484 -0.00296048 -0.0145409 
0.0935311 -0.00852742 0.0900811 -0.0499878 -0.0538958 -0.00254393 -0.00553908 -0.00519714 -0.0764755 -0.0645851 -0.00287341 0.0362541 -0.0588775 -0.0679675 0.0571508 0.0142648 0.00289102 -0.0983448 -0.0305683 0.0486375 0.0379938 0.0794014 -0.0739336 0.0416003 0.0500133 -0.0893901 0.0276933 -0.0776654 -0.057367 -0.00232635 -0.0646053 -0.0160525 -0.060432 0.00601849 -0.00874149 0.0237192 -0.0117936 0.0847737 0.0126231 -0.0721997 -0.0351389 -0.0550629 -0.0565235 -0.0142669 0.0302489 -0.0744816 -0.0911018 -0.0642107 -0.0747468 0.0527946 0.0833828 0.0397634 0.0809401 -0.0227648 -0.0338551 0.0253809 0.0124805 0.0586336 -0.0278229 -0.0253906 0.0303286 0.0602643 0.0478762 -0.0523701 -0.060402 -0.0164944 -0.095559 -0.000919796 0.000329634 -0.0375403 0.052736 -0.0276794 0 -0.0186037 -0.0624314 -0.0967459 
-0.0370518 -0.0410409 0.0764909 -0.0747073 0.0617555 -0.0709566 0.0900591 0.0831903 0.0100412 0.00654738 0.0920664 0.0604243 -0.0863701 0.0477288 0.0669923 -0.0619472 -0.0140938 0.0445718 0.0631414 0.0302379 -0.0613048 -0.0467043 -0.0309011 -0.066334 -0.00461974 -0.00464441 -0.00721698 0.0923566 0.0678579 -0.0103773 -0.0955209 0.0607831 -0.0474426 -0.0854691 0.064113 0.0733722 0.0858236 0.0596583 0.0849591 0.0420623 -0.064462 -0.0395118 0.0887408 -0.00410326 0.0679754 -0.00259268 -0.0246936 -0.0598238 0.0856044 0.0318594 -0.0857883 0.0845075 -0.0884766 0.0962864 -0.0598198 0.0146192 -0.0232132 0.0238724 -0.0491304 -0.0288418 0.0792236 -0.0802928 -0.0555266 0.0542753 0.0951873 -0.0783626 0.0805459 0.0996233 0.0381884 -0.0246349 -0.0418692 -0.0296484 0.0186037 0 0.0752456 0.0178821 
0.040782 0.0755298 -0.0603532 -0.0530516 -0.00281554 -0.000556492 -0.0730954 0.0269389 -0.0470945 0.0866731 0.0867761 0.0642441 -0.0644205 -0.0604864 0.0386844 -0.0497484 -0.0149841 0.0101512 0.00915025 0.0959676 -0.000976725 0.0251666 -0.0778135 0.0692136 0.0557583 -0.0703537 -0.0107784 -0.0555134 0.0656503 0.023531 0.0317894 0.0129204 0.034948 0.052147 0.0939094 0.0641205 -0.0317929 0.0707127 0.0741558 -0.0881035 0.0390544 -0.0435388 -0.0576209 -0.0688259 -0.0459822 -0.0261528 0.0452583 0.0816678 0.0148414 0.00397902 -0.0762667 -0.0302356 -0.0152908 0.0529507 0.0502033 -0.097837 -0.0628626 0.028147 0.0301946 0.0157653 -0.0790146 0.0099884 0.0577912 0.0897507 -0.0270333 -0.0365695 0.080243 0.0737688 -0.0449213 0.0412981 -0.0659022 0.00296048 0.0624314 -0.0752456 0 -0.0454656 
0.0476303 0.0401654 0.0160968 0.0684491 0.0958559 -0.0884371 0.0675883 -0.0532051 0.00267607 -0.090555 0.0235856 -0.0120373 -0.0517322 0.0590064 0.0368395 -0.0535285 0.0413062 0.0460077 0.0593042 0.0157906 -0.0972223 -0.0721733 0.000568719 -0.0636944 0.0475135 0.0178731 0.0906003 0.0762614 0.0585446 0.076133 0.0459007 -0.0732101 0.060867 -0.00478727 -0.000925458 0.016209 -0.00871121 0.0917815 -0.0706365 -0.0337081 0.0631335 0.0723753 0.0473366 8.1838e-05 -0.0718511 -0.070909 0.0931837 -0.0549128 0.0855365 0.0635992 -0.0607531 -0.0468662 -0.0534211 -0.0428444 -0.0387473 -0.054655 -0.0979708 -0.0675717 0.00853979 0.0342595 -0.0660173 -0.0817632 -0.0485738 0.0431535 0.07787 -0.0499587 0.0501327 -0.052678 -0.0092976 -0.0288099 -0.00490093 0.0145409 0.0967459 -0.0178821 0.0454656 0 
