75

16000 4500

30 55 80

8

0 53010 88690 38830 82151 49410 60350 37820 97881 45231 69940 64150 94250 74940 64420 59161 34290 92001 98530 54330 34170 97360 73560 63550 46470 29510 41120 55360 61510 98052 49600 46480 17890 35900 67780 89240 55230 25670 56670 39000 30660 44750 43140 58670 30090 97201 98320 60260 88500 57880 50560 60241 64540 54820 82151 73380 78220 87980 81622 42140 77030 9020 44790 74400 99050 41540 88781 89920 45270 87860 98910 26900 56780 69050 65970 74241 
52960 0 99140 20760 127622 94800 89840 25770 54300 84522 91930 109540 49040 120330 108811 98452 79680 46920 143920 83820 20330 92450 117951 39160 6900 74900 86510 100750 31950 137343 28080 58180 36950 26380 109190 112900 5360 31380 102060 38720 24000 13490 15940 56040 56252 58100 143710 11010 137212 36710 33260 46080 109930 99350 127622 119531 89890 106922 120913 81431 121421 53540 45430 119790 141270 14960 49890 137931 45310 136091 109360 72290 102170 98540 95460 60190 
88030 98930 0 77850 91272 56240 40510 115440 150550 110001 24290 105520 139570 111522 127300 123921 97170 146170 161410 41320 103030 47180 136440 134870 92390 91590 102890 60902 129080 162812 120920 45520 94060 114402 59682 26170 103100 95110 99790 117502 92260 109240 100380 42950 59370 157350 150660 108400 87232 129550 126100 138743 113450 56850 91272 85592 12420 17760 146382 106900 139910 79890 123292 126400 78750 106380 149140 105012 123772 103322 11060 89780 94820 42782 38472 154863 
38710 21080 78370 0 111793 77680 70420 42660 73840 74242 72510 93711 68580 104501 93981 88162 63851 66460 128091 64400 30250 73960 103121 58700 14540 59071 70681 84921 51490 127053 47310 38760 28860 43270 89770 93480 25250 23570 86231 49960 19480 32720 22530 35270 38030 77640 127881 30550 117320 55940 52490 65310 94101 79930 111793 102941 69940 87502 110623 71141 106591 37711 55750 103961 120900 32660 69430 122102 56230 120262 88590 56461 86341 79120 76040 79420 
82011 127501 91240 111601 0 51610 55330 112531 174652 83991 67910 36960 175381 27860 82670 96431 63731 168772 101410 57350 108881 131910 90690 138261 120961 56881 61261 41590 136221 126410 124311 82810 92601 110611 31350 75990 129941 100381 40800 113711 105371 119461 117851 103300 87280 173972 79190 134971 16860 132591 125271 134952 45860 48420 0 11250 89740 81870 115280 78521 93770 75721 119501 54930 35250 116251 165552 15370 119981 13530 98970 60361 31710 50870 53170 151012 
49380 94870 56410 76990 52100 0 21920 82860 144981 58611 33080 52210 143980 59380 75920 72541 45790 139101 108950 15560 79210 88550 85060 108590 88330 40350 51420 12020 106550 111432 94640 39450 62930 80940 25640 51610 99040 70710 46480 84040 74290 89790 86770 59940 43920 144301 97350 104340 50420 102920 95600 105281 60140 7010 52100 43440 47660 51120 95002 55520 88530 43090 89830 73090 56910 86580 135881 64350 90310 62510 66052 38400 41510 25060 26440 121341 
60440 89990 40520 70110 55750 22000 0 95350 143710 75751 17190 68020 138450 74820 93060 89681 62930 136330 124760 7320 88270 81670 102200 120110 83450 57350 68180 22360 114320 128572 106160 32570 75410 93430 24160 34180 94160 79350 62290 96530 77500 94480 89980 53060 37040 147510 113160 99460 51710 114790 108130 117811 75950 18560 55750 50070 37910 35230 112142 72660 105670 52300 102320 88900 53870 91620 139300 69490 102800 67800 49492 55540 56950 10240 8630 136001 
38000 25800 115350 42310 112892 83040 95200 0 64670 67942 104790 94810 59410 105600 92221 81862 64451 55940 128261 89180 16320 115670 101361 26400 30810 60170 71780 88990 24360 120753 12450 72261 24030 2910 101410 124090 25150 22330 87330 13760 23670 13070 23680 76980 63390 64840 128980 26120 122482 20890 13570 26260 95200 88450 112892 104801 104440 121472 104323 64841 104831 43870 20470 105060 138850 11870 56420 123201 20350 121361 125570 57560 87710 103900 100820 42880 
97771 53880 150950 72850 174493 142811 142240 64610 0 127703 144330 154581 13580 165371 151992 141633 124222 9490 188032 136220 66900 124980 161132 40390 58990 119941 131551 148761 46090 180524 53040 110420 83570 65840 161181 165300 51830 81280 147101 64400 74250 59890 68030 108130 108492 8830 188751 43650 184083 45290 52330 40310 154971 148221 174493 164572 140910 159322 164094 124612 164602 103641 67740 164831 200382 61210 10210 184802 64410 182962 161170 117331 147481 150940 147860 25700 
43561 83552 109753 73151 84202 58453 75263 67042 127103 0 86423 58270 123472 70750 34230 16770 20900 121223 66320 68903 63392 126751 40910 92772 77132 28010 28490 64541 90732 55661 78822 74731 47112 65122 76961 104913 84452 54892 52400 68222 59882 73972 72362 88061 58341 126423 76560 89482 93792 87102 79782 89463 54540 64473 84202 75480 101003 104463 39231 8440 42890 37271 74012 62660 108531 70762 118003 88600 74492 86540 119355 27690 55460 80313 79743 103463 
69970 92180 24380 72300 68230 33000 17270 104880 146250 86751 0 82280 140990 88480 104060 100681 73930 138870 138170 18080 93740 70090 113200 125580 85640 68350 79650 37860 119790 139572 111630 35820 84310 102960 36640 21900 96350 85360 76550 106060 82970 99950 93630 46090 46220 150050 127420 101650 64190 120260 116810 127341 90210 33610 68230 62550 22880 18110 123142 83660 116670 61830 111850 103160 61150 97090 141840 81970 112330 80280 34781 66540 71580 19740 15430 145113 
64360 109850 105600 93950 36960 52150 67930 94880 157001 58130 82270 0 157730 12790 45760 67770 38160 151121 66080 64750 91230 139060 54900 120610 103310 35480 31180 45860 118570 89500 106660 89960 74950 92960 47860 92580 112290 82730 8500 96060 87720 101810 100200 108860 79140 156321 45840 117320 50520 114940 107620 117301 10530 50830 36960 29760 98170 97510 78370 52660 58370 58070 101850 21580 69400 98600 147901 36050 102330 33990 114610 40540 11760 65370 68600 133361 
94630 49100 139940 68070 176032 143990 137460 59830 13490 124562 139550 157950 0 168740 152151 138492 124521 17510 191401 131440 62120 113980 157991 43720 54210 122820 134430 151370 44850 183893 52150 105640 78790 61060 156810 160520 47050 76500 150470 70440 69470 55110 63250 97290 103712 21120 192120 38870 185310 53580 57330 50540 158340 146970 176032 167941 129900 154490 160953 121471 161461 100850 76550 168200 195452 56430 20400 190162 75330 184501 150160 120210 150850 146160 143080 36620 
75160 120650 111820 104750 27870 59620 74770 105680 167801 70810 88490 12990 168530 0 55610 78820 50840 161921 74350 72110 102030 146420 63630 131410 114110 48160 43860 52700 129370 97840 117460 97320 85750 103760 51930 96650 123090 93530 21180 106860 98520 112610 111000 117810 89940 167121 51970 128120 42520 125740 118420 128101 18800 57670 27870 28110 105530 102450 87170 65340 66710 68870 112650 27710 60910 109400 158701 24690 113130 22630 119550 52630 18810 71450 73750 144161 
64480 108051 127912 94070 83230 76612 93422 91541 151602 34390 104582 46510 148051 56290 0 31560 31080 145722 36200 87062 87891 147670 9300 117271 101631 38850 29210 77620 115231 43900 103321 95650 71611 89621 85110 123072 108951 79391 44760 92721 84381 98471 96861 108980 79260 150922 44610 113981 94151 111601 104281 113962 38540 78680 83230 73570 119162 122622 32610 33350 12770 58190 98511 38200 111850 95261 142502 80140 98991 78080 137514 40360 51680 96340 97902 127962 
57431 97422 123623 87021 96602 72323 89133 80912 140973 16000 100293 67860 137342 79250 31930 0 32840 135093 59740 82773 77262 140621 35690 106642 91002 40410 39570 78411 104602 44750 92692 88601 60982 78992 90831 118783 98322 68762 61990 82092 73752 87842 86232 101931 72211 140293 75910 103352 106192 100972 93652 103333 61500 78343 96602 87770 114873 118333 28320 23320 37020 51141 87882 66210 122090 84632 131873 100890 88362 98830 133225 40620 67750 94183 93613 117333 
34270 79760 97562 63860 64462 46262 63072 64071 124132 21310 74232 38160 125051 50640 30990 33260 0 118252 64540 56722 60421 117460 40130 89801 73220 8270 8380 49930 87761 69280 75851 65440 44141 62151 60050 92722 81481 51921 32290 65251 56911 71001 69391 78770 49050 123452 66710 86511 74052 84131 76811 86492 34430 50980 64462 55230 88812 92272 52850 15840 43600 27980 71041 43190 89280 67791 115032 68350 71521 66290 107164 10010 35210 68122 67552 100492 
91791 46850 145500 65820 166683 136831 135210 55780 9460 121723 137300 148601 16800 159391 146012 135653 118242 0 182052 129190 59870 125940 155152 31230 51960 113961 125571 142781 36930 174544 43880 103390 76540 57880 154560 158270 44800 74250 141121 57770 67220 52860 61000 101100 101462 13260 182771 36620 176273 37060 44100 34020 148991 142241 166683 158592 135260 152292 158114 118632 158622 97661 61760 158851 193352 54180 3500 178822 58430 175152 155720 111351 141501 143910 140830 19720 
98290 144011 162200 127880 101300 108750 124570 127501 189622 66470 138252 65950 190351 74270 36110 60110 64520 183742 0 120732 123851 183660 27540 153231 137591 71690 60590 106580 151191 40700 139281 129460 107571 125581 110220 154240 144911 115351 66930 128681 120341 134431 132821 142790 113070 188942 34610 149941 115950 147561 140241 149922 56190 107640 101300 95620 153562 156910 38760 68130 23610 92000 134471 49710 134340 131221 180522 98120 134951 96060 171914 74030 75190 125300 128030 165982 
54070 83620 41320 63740 57820 15980 7240 88980 137340 69731 17990 65060 132080 72230 87040 83661 56910 129960 121150 0 81900 75300 96180 113740 77080 51330 62630 22290 107950 122552 99790 26200 69040 87060 26230 37290 87790 72980 59330 90160 71130 88110 83610 46690 30670 141140 110200 93090 53780 108420 101720 111401 72990 16390 57820 52140 34410 36030 106122 66640 99650 45930 95950 85940 57360 85250 132930 71560 96430 69870 51581 49520 54360 15710 12860 129631 
34350 20220 103110 30070 109242 79390 88531 16380 67180 64282 93951 91160 61920 101950 88571 78212 60801 59800 124611 82511 0 103430 97711 35810 20430 56520 68130 85340 30020 117103 21860 60021 18420 16810 97760 114921 21120 16310 83680 25620 11430 11110 11950 64740 53150 70980 125330 26250 118832 30490 27040 39860 91550 84800 109242 101151 92200 109232 100673 61191 101181 40220 31940 101410 135200 7730 62770 119551 32420 117711 113330 53910 84060 97231 94151 53970 
97480 92110 46950 74060 132420 88740 81480 115950 124980 128351 70290 139070 114040 146240 147540 142281 117410 126180 182830 75460 103730 0 156680 122812 88600 112630 124240 96890 118930 182352 118340 61120 98840 116560 100830 73120 95820 97050 133340 123412 92960 103750 96590 39300 72290 132610 182620 100110 128380 126970 123520 136340 147000 90990 132420 126740 50690 64710 164742 125260 160150 91270 129202 157520 125700 104690 129150 146160 129682 144470 48820 110020 128370 88980 84670 145370 
73620 117191 137052 103210 90510 85752 102562 100681 160742 40980 113722 55160 157111 63480 9290 36010 40220 154862 27510 96202 97031 156810 0 126411 110771 47990 38350 86760 124371 35350 112461 104790 80751 98761 94250 132212 118091 88531 53900 101861 93521 107611 106001 118120 88400 160062 45810 123121 103291 120741 113421 123102 45400 87820 90510 82710 128302 131762 24680 41850 4220 67330 107651 44580 120990 104401 151642 87330 108131 85270 146654 49500 60820 105480 107042 137102 
63330 39050 134490 58020 138222 108370 119911 26140 40370 93262 125331 120140 43690 130930 117551 107192 89781 31240 153591 113891 35460 122822 126691 0 44160 85500 97110 114320 7260 146083 14240 91401 49360 28240 126740 147041 37000 47660 112660 33390 42810 29910 41120 93300 84530 43570 154310 28820 147812 11220 17710 21770 120530 113780 138222 130131 123580 141063 129653 90171 130161 69200 39380 130390 164180 29790 33620 148531 37120 146691 144710 82890 113040 128611 125531 33060 
46380 6860 92560 14180 121042 88220 83260 30700 59620 77952 85350 102960 54360 113750 102231 91872 73100 52240 137340 77240 20480 88150 111371 44480 0 68320 79930 94170 37270 130763 33090 51600 30370 31310 102610 106320 11030 24800 95480 43650 17620 18500 9360 49460 49672 63420 137130 16330 130632 41720 38270 51090 103350 92770 121042 112951 83310 100342 114333 74851 114841 46960 50360 113210 134690 19440 55210 131351 50240 129511 102780 65710 95590 91960 88880 65200 
29480 74970 91610 59070 56892 40341 57120 60000 120061 28170 68280 35470 122390 47950 38440 40610 7910 114181 71780 50760 56350 112670 47580 85730 68430 0 11740 42930 83690 76730 71780 60650 40070 58080 52010 86801 77410 47850 28890 61180 52840 66930 65320 73980 44260 119381 68940 82440 66482 80060 72740 82421 35160 43980 56892 48801 82860 86320 60300 22700 51050 23190 66970 45020 81240 63720 110961 63600 67450 61540 101243 5190 30460 61650 61631 96421 
40970 86460 103100 70560 61441 51400 68140 71490 131551 28240 79770 31270 133880 43750 28970 39620 8270 125671 60700 62250 67840 124160 38110 97220 79920 11620 0 50150 95180 72710 83270 72140 51560 69570 59120 97810 88900 59340 25400 72670 64330 78420 76810 85470 55750 130871 60220 93930 71031 91550 84230 93911 27540 51210 61441 51400 94350 97810 57440 22770 41580 34680 78460 36300 87980 75210 122451 64520 78940 62460 112723 16680 31380 68870 71600 107911 
55520 101010 61220 85110 42040 12080 22350 89000 151121 65191 37890 46150 151570 52810 77330 79121 49790 145241 106780 21970 85350 96870 86470 114730 94470 43100 50250 0 112690 118012 100780 47770 69070 87080 14170 49150 105180 76850 41190 90180 80430 95930 92910 68260 52240 150441 91290 111270 39230 109060 101740 111421 54850 8090 42040 34000 55980 52400 101582 62100 89940 49230 95970 67030 45720 92720 142021 54910 96450 53070 69500 43110 34940 19790 23020 127481 
61390 31870 129110 50840 136282 106430 114531 24200 46060 91322 119951 118200 44490 128990 115611 105252 87841 36930 151651 108511 30080 118770 124751 7250 36980 83560 95170 112380 0 144143 12300 86021 46750 26300 124800 141661 29820 44460 110720 31450 37430 24230 35440 86120 79150 49260 152370 21640 145872 11450 17330 22520 118590 111840 136282 128191 118200 135683 127713 88231 128221 67260 37560 128450 162240 24110 39310 146591 37350 144751 139330 80950 111100 123231 120151 34690 
96542 136533 162734 126132 126660 111434 128244 120023 182144 55121 139404 89470 182873 97790 43820 44200 68680 176264 40670 121884 116373 180912 35250 145753 130113 76450 72880 117522 143713 0 131803 127712 100093 118103 128230 157894 137433 107873 88430 121203 112863 126953 125343 141042 111322 181464 72150 142463 139701 140083 132763 142444 79710 117454 126660 118980 153984 157444 16910 62431 31840 90252 126993 77920 157710 123743 173044 123810 127473 121750 172336 77960 95350 133294 132724 158504 
49530 27840 120690 46720 124422 94570 106111 12340 53170 79462 111531 106340 51830 117130 103751 93392 75981 44040 139791 100091 21660 118420 112891 14500 32860 71700 83310 100520 12590 132283 0 77601 35560 14440 112940 133241 24310 33860 98860 19590 29010 16110 27320 82000 70730 53820 140510 20240 134012 9150 5780 18600 106730 99980 124422 116331 109780 127263 115853 76371 116361 55400 25700 116590 150380 15990 44720 134731 25490 132891 130910 69090 99240 114811 111731 32660 
46640 58100 45700 38220 83280 39600 32340 72240 111100 76411 35830 89930 105840 97100 95600 90341 65470 103720 129710 26320 59830 60880 104740 91670 51560 60690 72300 47750 85880 129232 77720 0 50400 70742 51690 56800 62270 51450 84200 73842 49060 66040 59550 22190 17690 114900 129500 67570 79240 86350 82900 95083 95720 41850 83280 77600 34790 51322 112802 73320 108210 38500 79632 105580 82820 63180 106690 97020 80112 95330 55920 58080 79230 41040 37960 109083 
18260 37140 94421 29050 93162 63310 75460 23560 83500 48202 84811 75080 78240 85870 72491 62132 44721 76120 108531 69440 18090 98900 81631 49290 30600 40440 52050 69260 46340 101023 35340 50881 0 21640 81680 104350 38320 8360 67600 25750 13350 28740 25830 60210 41820 83911 109250 43900 102752 43620 36300 46951 75470 68720 93162 85071 83511 100543 84593 45111 85101 24130 31540 85330 113550 25530 75491 103471 32020 101631 104641 37830 67980 84160 81080 60951 
36050 26350 114353 42860 110942 81090 93250 2890 66010 65982 102840 92860 60750 103650 90271 79912 62501 58210 126311 87230 16620 116220 99411 28670 31360 58220 69830 87040 26630 118803 14720 70813 22080 0 99460 122140 25930 20380 85380 15550 24220 13920 24230 77530 61440 67100 127030 27460 120532 23150 15830 28520 93250 86500 110942 102851 103443 120475 102373 62891 102881 41920 22260 103110 136900 12420 58680 121251 22140 119411 124573 55610 85760 101950 98870 45140 
67940 108880 59890 89000 31660 25700 23980 101420 162600 77611 36560 47950 157340 51840 84940 91541 59840 155220 110480 26000 97770 100560 94080 127150 102340 52150 59220 14170 125110 128660 113200 51460 81490 99500 0 46110 113050 89270 44830 102600 92850 108350 105330 71950 55930 162861 93090 118350 27620 121480 114160 123841 57750 20390 31660 25910 58390 50520 112230 74520 97550 61650 108390 68830 33130 105140 154441 45400 108870 43710 67620 54390 36740 19520 21820 139901 
89360 113350 26250 93470 76130 51170 34180 124270 167420 104921 22110 92700 162160 96590 122230 118851 92100 160040 154730 37470 114910 73290 131370 147590 106810 86660 97820 49140 141800 157742 133640 56990 104330 122350 46180 0 117520 106530 89580 125450 104140 121620 114800 65380 65960 171220 137840 122820 62830 142270 137050 146731 102500 47990 76130 70660 35780 11900 141312 101830 134840 81220 131240 113580 53550 118760 163010 88140 131720 86450 31130 84710 81490 31020 27290 165121 
55420 5460 103370 24990 130312 99030 94070 25330 52230 85352 96160 112230 46970 123020 109641 99282 81871 44850 145681 88050 21130 96160 118781 37090 11130 77590 89200 104980 29880 138173 24530 62410 38250 25940 113420 117130 0 32710 104750 38280 25680 13050 20170 60270 60482 56030 146400 8940 139902 33160 29710 42530 112620 103580 130312 122221 94120 111152 121743 82261 122251 57770 44990 122480 145500 14890 47820 140621 44870 138781 113590 74980 105130 102770 99690 56640 
26590 30760 95221 22790 101492 71640 79140 23220 80850 56532 85611 83410 75590 94200 80821 70462 53051 73470 116861 73120 17090 96150 89961 48950 24220 48770 60380 77590 43690 109353 35000 51681 8960 21300 90010 106581 31940 0 75930 27970 6970 23850 19450 57460 43130 84650 117580 37520 111082 43280 35960 48650 83800 77050 101492 93401 84311 101343 92923 53441 93431 31250 33760 93660 126710 20990 76440 111801 34240 109961 105441 46160 76310 87840 84760 63171 
56870 102360 100020 86460 40890 46570 62390 87390 149511 52250 76690 8480 150240 20960 44350 62020 32280 143631 66880 59170 83740 133480 53490 113120 95820 28890 25300 41530 111080 88090 99170 84380 67460 85470 44670 89390 104800 75240 0 88570 80230 94320 92710 101370 71650 148831 52830 109830 52060 107450 100130 109811 14400 45460 40890 31390 92590 93650 76700 46780 56960 50580 94360 28570 69820 91110 140411 41370 94840 39310 110102 33950 9200 61040 64270 125871 
39460 38940 117763 49980 114352 84500 96660 13950 64730 69392 106250 96270 70500 107060 93681 83322 65911 57890 129721 90640 25740 122942 102821 33810 43950 61630 73240 90450 31900 122213 19830 74223 26250 15940 102870 125550 38290 27350 88790 0 34160 26210 36820 84252 64850 64050 130440 38640 123942 24110 17680 25920 96660 89910 114352 106261 106853 123885 105783 66301 106291 45330 7040 106520 140310 25010 55630 124661 7510 122821 127983 59020 89170 105360 102280 40200 
30780 24030 92240 19200 105682 74110 77661 23730 74530 60732 83081 87600 69270 98390 85011 74652 57241 67150 121051 71641 11320 92560 94151 43160 17640 52960 64570 80060 37370 113543 29210 49151 13150 24340 92480 104051 25620 7590 80120 34050 0 17530 12600 53870 42280 78330 121770 31200 115272 37840 34390 47210 87990 79520 105682 97591 81330 98362 97113 57631 97621 32850 39840 97850 128151 14670 70130 115991 40320 114151 102460 50350 80500 86361 83281 61320 
44950 13460 109250 32340 119842 89990 94671 13060 60320 74892 100091 101760 55060 112550 99171 88812 71401 52940 135211 88651 11160 104040 108311 30150 18480 67120 78730 95940 24150 127703 16200 66161 29110 13930 108360 121560 13040 24600 94280 26010 17570 0 14900 67620 59290 64120 135930 16620 129432 24830 21380 34200 102150 95400 119842 111751 98340 115372 111273 71791 111781 49860 32720 112010 145731 3760 55910 130151 32600 128311 119470 64510 94660 103371 100291 48310 
43220 15890 100690 22310 118122 86550 90101 23700 68650 73162 93480 100040 63390 110830 97451 87092 69681 61270 133491 84081 11910 96280 106591 41430 9350 65400 77010 92500 35430 125983 27480 59730 25590 24310 104920 114450 20060 20030 92560 36650 12560 14910 0 57590 54720 72450 134210 25360 127712 36110 32660 45480 100430 91960 118122 110031 91440 108472 109553 70071 110061 45290 43360 110290 140611 12220 64240 128431 43240 126591 110910 62790 92940 98801 95721 59590 
58720 56380 43540 35300 103450 59770 52510 77380 108170 89591 46180 108510 97230 117270 108780 103521 78650 101760 142890 46490 64970 39260 117920 94000 49840 73870 85480 67920 86790 142412 82610 22560 60080 77990 71860 65500 60550 58290 101030 84652 54200 68020 57830 0 33530 112940 142680 65850 99410 91240 87790 100610 108900 62020 103450 97770 35590 57090 125982 86500 121390 52510 90442 118760 102990 67960 104730 117190 90922 115500 53760 71260 99400 61210 58130 114720 
30260 55220 60020 36860 87880 44200 36940 63380 108220 60031 46220 78950 102960 89740 79220 73961 49090 100840 113330 30920 52780 72490 88360 84620 48680 44310 55920 52350 78830 112852 70670 17700 41640 61460 56290 65830 59390 43240 71470 64560 42010 58990 54490 33800 0 112020 113120 64690 83840 79300 75850 85801 79340 46450 87880 82200 49550 63420 96422 56940 91830 22120 70350 89200 87420 56130 103810 101620 70830 99930 70240 41700 71580 45640 42560 99801 
97901 57790 156440 76760 174623 142941 146150 65520 8750 127833 148240 154711 21210 165501 152122 141763 124352 13400 188162 140130 70810 132610 161262 43560 62900 120071 131681 148891 49260 180654 53510 114330 84581 67600 161311 169210 55740 85190 147231 64530 78160 63800 71940 112040 112402 0 188881 47560 184213 45380 52420 40440 155101 148351 174623 164702 146200 163232 164224 124742 164732 103771 67870 164961 204292 65120 10300 184932 64540 183092 166660 117461 147611 154850 151770 25830 
98600 144090 150670 128190 79140 97220 113000 129120 191241 77480 127340 45890 191970 52030 44640 75760 66870 185361 34640 109820 125470 182970 45760 154850 137550 69250 60260 90930 152810 72570 140900 129770 109190 127200 92930 137650 146530 116970 52940 130300 121960 136060 134440 143100 113380 190561 0 151560 93790 149180 141860 151541 39430 95900 79140 75350 143240 142580 68290 75010 48550 92310 136090 24500 112180 132840 182141 72950 136570 70870 159680 74310 56830 110440 113670 167601 
60640 11220 108570 30190 135532 104230 99270 26340 44100 90582 101360 117450 38840 128240 114861 104502 87091 36720 150901 93250 26350 100190 124001 28960 16330 82810 94420 111111 21750 143393 20390 67610 43810 27570 118620 122330 9170 38270 109970 38330 31240 16620 25370 65470 65682 47900 151620 0 145122 29020 25570 38390 117840 108780 135532 127441 99320 116352 126963 87481 127471 62970 44440 127700 150700 19320 39690 145841 44230 144001 118790 80200 110350 107970 104890 52500 
89320 136480 87450 116560 16920 50340 51540 122631 184752 94091 64120 50590 184900 42430 94001 106951 73831 178872 115980 53560 118981 128120 103141 148361 129940 66981 71361 39090 146321 140040 134411 79020 102701 120711 27560 62930 140041 110481 52070 123811 115471 129561 127951 99510 83490 184072 93760 145071 0 142691 135371 145052 60430 45600 16920 21350 85950 73850 126641 88621 106611 83030 129601 69500 22120 126351 175652 28180 130081 26490 93080 70461 42980 47080 49380 161112 
58191 36630 129480 55510 133083 103231 114901 21130 45580 88123 120321 115001 53440 125791 112412 102053 84642 37360 148452 108881 30450 127210 121552 11180 41650 80361 91971 109181 11460 140944 8790 86391 44350 23230 121601 142031 33100 42650 107521 23860 37800 24900 36110 90790 79520 45440 149171 29030 142673 0 7700 12110 115391 108641 133083 124992 118570 136053 124514 85032 125022 64061 29130 125251 159041 24780 36340 143392 26870 141552 139700 77751 107901 123601 120521 24280 
50911 33370 126220 52250 125803 95951 108151 13930 52650 80843 117061 107721 57360 118511 105132 94773 77362 44430 141172 102091 27190 123950 114272 17760 38390 73081 84691 101901 17510 133664 5530 83131 37060 15940 114321 137041 29840 35360 100241 17690 34540 21640 32850 87530 76260 52170 141891 25770 135393 7730 0 13590 108111 101361 125803 117712 115310 132793 117234 77752 117742 56781 22960 117971 151761 21520 43410 136112 21890 134272 136440 70471 100621 116851 113771 30210 
60321 46090 138624 64970 135213 105361 117561 26530 40700 90263 127151 117131 50240 127921 114542 104183 86772 34160 150582 111501 39910 136670 123682 21670 51110 82491 94101 111311 22470 143074 18250 95084 47001 28540 123731 146451 42560 47960 109651 25990 47260 34360 45570 100250 85711 40020 151301 38490 144803 12050 13490 0 117521 110771 135213 127122 127714 144746 126644 87162 127152 66191 31260 127381 161171 34240 31600 145522 28140 143682 148844 79881 110031 126261 123181 17140 
64770 110260 113290 94360 45620 59840 75660 95290 157411 54530 89960 10270 158140 18590 37840 61050 34560 151531 56400 72440 91640 146750 45680 121020 103720 35420 27580 54800 118980 79890 107070 95940 75360 93370 56950 101670 112700 83140 13760 96470 88130 102220 100610 109270 79550 156731 39530 117730 60270 115350 108030 117711 0 58730 45620 39940 105860 106600 69220 49060 48760 58480 102260 15270 78660 99010 148311 42440 102740 40380 123372 40480 21120 74310 77540 133771 
54720 99320 56920 79440 48950 7040 18680 88200 150321 64571 33590 51040 147780 57860 78280 78501 50730 144441 107780 16100 84550 91000 87420 113930 92780 44040 51200 8090 111890 117392 99980 41900 68270 86280 20380 47970 103490 76050 45310 89380 79630 95130 92110 62390 46370 149641 96180 108790 45730 108260 100940 110621 58970 0 48950 40290 50110 51220 100962 61480 90890 48430 95170 71920 52220 91920 141221 61200 95650 59360 66422 44050 39990 18610 21840 126681 
82011 127501 91240 111601 0 51610 55330 112531 174652 83991 67910 36960 175381 27860 82670 96431 63731 168772 101410 57350 108881 131910 90690 138261 120961 56881 61261 41590 136221 126410 124311 82810 92601 110611 31350 75990 129941 100381 40800 113711 105371 119461 117851 103300 87280 173972 79190 134971 16860 132591 125271 134952 45860 48420 0 11250 89740 81870 115280 78521 93770 75721 119501 54930 35250 116251 165552 15370 119981 13530 98970 60361 31710 50870 53170 151012 
73220 119430 85830 102810 11720 43390 49920 104460 166581 75820 62500 29760 167310 28100 73410 87770 55270 160701 95760 51940 100810 126500 82550 130190 112890 48810 51400 33960 128150 119050 116240 77400 84530 102540 25940 70620 121870 92310 31370 105640 97300 111390 109780 97890 81870 165901 75310 126900 21310 124520 117200 126881 40210 40200 11720 0 84330 76460 105760 70350 86020 66930 111430 51050 40190 108180 157481 20980 111910 19140 93560 52290 22280 45460 47760 142941 
78390 90820 12940 70310 90050 47860 38090 105120 140920 101621 22870 98190 129940 105360 118920 115541 88790 137510 153030 34580 92710 50690 128060 124550 84280 83210 94510 56010 118760 154432 110600 35200 83740 104082 58460 36010 94990 84790 92460 107182 81940 98920 92270 35410 49730 148550 143330 100290 86010 119230 115780 128423 106120 50110 90050 84370 0 27600 138002 98520 131530 70250 112972 119070 82970 96060 140480 103790 113452 102100 23160 81400 87490 41560 37250 143080 
88010 106241 17840 86361 82040 51040 35151 120541 160311 104791 18100 97400 154510 102290 122100 118721 91970 152931 156210 36120 108131 64880 131240 140481 99701 86390 97690 52320 134691 157612 126531 50621 99161 119503 50450 11900 110411 100211 93230 122603 97361 114341 107691 56970 63410 164111 142540 115711 73760 135161 131711 143894 106890 51170 82040 76360 27370 0 141182 101700 134710 79870 128393 118280 64480 111481 155901 95780 128873 94090 24420 84580 86190 34200 30470 160014 
79962 119953 146154 109552 115270 94854 111664 103443 163504 38541 122824 78550 159873 86910 32540 27620 52100 157624 38720 105304 99793 163152 24370 129173 113533 59870 56880 100942 127133 17070 115223 111132 83513 101523 111650 141314 120853 91293 76800 104623 96283 110373 108763 124462 94742 162824 67860 125883 125652 123503 116183 125864 68830 100874 115270 105610 137404 140864 0 45851 20960 73672 110413 68010 141830 107163 154404 112180 110893 110120 155756 61380 83720 116714 116144 139864 
41030 81021 107222 70620 78702 55922 72732 64511 124572 8430 83892 52770 120941 65250 33060 23490 15400 118692 67960 66372 60861 124220 41770 90241 74601 22510 22990 62010 88201 62421 76291 72200 44581 62591 74160 102382 81921 52361 46900 65691 57351 71441 69831 85530 55810 123892 74190 86951 88292 84571 77251 86932 49040 61942 78702 69980 98472 101932 45991 0 44530 34740 71481 56310 103390 68231 115472 83100 71961 81040 116824 22190 49960 77782 77212 100932 
76960 120531 140392 106550 93630 89092 105902 104021 164082 42990 117062 58280 160451 66600 12630 37390 43560 158202 23570 99542 100371 160150 4060 129751 114111 51330 41690 90100 127711 31700 115801 108130 84091 102101 97590 135552 121431 91871 57240 105201 96861 110951 109341 121460 91740 163402 48380 126461 106631 124081 116761 126442 48520 91160 93630 86050 131642 135102 21030 44650 0 70670 110991 47700 124330 107741 154982 90450 111471 88390 149994 52840 64160 108820 110382 140442 
8980 53480 80510 37580 75671 42930 52170 43890 103951 38751 61760 57670 100400 68460 57940 52681 27810 98071 92050 46150 40240 91180 67080 69620 46940 23030 34640 48880 67580 91572 55670 38350 23950 41970 61300 81060 57650 31220 50190 45070 32940 49920 45420 52490 21960 103271 91840 62950 82020 63950 56630 66311 58060 48340 75671 66900 70040 79800 75142 35660 70550 0 50860 67920 92570 47060 94851 83440 51340 81380 90730 20420 50300 60870 57790 80311 
44950 45420 123253 55470 119842 89990 102150 20430 67880 74892 111740 101760 76170 112550 99171 88812 71401 62140 135211 96130 31880 128432 108311 39430 50430 67120 78730 95940 37570 127703 25500 79713 31740 22420 108360 131040 44770 32840 94280 6950 39650 32690 43300 89742 70340 67200 135930 44310 129432 29340 22910 31150 102150 95400 119842 111751 112343 129375 111273 71791 111781 50820 0 112010 145800 31490 58780 130151 3780 128311 133473 64510 94660 110850 107770 43350 
74690 120180 126490 104280 54960 73040 88820 105210 167331 62650 103160 21710 168060 27850 37700 65830 43330 161451 49700 85640 101560 157880 44760 130940 113640 45340 36350 66750 128900 78230 116990 105860 85280 103290 68750 113470 122620 93060 28760 106390 98050 112140 110530 119190 89470 166651 24470 127650 69610 125270 117950 127631 15250 71720 54960 51170 119060 118400 68300 56300 47840 68400 112180 0 88000 108930 158231 51780 112660 49720 135500 50400 32650 86260 89490 143691 
99120 140820 78920 120900 35150 56880 53900 134550 201170 108871 61100 69470 195670 60660 111490 122250 88760 193790 134210 57900 130900 125960 120630 160280 134280 81070 87860 45630 158240 158130 146330 83360 113090 132630 33220 53650 144990 122400 69740 135730 125980 141480 138460 103850 87830 204970 111990 150290 21900 154610 147290 156971 78660 52140 35150 40230 82930 64570 142090 103440 124100 92830 141520 87730 0 138270 196760 45240 142000 43550 83800 83310 60650 47030 46360 187091 
41830 14940 106330 32580 116722 86870 91751 11820 61380 71762 97171 98640 56120 109430 96051 85692 68281 54000 132091 85731 7730 105070 105191 30030 19500 64000 75610 92820 24030 124583 16080 63241 25990 12430 105240 118640 14890 21680 91160 24770 14650 3760 12150 67860 56370 65180 132810 19330 126312 24710 21260 34080 99030 92280 116722 108631 95420 112452 108153 68671 108661 46940 31480 108890 142680 0 56970 127031 31360 125191 116550 61390 91540 100451 97371 48190 
88531 49760 148410 68730 163423 133571 138120 56140 10500 118463 140210 145341 19710 156131 142752 132393 114982 3600 178792 132100 62780 128850 151892 33620 54870 110701 122311 139521 39320 171284 44130 106300 75211 58230 151941 161180 47710 76311 137861 55160 70130 55770 63910 104010 104372 10360 179511 39530 174843 36000 43040 31070 145731 138981 163423 155332 138170 155202 154854 115372 155362 94401 58500 155591 196262 57090 0 175562 55170 171892 158630 108091 138241 146820 143740 16460 
89710 137560 105370 121660 15370 64310 69460 122590 184711 88590 82040 36050 189301 24650 79460 100540 68040 178831 98200 71480 118940 146040 87480 148320 131020 63300 64170 54880 146280 123200 134370 96940 102660 120670 45480 88830 140000 110440 41380 123770 115430 129520 127910 117430 101410 184031 72710 145030 28580 142650 135330 145011 42650 61120 15370 20990 103870 96000 112070 83120 90560 83420 129560 51720 45550 126310 175611 0 130040 2280 113100 67560 33280 65000 67300 161071 
45430 45210 123733 55950 120322 90470 102630 20220 64390 75362 112220 102240 74760 113030 99651 89292 71881 58650 135691 96610 32360 128912 108791 37130 50220 67600 79210 96420 37360 128183 25290 80193 32220 22210 108840 131520 44560 33320 94760 7430 40130 32480 43090 90222 70820 63710 136410 44100 129912 27040 21900 27990 102630 95880 120322 112231 112823 129855 111753 72271 112261 51300 3780 112490 146280 31280 55290 130631 0 128791 133953 64990 95140 111330 108250 39860 
87650 135500 103680 119600 13530 62470 67770 120530 183041 86530 80350 33990 183380 22590 77400 98480 65980 176771 96140 69790 116880 144350 85420 146260 128960 61240 62110 53040 144220 121140 132310 95250 100600 118610 43790 87140 137940 108380 39320 121710 113370 127460 125850 115740 99720 182361 70640 142970 26890 140590 133270 142951 40590 59280 13530 19150 102180 94310 110010 81060 88500 81360 127500 49660 43860 124250 173551 2280 127980 0 111410 65500 31220 63310 65610 159011 
98600 109500 11080 88420 98570 65982 48872 126010 161120 119733 34591 113930 150140 118820 137042 133663 106912 156740 171152 51621 113600 48740 146182 145440 102960 101472 112632 68850 139650 172554 131490 56090 104630 124972 66980 31010 113670 105680 109652 128072 102830 119810 110950 53520 69940 167920 159070 118970 92860 140120 136670 149313 123312 65922 98570 92890 22990 24040 156124 116642 149652 90460 133862 134810 83580 116950 159710 112310 134342 110620 0 99522 102720 50730 46502 165433 
27240 72730 90130 56830 60282 38861 55640 57760 117821 28101 66800 40550 120150 52520 40300 41170 10140 111941 74380 49280 54110 110430 49440 83490 66190 5210 16820 42910 81450 78590 69540 58410 37830 55840 54190 85321 75170 45610 33970 58940 50600 64690 63080 71740 42020 117141 74020 80200 69872 77820 70500 80181 40240 43960 60282 52191 81380 84840 62160 22640 52910 20950 64730 50100 83420 61480 108721 67770 65210 65710 99763 0 34630 60721 60151 94181 
56910 102400 94890 86500 31910 41450 56700 87810 149931 55790 71560 11700 150660 18950 51300 67740 35240 144051 75120 54040 84160 128350 60440 113540 95860 30500 31370 34630 111500 95040 99590 79250 67880 85890 36630 81350 105220 75660 9180 88990 80650 94740 93130 99740 71690 149251 56840 110250 43080 107870 100550 110231 21530 39600 31910 22410 87460 86280 83650 50320 63910 50620 94780 32580 60840 91530 140831 33470 95260 31410 103380 34760 0 54140 57370 126291 
69160 98710 43040 78830 51100 25100 10230 104070 152430 80711 19710 65530 147170 71350 95930 94631 67880 145050 125430 15890 96990 88750 105070 128830 92170 61700 68850 19730 123040 133522 114880 41290 84130 102150 19510 30970 102880 88070 60640 105250 86220 103200 98700 61780 45760 156230 110670 108180 47060 123510 116850 126531 74300 18580 51100 45420 41540 34220 117092 77610 108540 61020 111040 86410 47000 100340 148020 64840 111520 63150 51320 60490 54320 0 4840 143731 
65900 95450 38570 75570 53860 25950 8640 100810 149170 79701 15240 68690 143910 74110 97010 93631 66880 141790 128210 12780 93730 84280 106150 125570 88910 61440 71630 22890 119780 132522 111620 38030 80870 98890 22270 26910 99620 84810 63800 101990 82960 99940 95440 58520 42500 152970 113830 104920 49820 120250 113590 123271 77460 21740 53860 48180 37070 30160 116092 76610 109620 57760 107780 89570 46780 97080 144760 67600 108260 65910 47022 59490 57480 4770 0 141661 
74711 59620 153014 78500 149603 119751 134051 43000 26010 104653 143404 131521 36380 142311 128932 118573 101162 20270 164972 128031 53440 145520 138072 32810 64640 96881 108491 125701 34400 157464 32110 109381 61391 45010 138121 163191 56090 62491 124041 40210 60790 47890 59100 113780 100101 25330 165691 52020 159193 23980 29960 17100 131911 125161 149603 141512 142104 159136 141034 101552 141542 80581 43550 141771 187093 47770 16910 159912 40220 158072 163234 94271 124421 141872 139921 0 

0 Ciudad_0 0 0 32400 0
1 Ciudad_1 486 10393 24993 972
2 Ciudad_2 293 9858 22107 586
3 Ciudad_3 474 16773 28010 948
4 Ciudad_4 827 19265 23472 1654
5 Ciudad_5 646 5973 13422 1292
6 Ciudad_6 217 17693 29048 434
7 Ciudad_7 793 2621 16001 1586
8 Ciudad_8 491 19748 26367 982
9 Ciudad_9 763 13251 24202 1526
10 Ciudad_10 133 7411 21484 266
11 Ciudad_11 197 8561 17903 394
12 Ciudad_12 133 23032 27147 266
13 Ciudad_13 726 3265 7606 1452
14 Ciudad_14 171 4121 6162 342
15 Ciudad_15 244 4855 18349 488
16 Ciudad_16 265 6484 13936 530
17 Ciudad_17 722 9968 23610 1444
18 Ciudad_18 694 4306 9990 1388
19 Ciudad_19 411 6187 19793 822
20 Ciudad_20 366 12643 22750 732
21 Ciudad_21 419 13540 20123 838
22 Ciudad_22 828 8142 22131 1656
23 Ciudad_23 330 3327 13793 660
24 Ciudad_24 385 17718 21330 770
25 Ciudad_25 177 7006 17926 354
26 Ciudad_26 125 16873 26498 250
27 Ciudad_27 329 14518 28872 658
28 Ciudad_28 238 2537 5556 476
29 Ciudad_29 269 8768 15823 538
30 Ciudad_30 108 10199 16671 216
31 Ciudad_31 575 4942 9763 1150
32 Ciudad_32 286 13829 26000 572
33 Ciudad_33 474 15012 29637 948
34 Ciudad_34 166 19545 21945 332
35 Ciudad_35 398 6664 19470 796
36 Ciudad_36 370 6573 14918 740
37 Ciudad_37 199 9676 24236 398
38 Ciudad_38 270 11425 22836 540
39 Ciudad_39 667 19045 21046 1334
40 Ciudad_40 593 12083 22055 1186
41 Ciudad_41 194 18125 22892 388
42 Ciudad_42 606 7467 12710 1212
43 Ciudad_43 516 9358 14756 1032
44 Ciudad_44 128 15231 25108 256
45 Ciudad_45 358 23364 26217 716
46 Ciudad_46 620 14493 24024 1240
47 Ciudad_47 770 15040 21843 1540
48 Ciudad_48 280 5079 7745 560
49 Ciudad_49 165 23574 26660 330
50 Ciudad_50 736 12877 26064 1472
51 Ciudad_51 493 11081 13714 986
52 Ciudad_52 484 14211 21552 968
53 Ciudad_53 400 15789 18714 800
54 Ciudad_54 471 19931 25679 942
55 Ciudad_55 674 12032 22337 1348
56 Ciudad_56 664 17873 25250 1328
57 Ciudad_57 273 14319 21696 546
58 Ciudad_58 346 21958 28211 692
59 Ciudad_59 404 13215 28098 808
60 Ciudad_60 196 8357 18645 392
61 Ciudad_61 573 20251 29260 1146
62 Ciudad_62 550 3188 18128 1100
63 Ciudad_63 315 8106 13156 630
64 Ciudad_64 240 6879 20648 480
65 Ciudad_65 815 17863 25595 1630
66 Ciudad_66 454 7571 16659 908
67 Ciudad_67 273 13234 20781 546
68 Ciudad_68 677 3450 12008 1354
69 Ciudad_69 492 6999 14240 984
70 Ciudad_70 707 18868 23796 1414
71 Ciudad_71 355 21565 23651 710
72 Ciudad_72 682 5766 10443 1364
73 Ciudad_73 734 11790 26246 1468
74 Ciudad_74 311 7216 14515 622
75 Ciudad_75 480 9377 12967 960

0 0.0759159 -0.00116147 0.0914857 0.0963578 -0.0609871 -0.073635 0.0700157 -0.0815809 -0.00900053 0.0146207 0.0491357 -0.0328668 -0.00630811 -0.0394685 0.0798265 0.0570391 -0.0539969 0.0713334 0.082724 0.016665 0.0819049 0.0511335 0.010624 -0.0414027 0.0754717 0.0980861 -0.0858873 -0.0100957 -0.00663803 -0.0908814 0.0380181 0.0923032 -0.00333679 0.0676569 0.00973544 -0.00074917 -0.0465698 0.0636648 -0.0864736 0.050875 0.0878351 -0.0764784 -0.0561101 -0.00748184 0.0951022 0.0440125 0.0592246 -0.0624891 -0.0315729 0.0841818 0.0218394 -0.0626735 0.0750061 -0.033288 0.0557288 -0.049601 0.0458512 0.0853863 0.0550569 0.0760424 0.0755231 0.0549361 -0.0412258 0.0225798 0.0325033 0.00616551 -0.0732104 -0.046993 -0.080279 -0.0356795 0.0314289 -0.0233025 0.0468161 0.0095262 -0.0662243 
-0.0759159 0 -0.00255486 -0.0922138 -0.0352947 0.000357668 -0.000946792 -0.0236805 0.0278805 -0.087967 0.0396769 0.0226039 -0.0703886 0.00643511 -0.00771855 0.0574195 0.0735722 -0.0241492 -0.00898264 -0.0477995 0.0664289 0.0517531 -0.0750014 -0.061692 0.0444388 -0.0269839 -0.010519 -0.0902247 -0.0363976 0.0310423 -0.0218189 0.0868629 -0.0868879 -0.091288 -0.0863578 0.0584305 0.0344383 0.0170581 -0.044526 0.0596256 0.0547 -0.039899 -0.00793923 -0.0691037 -0.0877004 -0.0192623 0.0281796 -0.0958054 0.0942938 0.0327422 0.0138675 0.0409737 -0.0891665 -0.0409035 -0.0603536 0.0344322 0.0951199 -0.0668752 0.0672675 -0.012186 -0.0731714 -0.0625548 -0.0534961 0.0428915 -0.0548012 -0.0668839 0.081556 0.0664122 0.0782708 0.065041 -0.00842023 -0.000560214 -0.00326666 -0.0735389 -0.0623827 -0.0496581 
0.00116147 0.00255486 0 0.0648795 0.0867016 0.0300912 0.0884236 -0.0244406 -0.0133411 -0.0322968 0.0650576 0.0408808 -0.00856237 -0.0805289 0.0347756 0.0622389 0.0357771 -0.0393654 0.0148415 -0.0225901 -0.0719775 -0.0513938 -0.00747553 -0.0802674 -0.0136584 -0.056447 -0.038243 -0.00667613 -0.0251758 0.0932775 -0.0263211 -0.0563113 -0.00411866 -0.00317434 -0.0391686 0.0231907 -0.0936611 -0.0197731 -0.0996753 -0.0963176 0.0956957 0.068393 -0.0437866 0.0368729 -0.0462395 0.0988335 -0.0928372 -0.0746379 -0.0239917 -0.0981321 -0.0375101 0.0267316 -0.0923064 -0.091508 0.0183997 -0.0714357 -0.000273431 -0.0754285 -0.0146887 0.0285822 -0.0989562 0.0461987 0.0573432 0.0716975 0.0861253 -0.0231825 -0.0484878 0.00254456 0.0047284 -0.046654 -0.0615156 -0.0951188 0.0785891 -0.0883264 0.0418362 -0.00323021 
-0.0914857 0.0922138 -0.0648795 0 -0.0750358 -0.0975449 0.0885726 0.0358978 -0.0303155 0.00453474 0.0398567 -0.0436077 0.0189486 -0.0406394 0.0142251 -0.0394053 0.0634315 0.0755621 -0.0572129 0.0638499 0.0199858 -0.0913625 -0.0772505 0.0711463 -0.0719378 -0.0291109 -0.0258823 0.0884972 -0.0261833 -0.0504123 -0.042421 0.0600656 -0.0407237 -0.0735226 -0.0520205 -0.0782791 0.063794 -0.0650351 -0.0536166 -0.092679 -0.0211497 0.064698 -0.0209048 0.0206 -0.0185709 -0.0506887 -0.0591631 -0.0621406 0.0991429 -0.0472725 -0.0461418 0.0342512 -0.0763457 -0.0637981 -0.0135239 -0.0339821 -0.00411039 -0.033384 -0.0889253 -0.0491555 -0.0429573 0.0598063 0.00715941 -0.05659 -0.0797616 -0.0254803 -0.0156926 -0.0245228 0.0194488 -0.0589187 0.032694 -0.0488263 -0.0255063 -0.0489804 0.0364738 0.0194273 
-0.0963578 0.0352947 -0.0867016 0.0750358 0 -0.0761661 0.022691 -0.0294419 0.0973911 -0.0421032 0.0309436 -0.0625898 -0.0633738 0.097964 0.0177401 -0.0683701 0.063899 0.0677018 -0.0530081 -0.0363976 -0.0326256 0.0336766 0.00247394 -0.0097495 0.0160601 0.0384359 -0.0738335 0.0399038 -0.0407495 -0.0321608 -0.0193527 0.021443 0.0872778 -0.0124108 0.0888992 0.0755855 -0.075614 0.0288983 -0.00239682 -0.0566592 -0.0561835 0.0726708 0.0130089 -0.0966269 0.0130516 0.0821399 -0.056059 0.0361396 -0.0898555 0.0271934 0.00520055 0.0436517 -0.0943862 -0.0567872 0.0421408 0.0637724 -0.00438305 0.00749416 0.0401448 0.0599078 -0.0895428 -0.059015 0.0376775 -0.0003425 -0.00986944 -0.0366113 -0.062816 0.0225262 -0.0422627 0.00592722 0.0952894 -0.0991262 -0.0698969 0.0920587 0.0331329 0.0419389 
0.0609871 -0.000357668 -0.0300912 0.0975449 0.0761661 0 0.00981988 0.0321523 -0.0148989 0.0678801 -0.0866912 -0.0308349 -0.0681193 -0.0435249 -0.00891186 0.0369807 -0.0602594 -0.00690969 -0.0794115 0.0614414 -0.00817647 -0.0503427 -0.0123477 -0.0880717 0.0920107 0.0325548 0.0150608 0.0960092 -0.0655382 0.0112697 -0.0231369 -0.0494077 0.0203001 -0.0705172 -0.0722111 0.0599536 0.0834597 0.0632579 0.0470117 0.0187125 -0.0536966 0.0842513 -0.0869218 0.0308279 -0.061118 -0.0771216 0.0497035 0.068081 0.0528976 -0.0613691 0.0755238 0.0948567 -0.0675528 0.0829562 0.0247857 0.0559896 0.0443753 0.0505212 -0.0104832 0.0670217 0.0486257 -0.0307976 -0.0258279 -0.0536078 0.0216862 0.0622624 0.0715332 0.0805252 -0.00883699 0.059702 0.0334616 -0.0548997 -0.0682609 0.0253211 0.0821644 -0.0420967 
0.073635 0.000946792 -0.0884236 -0.0885726 -0.022691 -0.00981988 0 -0.0911884 -0.0905692 0.0391352 -0.0402269 0.0265162 0.0834985 -0.0255951 -0.0572271 -0.0897892 0.0925126 -0.0430326 0.0861361 0.0373166 0.0360552 0.0970415 -0.095002 -0.0267318 -0.027265 -0.0674411 0.0349199 0.0336155 0.0636388 0.0581874 0.0267442 -0.0523439 0.086424 -0.0347897 -0.00584969 0.0168951 0.0608922 -0.070432 0.0798877 0.0950674 0.0503986 0.0756433 0.061195 -0.0673008 0.0366208 0.0779466 0.0949296 0.0875696 0.0863881 -0.0227467 0.0228785 0.0762171 0.0919572 -0.0982326 0.000541992 0.0574211 0.0229335 0.060015 0.0501578 -0.0503318 0.0587366 0.0890322 0.0105496 0.0616864 0.0329101 0.0481248 -0.0559181 0.00243323 0.0349694 0.0100797 0.0465585 -0.0304993 -0.0552014 0.0408054 0.0735903 -0.097076 
-0.0700157 0.0236805 0.0244406 -0.0358978 0.0294419 -0.0321523 0.0911884 0 0.0299085 -0.00648926 0.0119136 0.0553558 -0.0722253 0.0317951 0.0724703 0.0393267 -0.016769 -0.018215 -0.0533327 0.00496184 -0.0572772 -0.00775742 -0.0639958 0.0127216 0.0661487 0.028404 -0.0549548 0.018044 -0.0155763 0.0715803 0.0813859 0.0727026 -0.0448454 -0.00419967 -0.0271863 0.0391443 -0.0803445 0.0155512 -0.0934208 -0.0932355 -0.0519881 -0.0850524 -0.0713082 -0.0603767 -0.0238791 -0.0118163 -0.0149504 -0.0816865 -0.0680147 -0.0833374 -0.0606241 -0.00402729 0.0130448 0.0798609 -0.0258956 0.0648888 -0.000902783 0.00463708 0.0637387 -0.0947992 -0.0969672 -0.0125314 -0.0248013 -0.0993817 -0.0539063 0.0133696 0.0493853 0.0182234 -0.0812454 0.0992484 -0.0406227 0.0456039 0.0505306 0.000136001 0.0574303 -0.0416639 
0.0815809 -0.0278805 0.0133411 0.0303155 -0.0973911 0.0148989 0.0905692 -0.0299085 0 0.0311203 -0.0529644 -0.0394387 -0.0242983 0.0589627 0.0180427 0.0926367 0.0556004 -0.0810506 0.076309 -0.0859027 -0.0253698 0.0127096 0.0298644 0.0135019 0.0419438 0.0265323 0.0968257 0.0353359 -0.0911653 0.0221605 -0.0848442 -0.0554348 0.0121771 -0.0556308 0.0280773 0.0885507 -0.0628126 0.0834841 -0.0656987 -0.0767497 -0.0796959 0.0937958 0.0385672 0.0868733 0.029823 0.0094932 0.0514414 0.0466588 -0.0463192 0.0906172 0.0299562 0.0136649 -0.0545466 -0.0558517 -0.0458252 -0.0581376 -0.0741864 0.0674287 0.0746842 -0.05804 -0.0570193 0.0750276 -0.0362861 0.0152373 0.00475159 0.0345345 -0.00561916 0.0983262 0.097844 -0.0686017 -0.0466893 0.0347076 -0.089983 -0.0387806 -0.0292369 0.0353715 
0.00900053 0.087967 0.0322968 -0.00453474 0.0421032 -0.0678801 -0.0391352 0.00648926 -0.0311203 0 -0.00547498 -0.0733992 -0.0164012 0.0722903 -0.0418495 -0.0563681 -0.0105376 0.0863194 -0.0231613 -0.0359579 -0.079064 -0.0427971 -0.041598 -0.0438676 -0.0183794 0.087485 0.0899684 0.00700228 0.0523545 0.0167476 0.0211436 -0.0773142 0.0932723 -0.0909895 -0.0111771 0.0597157 -0.0129225 -0.0624894 -0.0201165 -0.0733744 -0.0763476 0.0523242 0.0618875 0.0673975 -0.0965175 0.0614966 0.0975575 -0.0015755 -0.0273855 -0.0431276 9.71111e-05 -0.0197023 -0.0541169 -0.0625156 -0.014302 -0.0681757 -0.0908838 0.00991403 -0.0814577 -0.0824499 0.066798 0.0809814 -0.0319311 0.038929 0.0895239 0.0243879 0.0566701 0.0779166 -0.00706833 0.0931424 0.0659454 0.0554806 0.0949321 -0.0583653 -0.0792884 0.0413765 
-0.0146207 -0.0396769 -0.0650576 -0.0398567 -0.0309436 0.0866912 0.0402269 -0.0119136 0.0529644 0.00547498 0 -0.0064649 0.0925777 -0.0294759 0.059404 -0.0113403 -0.0827172 0.0198984 0.0261902 0.0990214 -0.0833278 0.0924616 0.069774 0.0234801 -0.0802201 0.0713891 0.0204155 -0.0958247 0.00248723 0.0595895 0.0567495 -0.0321608 0.06794 -0.019374 0.0894081 -0.0161575 -0.051754 -0.0113017 -0.0783356 0.0565024 0.0832444 0.0459613 -0.0251045 0.0598088 -0.0582728 0.0317021 0.014646 -0.0183159 -0.0803217 0.0554126 0.016058 0.0627642 0.0901539 -0.0410722 0.0927629 -0.0489729 -0.0031295 -0.0034514 0.0314548 -0.045875 -0.0483634 0.0307764 0.00675263 -0.03112 -0.0694035 -0.0621605 0.0564727 -0.00954126 0.0331985 0.0655749 0.0281976 0.0261528 -0.0836556 0.0607772 0.0851726 -0.0521327 
-0.0491357 -0.0226039 -0.0408808 0.0436077 0.0625898 0.0308349 -0.0265162 -0.0553558 0.0394387 0.0733992 0.0064649 0 -0.0941896 -0.0603243 -0.0904025 0.0654993 -0.0313651 0.0839704 -0.0477394 0.0726812 0.0365162 0.00540317 0.0432527 0.068836 0.0986016 -0.00843731 -0.0623909 0.0879841 0.0486056 -0.00596413 -0.000688175 0.0217135 0.0895962 0.0491048 0.0654231 -0.0690017 0.000941585 -0.0368132 -0.0854698 -0.0393464 -0.0635031 0.0260491 -0.0788727 -0.0591324 -0.034322 -0.0806784 0.0127477 0.085674 -0.0411953 0.00242684 -0.0505297 -0.0385345 0.0411131 0.0984055 -0.0714693 -0.0976452 -0.0843392 -0.0114609 0.00807636 0.031966 -0.0672411 0.0137749 0.0562277 -0.0677303 0.0278391 0.0619219 -0.0870106 -0.041643 0.0854037 0.0879881 -0.0583896 0.0904168 0.0986349 -0.0728831 -0.0513513 -0.0765513 
0.0328668 0.0703886 0.00856237 -0.0189486 0.0633738 0.0681193 -0.0834985 0.0722253 0.0242983 0.0164012 -0.0925777 0.0941896 0 0.0766384 -0.0110634 -0.0260605 -0.0132191 -0.0335976 -0.064873 -0.00200967 -0.0114012 -0.0968974 0.0195064 0.00510099 -0.0250499 0.00411891 0.0243548 0.0762412 -0.00258806 0.0643829 -0.0157047 -0.0360321 -0.0701123 -0.0456355 -0.068368 0.046105 0.0574955 -0.0566798 -0.0579307 0.0139294 -0.0712328 0.0243693 0.0447889 -0.07725 0.076861 -0.00652915 0.0503078 0.0861309 0.0578546 0.0696107 0.0973837 -0.0118933 -0.02047 -0.0845573 -0.0329983 -0.0324664 -0.0686931 -0.0276436 0.0544003 0.0278654 -0.0965306 0.0195877 0.0941847 -0.0456652 -0.0379659 -0.0327608 -0.0669099 0.0576478 0.0722244 -0.034702 -0.0621483 0.0984527 -0.0933918 -0.0866293 -0.0525806 -0.00204293 
0.00630811 -0.00643511 0.0805289 0.0406394 -0.097964 0.0435249 0.0255951 -0.0317951 -0.0589627 -0.0722903 0.0294759 0.0603243 -0.0766384 0 0.0459893 0.0520771 0.0230186 0.094865 0.0729197 -0.0625349 -0.0364149 0.0945612 -0.0906219 0.082636 0.0552258 0.0154025 -0.0714415 -0.0275279 -0.0776337 -0.0317837 0.0778799 -0.0339334 0.0362856 -0.0461561 0.0490985 0.0283597 -0.0746547 -0.0442067 -0.00421615 -0.0768006 -0.0489085 -0.0456955 0.0508152 0.0552938 0.0484458 -0.0408983 0.0461604 -0.000428427 0.0658957 -0.00250517 -0.0685748 0.086641 0.014171 0.0591936 -0.0340361 0.0937609 0.0417949 -0.027264 -0.0944496 -0.00690502 0.0665673 -0.0716544 -0.0200303 -0.0132242 0.0425873 -0.0452587 -0.0513575 0.00828464 -0.0240106 -0.063392 0.0544677 0.0383669 -0.0784756 0.0222248 -0.0513037 -0.0558212 
0.0394685 0.00771855 -0.0347756 -0.0142251 -0.0177401 0.00891186 0.0572271 -0.0724703 -0.0180427 0.0418495 -0.059404 0.0904025 0.0110634 -0.0459893 0 0.0690896 -0.0270697 0.0501111 0.0732013 -0.000679342 0.0150925 0.0611401 0.0955272 -0.0306522 0.0359328 0.0275756 -0.0786985 -0.0740862 0.0230726 0.0232449 -0.0428783 -0.00556685 0.0745065 0.082206 -0.079363 -0.074808 -0.0670166 0.0723653 0.0166856 0.0891242 0.014485 0.07984 -0.0483866 0.0685573 0.0847178 -0.0430614 0.0022963 0.0499389 -0.0655827 0.0991756 0.0325868 -0.0751928 -0.0234329 -0.0294522 0.0744395 -0.0620885 -0.0837297 -0.0764365 0.0473048 0.0355887 -0.0282321 -0.0216775 -0.0259334 0.0768836 0.0279655 0.0710221 0.00848521 -0.0408459 -0.0677892 0.0846476 -0.0821882 0.0815475 0.0539289 -0.0146602 0.015509 0.0477038 
-0.0798265 -0.0574195 -0.0622389 0.0394053 0.0683701 -0.0369807 0.0897892 -0.0393267 -0.0926367 0.0563681 0.0113403 -0.0654993 0.0260605 -0.0520771 -0.0690896 0 0.0649088 0.096008 0.0272179 0.0353426 -0.0946313 -0.00191045 0.0742058 0.00503382 -0.037679 0.0828525 -0.0495727 -0.0853455 0.0747994 -0.0256265 0.0829816 0.0962098 0.0030222 0.0963076 0.00280517 0.0573226 -0.0349944 -0.0690991 -0.0390653 -0.0952682 0.0247251 -0.0647681 0.054422 0.0919721 -0.0735534 0.00551866 0.0985184 -0.00663417 -0.0133435 0.0245334 0.0406357 -0.074554 0.00790375 -0.022958 0.0442843 -0.0533784 0.0766789 -0.0909876 0.0158414 -0.0167473 0.032317 0.00610269 -0.0888714 -0.0871672 0.027462 -0.053821 0.0171445 0.0540741 -0.075341 0.0793275 -0.0831389 0.0459079 -0.0511848 -0.0677544 0.0253023 0.0816246 
-0.0570391 -0.0735722 -0.0357771 -0.0634315 -0.063899 0.0602594 -0.0925126 0.016769 -0.0556004 0.0105376 0.0827172 0.0313651 0.0132191 -0.0230186 0.0270697 -0.0649088 0 0.026799 -0.0941244 -0.0660778 -0.0677763 0.0983295 -0.030572 0.0324295 0.0199498 -0.055599 -0.0106826 0.0562304 0.0370971 -0.00534268 -0.0669424 0.0464917 -0.0825419 -0.0318062 0.0621154 0.022945 0.0511318 -0.0102579 0.0178782 -0.0333043 0.0756918 -0.0785584 -0.0307667 -0.00158105 0.0469651 -0.042728 0.0992756 0.0641888 0.00449733 0.0158598 -0.0472052 0.0289209 0.0839596 0.0560471 -0.0289096 0.0261389 0.072651 0.0626081 -0.0420225 0.0523741 0.0538399 -0.067267 -0.0277809 -0.03355 0.0727139 0.0230742 -0.0448123 -0.00956137 -0.0992931 -0.0215554 0.0780951 0.017113 -0.0260165 0.0500578 -0.0630171 0.0908955 
0.0539969 0.0241492 0.0393654 -0.0755621 -0.0677018 0.00690969 0.0430326 0.018215 0.0810506 -0.0863194 -0.0198984 -0.0839704 0.0335976 -0.094865 -0.0501111 -0.096008 -0.026799 0 -0.0234137 0.0454573 -0.00432863 0.0991131 -0.0910602 0.0300334 -0.0785886 0.0509298 -0.0419749 0.0410381 -0.0525031 0.0346483 -0.0235134 0.00626573 -0.0569277 0.0738115 -0.0954406 -0.0513996 0.0578996 -0.0765435 -0.0710535 0.0756296 -0.0272788 -0.0779881 -0.0660205 0.037551 -0.0076152 -0.0245436 -0.0806554 0.0144269 0.0727922 0.0364785 -0.0700183 -0.0895597 0.0360252 0.0141866 0.0337735 0.0899941 -0.0103113 0.0456955 0.0858367 0.0607156 0.0454728 -0.0858478 -0.00192559 0.0350529 -0.084929 0.0710045 -0.0700938 -0.0698487 0.0100424 -0.0726193 0.0171584 0.0150384 0.00125559 0.0790825 -0.0633553 0.00572741 
-0.0713334 0.00898264 -0.0148415 0.0572129 0.0530081 0.0794115 -0.0861361 0.0533327 -0.076309 0.0231613 -0.0261902 0.0477394 0.064873 -0.0729197 -0.0732013 -0.0272179 0.0941244 0.0234137 0 -0.0718256 -0.0926345 -0.0223001 -0.0310062 -0.0554286 0.093504 0.0655505 -0.0729509 0.0789024 0.0882606 0.00146676 0.026665 -0.0594796 -0.0529432 0.0119473 -0.0300188 0.0477135 0.0846601 0.0953627 -0.0679666 0.0298835 0.0849821 -0.0734866 -0.0160029 -0.0973079 -0.0458651 -0.0586012 0.0908555 -0.0964917 0.0288451 0.0756891 -0.00276115 -0.0118757 0.0477295 -0.0205624 -0.0981438 0.00431708 0.00265801 -0.00704092 -0.0476229 0.0682863 -0.0160033 -0.0713375 -0.0555167 0.0732764 0.0795315 -0.0837751 0.0880026 0.0427978 0.0856426 -0.0617007 0.0831515 -0.0898192 -0.089178 -0.0195881 0.0472373 0.0568619 
-0.082724 0.0477995 0.0225901 -0.0638499 0.0363976 -0.0614414 -0.0373166 -0.00496184 0.0859027 0.0359579 -0.0990214 -0.0726812 0.00200967 0.0625349 0.000679342 -0.0353426 0.0660778 -0.0454573 0.0718256 0 -0.0827754 0.0252216 -0.0818669 -0.0399368 -0.00100898 0.0748615 -0.0832555 0.0352738 -0.0436805 0.0949833 0.0525459 -0.0574646 0.0607119 0.0474151 0.0753532 -0.0656141 -0.0576466 0.058316 0.00669095 0.0959875 -0.0527046 0.0979565 0.0989872 0.0781818 -0.0864351 -0.0796655 -0.0808179 -0.0220432 0.0355892 -0.0772936 -0.0326167 -0.00279897 -0.0174311 0.0693299 -0.0311666 -0.00763317 0.0944405 0.0660848 0.0262892 0.0333955 -0.0531644 0.065433 0.0419 0.0466276 0.049661 -0.0724984 0.050782 0.0506815 -0.0932173 0.0904215 0.0449081 0.00695463 -0.0613546 0.0919825 0.0625265 0.0857552 
-0.016665 -0.0664289 0.0719775 -0.0199858 0.0326256 0.00817647 -0.0360552 0.0572772 0.0253698 0.079064 0.0833278 -0.0365162 0.0114012 0.0364149 -0.0150925 0.0946313 0.0677763 0.00432863 0.0926345 0.0827754 0 0.0156344 -0.0806683 0.00551312 -0.0499583 -0.0792962 0.0648 -0.00383668 0.00555292 -0.0965365 0.0656282 -0.0117548 -0.00663718 0.0774093 -0.046093 0.0236289 -0.0164802 0.0326179 -0.0498589 -0.00602482 -0.00569491 0.0463866 -0.0389714 0.0615432 0.0406299 -0.0388896 -0.0940183 -0.050952 -0.0563976 0.0101017 0.0991982 0.0339937 -0.0157525 0.0791055 -0.0369389 -0.0971339 0.0607755 -0.0364109 0.0912424 -0.0975474 0.0496745 -0.0604645 0.0776482 -0.00475019 0.0338996 -0.0527177 0.0129771 -0.0979039 0.0542693 0.0615333 0.0545997 -0.0825665 -0.0216058 -0.0160721 -0.0937193 0.0331405 
-0.0819049 -0.0517531 0.0513938 0.0913625 -0.0336766 0.0503427 -0.0970415 0.00775742 -0.0127096 0.0427971 -0.0924616 -0.00540317 0.0968974 -0.0945612 -0.0611401 0.00191045 -0.0983295 -0.0991131 0.0223001 -0.0252216 -0.0156344 0 -0.0334454 0.0458734 0.0763543 0.0240879 0.0516206 -0.0944123 -0.0750349 0.0859703 -0.00618552 0.0346485 -0.0210245 0.0844743 -0.0659664 0.0964247 -0.0850642 -0.0803815 -0.0288062 -0.0956029 0.0246882 0.0733436 0.0319255 -0.00699732 0.0642295 -0.0694408 0.0607483 -0.0504138 -0.0463597 -0.00685385 -0.0860719 0.0308832 0.0680513 0.0850691 0.0339654 0.0545475 0.0434787 0.0822126 0.0843975 -0.0296092 0.00747915 -0.0885752 -0.00611085 0.0578206 -0.00435144 0.0946676 -0.0231425 0.0871658 0.0367235 0.0329827 -0.042487 0.0937459 0.0690632 -0.0864375 0.090059 -0.0835364 
-0.0511335 0.0750014 0.00747553 0.0772505 -0.00247394 0.0123477 0.095002 0.0639958 -0.0298644 0.041598 -0.069774 -0.0432527 -0.0195064 0.0906219 -0.0955272 -0.0742058 0.030572 0.0910602 0.0310062 0.0818669 0.0806683 0.0334454 0 -0.0865244 0.0429363 0.0134085 0.0288426 0.0414633 -0.0742777 0.0863623 -0.00045887 -0.0765154 0.0902394 0.0477476 0.0552788 0.0410401 -0.0547727 -0.0450702 -0.0699342 -0.0349743 0.0219824 -0.0646587 0.0788343 -0.0439416 -0.0343898 -0.0974043 -0.062796 0.076238 0.0307327 0.0675078 0.0264913 -0.0942539 0.0806605 -0.041292 0.0887866 0.0610486 -0.0871921 0.0326325 -0.0589176 0.0169894 -0.0716456 -0.0691456 0.0538684 -0.0500381 0.0988735 -0.00537588 0.0680069 0.0353998 -0.0445474 0.0463153 -0.0224716 -0.0140768 0.0818583 -0.0271612 -0.0926883 -0.0381435 
-0.010624 0.061692 0.0802674 -0.0711463 0.0097495 0.0880717 0.0267318 -0.0127216 -0.0135019 0.0438676 -0.0234801 -0.068836 -0.00510099 -0.082636 0.0306522 -0.00503382 -0.0324295 -0.0300334 0.0554286 0.0399368 -0.00551312 -0.0458734 0.0865244 0 -0.0950488 -0.0163246 0.018344 -0.000154055 0.0803772 0.0439013 -0.0832337 0.0130656 -0.0081119 0.0236651 0.00802418 -0.0568824 -0.0824755 0.0199213 -0.0613407 0.0604351 -0.0796165 0.0210208 0.0643838 0.0661999 0.0775308 0.00741065 -0.0371553 0.0478218 -0.0628216 0.0435358 0.0526052 -0.00391581 0.0165598 0.0866327 -0.0633692 0.0537772 -0.0566581 -0.0394301 -0.0417458 0.00620561 -0.0724306 -0.0399268 0.0321296 -0.0230197 0.00959971 0.0688118 0.0458347 -0.0813508 0.0467963 0.067344 -0.0490105 0.0287713 0.00795128 0.073704 0.0986273 -0.0835177 
0.0414027 -0.0444388 0.0136584 0.0719378 -0.0160601 -0.0920107 0.027265 -0.0661487 -0.0419438 0.0183794 0.0802201 -0.0986016 0.0250499 -0.0552258 -0.0359328 0.037679 -0.0199498 0.0785886 -0.093504 0.00100898 0.0499583 -0.0763543 -0.0429363 0.0950488 0 -0.0495495 0.0848779 0.0495384 0.0962897 -0.056676 0.0469725 0.0688571 -0.0271862 0.0326872 -0.0551333 -0.0961072 -0.0967565 -0.0582717 -0.00492305 0.0480649 -0.0801152 -0.076125 0.0181944 0.0866887 -0.0738105 -0.0505868 0.000714754 -0.0515957 0.00536308 0.0871913 0.0181404 0.0619442 -0.0764929 -0.0985842 -0.0221316 0.0872847 0.000235375 -0.080365 0.0409683 -0.0582644 0.0121171 0.0466318 -0.0561383 -0.00920538 -0.0259498 0.0574908 0.00463733 0.0802152 0.017415 -0.0773287 0.0345104 0.0132057 0.0179059 -0.0365887 0.0735899 -0.0685129 
-0.0754717 0.0269839 0.056447 0.0291109 -0.0384359 -0.0325548 0.0674411 -0.028404 -0.0265323 -0.087485 -0.0713891 0.00843731 -0.00411891 -0.0154025 -0.0275756 -0.0828525 0.055599 -0.0509298 -0.0655505 -0.0748615 0.0792962 -0.0240879 -0.0134085 0.0163246 0.0495495 0 0.0345166 -0.0146521 0.0334533 -0.0264756 -0.0707121 -0.094717 -0.0280553 0.0605669 -0.0541286 -0.0170536 0.0632578 -0.0371214 0.0276055 -0.00572986 -0.0858262 0.0442439 0.0848294 0.0909264 -0.0463702 -0.0970598 0.0506885 0.0963217 -0.00199193 -0.0886318 -0.0739343 0.0919642 -0.0159623 0.0637884 -0.087801 -0.0532254 -0.0677279 0.0837854 0.0381973 -0.0287562 0.07204 0.045478 -0.0932723 0.0959882 0.0631337 0.0987977 -0.0668014 0.0429815 -0.00224091 0.0618655 -0.0783599 0.0287973 0.0551044 0.0467773 -0.0856626 0.0657236 
-0.0980861 0.010519 0.038243 0.0258823 0.0738335 -0.0150608 -0.0349199 0.0549548 -0.0968257 -0.0899684 -0.0204155 0.0623909 -0.0243548 0.0714415 0.0786985 0.0495727 0.0106826 0.0419749 0.0729509 0.0832555 -0.0648 -0.0516206 -0.0288426 -0.018344 -0.0848779 -0.0345166 0 -0.0336439 -0.0954366 0.0595241 -0.0861311 -0.0816088 0.0532739 -0.0140157 0.0750957 0.0865614 0.0954262 0.0804805 0.0214289 -0.0743721 0.0452699 -0.0484155 0.05202 0.0715892 0.045312 0.0809115 0.0870336 0.0619075 0.0901378 0.0168781 -0.0560412 0.0941942 -0.0565495 -0.0644663 -0.0952857 -0.0478785 -0.0906135 -0.00549521 -0.0608377 -0.0960398 -0.0748337 -0.00172652 0.0871211 0.086538 0.0827368 -0.00958916 -0.0574582 -0.0242751 -0.0376303 -0.0484413 0.0402582 0.0884901 0.061318 0.0430112 0.0992185 -0.0720018 
0.0858873 0.0902247 0.00667613 -0.0884972 -0.0399038 -0.0960092 -0.0336155 -0.018044 -0.0353359 -0.00700228 0.0958247 -0.0879841 -0.0762412 0.0275279 0.0740862 0.0853455 -0.0562304 -0.0410381 -0.0789024 -0.0352738 0.00383668 0.0944123 -0.0414633 0.000154055 -0.0495384 0.0146521 0.0336439 0 -0.0658366 -0.0492858 -0.0351931 -0.024615 0.0567084 0.053365 0.0101336 -0.0475385 -0.0155447 -0.0899249 -0.0563676 -0.0281003 0.0509643 -0.0933057 0.0498923 0.00423386 0.00732882 -0.0685933 -0.0400449 0.0398081 -0.0284544 0.0250826 -0.0411978 0.0773546 0.0178813 -0.0442318 0.0832424 -0.0403799 0.0631298 -0.0833409 -0.0027476 0.00769565 0.0979471 0.0419324 -0.0800478 0.00248372 -0.0240597 -0.0333233 0.0341018 0.0671742 -0.00034308 -0.00307679 -0.0163271 0.0490337 -0.0253466 -0.0705533 0.0100378 0.0344136 
0.0100957 0.0363976 0.0251758 0.0261833 0.0407495 0.0655382 -0.0636388 0.0155763 0.0911653 -0.0523545 -0.00248723 -0.0486056 0.00258806 0.0776337 -0.0230726 -0.0747994 -0.0370971 0.0525031 -0.0882606 0.0436805 -0.00555292 0.0750349 0.0742777 -0.0803772 -0.0962897 -0.0334533 0.0954366 0.0658366 0 -0.0611304 0.0682399 0.0318436 0.00820319 -0.00233563 -0.00192397 -0.013528 -0.0857398 -0.0241937 -0.0102829 -0.0854196 0.0834511 -0.00627765 -0.0625187 0.00282838 -0.0444848 0.0651937 0.0967897 -0.0690982 0.00586326 -0.0386528 -0.0653234 0.0313746 0.0448901 0.0883729 0.0347261 -0.0481048 -0.00303559 0.0335121 -0.0588077 -0.00493594 -0.0957019 0.0558444 -0.0483921 0.0701331 -0.0865424 0.00577853 0.0803979 0.0119902 0.0238772 -0.0483757 -0.00283174 0.0584375 -0.0252438 0.0984288 -0.0482136 0.0665367 
0.00663803 -0.0310423 -0.0932775 0.0504123 0.0321608 -0.0112697 -0.0581874 -0.0715803 -0.0221605 -0.0167476 -0.0595895 0.00596413 -0.0643829 0.0317837 -0.0232449 0.0256265 0.00534268 -0.0346483 -0.00146676 -0.0949833 0.0965365 -0.0859703 -0.0863623 -0.0439013 0.056676 0.0264756 -0.0595241 0.0492858 0.0611304 0 0.0634965 -0.0973164 0.0932437 0.0149033 0.0825435 0.0709583 -0.0863169 -0.0360328 0.083723 -0.0111028 -0.0227801 -0.0318913 -0.0257084 -0.0819679 -0.0234187 0.0491298 -0.0622762 0.0496674 -0.0718069 0.0148805 -0.0504327 0.0250894 0.0525524 0.0791288 -0.044653 -0.00281832 0.0727578 0.0275644 -0.0682016 0.0958376 0.0442771 0.0613525 0.0733268 -0.0975267 -0.0903479 0.00114464 -0.0733927 0.0775715 0.0335026 -0.0188048 0.0320569 -0.0860624 -0.0999889 -0.00522659 -0.0759841 0.0338152 
0.0908814 0.0218189 0.0263211 0.042421 0.0193527 0.0231369 -0.0267442 -0.0813859 0.0848442 -0.0211436 -0.0567495 0.000688175 0.0157047 -0.0778799 0.0428783 -0.0829816 0.0669424 0.0235134 -0.026665 -0.0525459 -0.0656282 0.00618552 0.00045887 0.0832337 -0.0469725 0.0707121 0.0861311 0.0351931 -0.0682399 -0.0634965 0 -0.0630398 -0.0853129 0.087502 -0.0782831 -0.0834836 0.0611591 0.0369969 0.0890409 0.0844951 0.0996136 -0.00878069 0.00636437 -0.0359324 -0.0494261 0.0383663 0.0889819 -0.0147182 0.0526615 0.0066411 -0.0674045 0.0897655 -0.0106481 0.0183461 -0.0450451 0.0617302 0.0366523 0.0542707 -0.0918542 0.095043 -0.0348788 0.076409 -0.0229592 -0.0184935 0.0113128 -0.0814682 0.0137917 0.0100847 0.0738671 0.0359217 0.0750582 0.04249 -0.0831594 -0.0643124 0.0396767 -0.0540573 
-0.0380181 -0.0868629 0.0563113 -0.0600656 -0.021443 0.0494077 0.0523439 -0.0727026 0.0554348 0.0773142 0.0321608 -0.0217135 0.0360321 0.0339334 0.00556685 -0.0962098 -0.0464917 -0.00626573 0.0594796 0.0574646 0.0117548 -0.0346485 0.0765154 -0.0130656 -0.0688571 0.094717 0.0816088 0.024615 -0.0318436 0.0973164 0.0630398 0 -0.0623387 0.0638795 -0.0572284 -0.0553165 0.0427204 -0.0951278 0.0438168 -0.0991746 -0.0513015 -0.0359391 0.0667478 -0.0411389 -0.087192 0.0518998 0.0119837 0.00877745 0.0517889 0.0749343 0.0833096 0.0183618 0.0681381 0.0128058 -0.0960682 -0.0397749 -0.0304151 -0.0218923 -0.0299063 -0.0379731 0.0977153 -0.0619505 0.0124606 0.0424942 0.0594233 -0.0115483 0.00832223 -0.0430887 -0.00903297 -0.0338245 0.031551 0.01725 -0.0275741 -0.0134001 0.0324835 -0.0409001 
-0.0923032 0.0868879 0.00411866 0.0407237 -0.0872778 -0.0203001 -0.086424 0.0448454 -0.0121771 -0.0932723 -0.06794 -0.0895962 0.0701123 -0.0362856 -0.0745065 -0.0030222 0.0825419 0.0569277 0.0529432 -0.0607119 0.00663718 0.0210245 -0.0902394 0.0081119 0.0271862 0.0280553 -0.0532739 -0.0567084 -0.00820319 -0.0932437 0.0853129 0.0623387 0 0.00412816 0.0909936 -0.0866003 -0.00807071 0.00704896 -0.0282913 -0.0298793 0.0386432 -0.0577692 -0.00576371 0.0609271 -0.0111625 0.0758409 0.0256044 0.0623687 -0.00714824 -0.0230209 -0.00668806 -0.0979079 -0.0964964 -0.0608301 -0.0817237 0.0621244 0.00586558 -0.0365739 -0.00976598 0.0289188 -0.0770002 0.0488705 -0.0188448 0.0529664 -0.0377845 0.0995954 0.0729566 -0.0473058 0.0859978 -0.014515 0.0306412 -0.00649008 0.0117259 -0.0526559 -0.0134074 0.0294766 
0.00333679 0.091288 0.00317434 0.0735226 0.0124108 0.0705172 0.0347897 0.00419967 0.0556308 0.0909895 0.019374 -0.0491048 0.0456355 0.0461561 -0.082206 -0.0963076 0.0318062 -0.0738115 -0.0119473 -0.0474151 -0.0774093 -0.0844743 -0.0477476 -0.0236651 -0.0326872 -0.0605669 0.0140157 -0.053365 0.00233563 -0.0149033 -0.087502 -0.0638795 -0.00412816 0 -0.0402543 0.0795253 -0.0812033 0.0806588 0.0427817 0.0742895 0.0115912 0.0211245 0.0734551 0.0751727 -0.0846564 0.0535106 -0.0786807 -0.0390624 0.0841929 0.0178464 -0.0146591 0.0526124 0.00828442 -0.0429449 -0.0167437 -0.0923842 0.00976941 0.0366989 -0.0277129 0.0906061 -0.0290413 0.0918594 -0.0613682 -0.00624082 0.0470486 0.0140407 -0.0370425 0.010028 -0.0956246 -0.00070484 -0.0163736 0.0180142 0.0719844 -0.00759535 0.0307381 -0.02117 
-0.0676569 0.0863578 0.0391686 0.0520205 -0.0888992 0.0722111 0.00584969 0.0271863 -0.0280773 0.0111771 -0.0894081 -0.0654231 0.068368 -0.0490985 0.079363 -0.00280517 -0.0621154 0.0954406 0.0300188 -0.0753532 0.046093 0.0659664 -0.0552788 -0.00802418 0.0551333 0.0541286 -0.0750957 -0.0101336 0.00192397 -0.0825435 0.0782831 0.0572284 -0.0909936 0.0402543 0 -0.0603035 -0.0388124 -0.0488757 -0.0963612 0.0745606 0.0831018 0.0525295 0.0284991 -0.00562554 0.055796 0.0342619 -0.0822755 0.00612438 0.0867176 -0.0507967 0.0386601 -0.0413166 0.0213987 -0.0319258 -0.0449238 0.0410359 -0.0954756 0.0355299 -0.0449772 -0.029098 -0.0119615 0.0683253 -0.0576697 -0.0434965 0.0767053 -0.0718946 0.0369057 0.011857 0.0678921 -0.0641498 -0.0844906 0.062322 0.086053 0.0649156 -0.0953476 0.0845228 
-0.00973544 -0.0584305 -0.0231907 0.0782791 -0.0755855 -0.0599536 -0.0168951 -0.0391443 -0.0885507 -0.0597157 0.0161575 0.0690017 -0.046105 -0.0283597 0.074808 -0.0573226 -0.022945 0.0513996 -0.0477135 0.0656141 -0.0236289 -0.0964247 -0.0410401 0.0568824 0.0961072 0.0170536 -0.0865614 0.0475385 0.013528 -0.0709583 0.0834836 0.0553165 0.0866003 -0.0795253 0.0603035 0 -0.0531103 -0.0453917 -0.0270087 0.00250491 -0.0676886 -0.0371196 -0.0636379 0.0252412 0.0512008 0.00990261 0.000481571 0.0260299 -0.0731918 0.0836358 -0.0304194 0.0105996 -0.0337321 -0.00297074 0.0471175 0.024395 -0.0687816 0.00332288 0.0242324 0.0771104 0.035563 -0.0740219 0.0435125 -0.0993367 0.0739523 0.0783307 0.099775 0.0229892 0.0347422 -0.076168 -0.00706583 0.0700021 -0.0714752 0.0648741 0.0894066 -0.0161383 
0.00074917 -0.0344383 0.0936611 -0.063794 0.075614 -0.0834597 -0.0608922 0.0803445 0.0628126 0.0129225 0.051754 -0.000941585 -0.0574955 0.0746547 0.0670166 0.0349944 -0.0511318 -0.0578996 -0.0846601 0.0576466 0.0164802 0.0850642 0.0547727 0.0824755 0.0967565 -0.0632578 -0.0954262 0.0155447 0.0857398 0.0863169 -0.0611591 -0.0427204 0.00807071 0.0812033 0.0388124 0.0531103 0 -0.0191835 0.024993 -0.0240127 -0.0663511 0.0383979 0.0941141 0.0107073 -0.0163779 -0.0831285 -0.0922251 -0.0302338 -0.0460273 -0.0484851 -0.00380497 0.083084 -0.044694 -0.0412288 -0.0709255 0.0582195 -0.000200307 -0.016678 -0.02899 -0.0734523 0.0250244 -0.0549211 -0.00682062 -0.015438 0.0429985 0.0353641 -0.0737567 0.0526062 0.0703985 -0.023918 -0.0532184 -0.0907899 0.0258634 0.0110738 -0.0305177 0.0816277 
0.0465698 -0.0170581 0.0197731 0.0650351 -0.0288983 -0.0632579 0.070432 -0.0155512 -0.0834841 0.0624894 0.0113017 0.0368132 0.0566798 0.0442067 -0.0723653 0.0690991 0.0102579 0.0765435 -0.0953627 -0.058316 -0.0326179 0.0803815 0.0450702 -0.0199213 0.0582717 0.0371214 -0.0804805 0.0899249 0.0241937 0.0360328 -0.0369969 0.0951278 -0.00704896 -0.0806588 0.0488757 0.0453917 0.0191835 0 -0.0546515 -0.0445256 0.0900451 0.0662015 0.0371815 0.090577 0.031354 -0.0880842 0.0809576 -0.078982 -0.0314388 -0.00653648 0.0758536 -0.090505 -0.0649374 -0.0292012 0.0300101 -0.0345982 0.0090161 0.0188052 0.0645708 0.0717839 -0.0716205 0.0932271 0.0796787 0.0497456 0.0967841 0.0368481 -0.00652183 -0.0587294 0.035683 -0.00527399 -0.00313743 0.0159608 -0.0746555 0.0769784 -0.0711081 -0.0294508 
-0.0636648 0.044526 0.0996753 0.0536166 0.00239682 -0.0470117 -0.0798877 0.0934208 0.0656987 0.0201165 0.0783356 0.0854698 0.0579307 0.00421615 -0.0166856 0.0390653 -0.0178782 0.0710535 0.0679666 -0.00669095 0.0498589 0.0288062 0.0699342 0.0613407 0.00492305 -0.0276055 -0.0214289 0.0563676 0.0102829 -0.083723 -0.0890409 -0.0438168 0.0282913 -0.0427817 0.0963612 0.0270087 -0.024993 0.0546515 0 0.00362504 0.0565404 0.0354542 -0.0568219 0.0721712 -0.0358879 0.0555335 0.0243804 -0.0795746 -0.059541 -0.00489878 0.069018 0.0260195 0.00319881 0.0919753 -0.0404877 0.0918151 0.0990296 0.0864751 -0.0898086 -0.0810741 0.076742 0.0162503 0.0225053 0.0861584 -0.012188 -0.0949253 -0.0473484 -0.00345124 -0.046857 -0.0433062 -0.0596403 -0.0234126 -0.0378869 -0.0576703 0.0471066 0.0720553 
0.0864736 -0.0596256 0.0963176 0.092679 0.0566592 -0.0187125 -0.0950674 0.0932355 0.0767497 0.0733744 -0.0565024 0.0393464 -0.0139294 0.0768006 -0.0891242 0.0952682 0.0333043 -0.0756296 -0.0298835 -0.0959875 0.00602482 0.0956029 0.0349743 -0.0604351 -0.0480649 0.00572986 0.0743721 0.0281003 0.0854196 0.0111028 -0.0844951 0.0991746 0.0298793 -0.0742895 -0.0745606 -0.00250491 0.0240127 0.0445256 -0.00362504 0 -0.00465325 -0.0836677 -0.00977748 0.0530765 0.0881658 -0.0460724 -0.0550259 -0.0203527 0.0669766 0.0215277 0.046158 0.0886224 0.0580301 0.048954 0.0849181 0.0707548 0.0262532 0.0146056 0.0521804 -0.0273243 0.0848313 -0.00340332 -0.00640567 0.0362603 0.0728847 0.0519887 -0.0882183 0.0473723 -0.0298822 -0.0785688 0.0384163 -0.0877741 -0.0652577 -0.0573953 0.0896374 0.0144501 
-0.050875 -0.0547 -0.0956957 0.0211497 0.0561835 0.0536966 -0.0503986 0.0519881 0.0796959 0.0763476 -0.0832444 0.0635031 0.0712328 0.0489085 -0.014485 -0.0247251 -0.0756918 0.0272788 -0.0849821 0.0527046 0.00569491 -0.0246882 -0.0219824 0.0796165 0.0801152 0.0858262 -0.0452699 -0.0509643 -0.0834511 0.0227801 -0.0996136 0.0513015 -0.0386432 -0.0115912 -0.0831018 0.0676886 0.0663511 -0.0900451 -0.0565404 0.00465325 0 0.0355888 -0.0332681 0.00136872 0.0876194 -0.0423307 -0.00537863 -0.077848 -0.0911632 -0.0903493 -0.00123865 0.0405811 0.0245252 0.0236146 0.0295966 -0.0876366 0.0192022 0.0236843 0.0693815 0.0565706 -0.0757697 0.0320279 -0.0956117 -0.0375778 -0.0222975 0.0372812 -0.0150229 0.0166862 0.00945011 -0.0427419 -0.00108283 -0.0146329 -0.000150216 0.0548429 -0.094052 0.0961796 
-0.0878351 0.039899 -0.068393 -0.064698 -0.0726708 -0.0842513 -0.0756433 0.0850524 -0.0937958 -0.0523242 -0.0459613 -0.0260491 -0.0243693 0.0456955 -0.07984 0.0647681 0.0785584 0.0779881 0.0734866 -0.0979565 -0.0463866 -0.0733436 0.0646587 -0.0210208 0.076125 -0.0442439 0.0484155 0.0933057 0.00627765 0.0318913 0.00878069 0.0359391 0.0577692 -0.0211245 -0.0525295 0.0371196 -0.0383979 -0.0662015 -0.0354542 0.0836677 -0.0355888 0 -0.0521775 0.056947 0.0199095 0.0405155 -0.0273097 0.0310949 -0.0671446 0.0583492 -0.0487752 -0.007296 0.0029053 -0.0960461 -0.0461748 -0.0661729 0.0115954 0.0654943 -0.0082363 0.0787832 -0.0635899 0.0673668 -0.0766161 -0.0227123 -0.0272276 0.0994455 0.0841341 -0.0137419 0.00423366 0.0534172 -0.0904297 0.0968295 -0.0968655 -0.052604 0.0277039 0.0820165 
0.0764784 0.00793923 0.0437866 0.0209048 -0.0130089 0.0869218 -0.061195 0.0713082 -0.0385672 -0.0618875 0.0251045 0.0788727 -0.0447889 -0.0508152 0.0483866 -0.054422 0.0307667 0.0660205 0.0160029 -0.0989872 0.0389714 -0.0319255 -0.0788343 -0.0643838 -0.0181944 -0.0848294 -0.05202 -0.0498923 0.0625187 0.0257084 -0.00636437 -0.0667478 0.00576371 -0.0734551 -0.0284991 0.0636379 -0.0941141 -0.0371815 0.0568219 0.00977748 0.0332681 0.0521775 0 0.0726395 0.099241 0.0445814 -0.0179544 0.0538468 0.0874353 0.0653355 0.0494589 -0.0861212 -0.0492972 0.0539482 -0.0830252 0.0786382 -0.00141495 0.0278386 -0.0803246 -0.0736308 -0.0260758 0.0242845 -0.0731864 -0.052983 -0.0486517 0.0955112 -0.0772944 0.0644757 -0.00460291 -0.0793593 -0.0443402 -0.0124309 -0.00159969 0.0317521 0.0266402 -0.0219652 
0.0561101 0.0691037 -0.0368729 -0.0206 0.0966269 -0.0308279 0.0673008 0.0603767 -0.0868733 -0.0673975 -0.0598088 0.0591324 0.07725 -0.0552938 -0.0685573 -0.0919721 0.00158105 -0.037551 0.0973079 -0.0781818 -0.0615432 0.00699732 0.0439416 -0.0661999 -0.0866887 -0.0909264 -0.0715892 -0.00423386 -0.00282838 0.0819679 0.0359324 0.0411389 -0.0609271 -0.0751727 0.00562554 -0.0252412 -0.0107073 -0.090577 -0.0721712 -0.0530765 -0.00136872 -0.056947 -0.0726395 0 0.0087559 0.0431316 -0.0167392 -0.0402172 -0.0394155 -0.0813332 0.0409631 -0.039215 0.0808063 0.0947545 -0.0508355 -0.00108407 0.0273353 0.0330173 -0.00263528 0.0259346 -0.0855828 0.0882286 -0.00864238 -0.0955218 -0.0145572 -0.0368468 0.0374278 0.00393887 -0.0740738 -0.0844929 -0.0811455 0.0191896 0.0245083 0.0613735 -0.00410321 0.0876185 
0.00748184 0.0877004 0.0462395 0.0185709 -0.0130516 0.061118 -0.0366208 0.0238791 -0.029823 0.0965175 0.0582728 0.034322 -0.076861 -0.0484458 -0.0847178 0.0735534 -0.0469651 0.0076152 0.0458651 0.0864351 -0.0406299 -0.0642295 0.0343898 -0.0775308 0.0738105 0.0463702 -0.045312 -0.00732882 0.0444848 0.0234187 0.0494261 0.087192 0.0111625 0.0846564 -0.055796 -0.0512008 0.0163779 -0.031354 0.0358879 -0.0881658 -0.0876194 -0.0199095 -0.099241 -0.0087559 0 0.0371078 0.0499821 -0.0884578 -0.0273812 -0.0507301 0.0646434 0.0862736 0.0957474 0.0538229 0.0916276 0.097435 0.046404 0.0434628 -0.00329229 -0.015409 -0.083436 0.0897929 0.0223344 -0.0413358 0.0872587 0.0683569 -0.061548 -0.0219761 -0.05568 -0.0697286 0.069661 0.071297 0.0344501 0.0202127 0.0786386 0.0550222 
-0.0951022 0.0192623 -0.0988335 0.0506887 -0.0821399 0.0771216 -0.0779466 0.0118163 -0.0094932 -0.0614966 -0.0317021 0.0806784 0.00652915 0.0408983 0.0430614 -0.00551866 0.042728 0.0245436 0.0586012 0.0796655 0.0388896 0.0694408 0.0974043 -0.00741065 0.0505868 0.0970598 -0.0809115 0.0685933 -0.0651937 -0.0491298 -0.0383663 -0.0518998 -0.0758409 -0.0535106 -0.0342619 -0.00990261 0.0831285 0.0880842 -0.0555335 0.0460724 0.0423307 -0.0405155 -0.0445814 -0.0431316 -0.0371078 0 0.063302 0.0631402 -0.0404847 0.0544822 0.0382874 -0.00660698 0.0779218 -0.0844417 -0.0494437 -0.0458158 -0.0634457 0.0864734 -0.0269164 0.0332095 -0.0634176 -0.000224574 0.0911874 -0.0763235 -0.0865903 0.091316 -0.0463502 -0.0106792 -0.0715458 -0.0404995 0.0127972 -0.0949343 0.00912416 -0.0996359 -0.0753355 0.0969196 
-0.0440125 -0.0281796 0.0928372 0.0591631 0.056059 -0.0497035 -0.0949296 0.0149504 -0.0514414 -0.0975575 -0.014646 -0.0127477 -0.0503078 -0.0461604 -0.0022963 -0.0985184 -0.0992756 0.0806554 -0.0908555 0.0808179 0.0940183 -0.0607483 0.062796 0.0371553 -0.000714754 -0.0506885 -0.0870336 0.0400449 -0.0967897 0.0622762 -0.0889819 -0.0119837 -0.0256044 0.0786807 0.0822755 -0.000481571 0.0922251 -0.0809576 -0.0243804 0.0550259 0.00537863 0.0273097 0.0179544 0.0167392 -0.0499821 -0.063302 0 -0.0789353 -0.00740374 -0.072076 0.0299725 -0.0455963 -0.0458611 -0.0766428 0.0869315 -0.0688726 -0.0346898 0.0033254 0.0147585 0.0738379 -0.0710529 -0.0769081 0.0953903 0.0986482 0.0453879 0.0301186 0.0334441 -0.0417154 0.0521913 0.0958369 -0.0597349 -0.0965941 0.0990022 0.0583765 0.011831 0.032277 
-0.0592246 0.0958054 0.0746379 0.0621406 -0.0361396 -0.068081 -0.0875696 0.0816865 -0.0466588 0.0015755 0.0183159 -0.085674 -0.0861309 0.000428427 -0.0499389 0.00663417 -0.0641888 -0.0144269 0.0964917 0.0220432 0.050952 0.0504138 -0.076238 -0.0478218 0.0515957 -0.0963217 -0.0619075 -0.0398081 0.0690982 -0.0496674 0.0147182 -0.00877745 -0.0623687 0.0390624 -0.00612438 -0.0260299 0.0302338 0.078982 0.0795746 0.0203527 0.077848 -0.0310949 -0.0538468 0.0402172 0.0884578 -0.0631402 0.0789353 0 -0.0477908 -0.0278652 -0.0850358 0.0147884 -0.0868536 0.0500048 -0.0969345 -0.0107106 -0.0735429 -0.00795543 -0.00461993 -0.0614872 0.0330403 -0.0551886 0.0969373 0.0237708 0.0270976 0.0450094 -0.0601166 0.0951279 -0.0618392 0.0961291 0.0686839 -0.0637163 0.0709759 -0.0851126 -0.0729267 0.00354836 
0.0624891 -0.0942938 0.0239917 -0.0991429 0.0898555 -0.0528976 -0.0863881 0.0680147 0.0463192 0.0273855 0.0803217 0.0411953 -0.0578546 -0.0658957 0.0655827 0.0133435 -0.00449733 -0.0727922 -0.0288451 -0.0355892 0.0563976 0.0463597 -0.0307327 0.0628216 -0.00536308 0.00199193 -0.0901378 0.0284544 -0.00586326 0.0718069 -0.0526615 -0.0517889 0.00714824 -0.0841929 -0.0867176 0.0731918 0.0460273 0.0314388 0.059541 -0.0669766 0.0911632 0.0671446 -0.0874353 0.0394155 0.0273812 0.0404847 0.00740374 0.0477908 0 -0.0979765 0.0928701 0.0295988 0.0655253 0.0123426 -0.0998768 -0.0574903 -0.0654264 0.00788322 -0.0446727 -0.0870213 -0.0606257 0.0969357 -0.00121774 0.0369093 -0.00715186 -0.0226579 0.00722181 0.0334045 -0.0530835 -0.0772128 -0.00283289 -0.0268004 -0.00744318 -0.0199956 -0.0582088 0.0494301 
0.0315729 -0.0327422 0.0981321 0.0472725 -0.0271934 0.0613691 0.0227467 0.0833374 -0.0906172 0.0431276 -0.0554126 -0.00242684 -0.0696107 0.00250517 -0.0991756 -0.0245334 -0.0158598 -0.0364785 -0.0756891 0.0772936 -0.0101017 0.00685385 -0.0675078 -0.0435358 -0.0871913 0.0886318 -0.0168781 -0.0250826 0.0386528 -0.0148805 -0.0066411 -0.0749343 0.0230209 -0.0178464 0.0507967 -0.0836358 0.0484851 0.00653648 0.00489878 -0.0215277 0.0903493 -0.0583492 -0.0653355 0.0813332 0.0507301 -0.0544822 0.072076 0.0278652 0.0979765 0 -0.0787068 0.0935774 -0.0501042 0.0534049 0.0263839 -0.0658164 -0.00677274 -0.0255905 0.0230889 -0.073054 -0.0146054 -0.0409453 -0.0631548 0.0263356 -0.055256 -0.0739997 0.010608 -0.000845283 0.00948797 0.0282329 -0.025702 0.0903727 0.00481152 0.090547 0.0418483 0.051653 
-0.0841818 -0.0138675 0.0375101 0.0461418 -0.00520055 -0.0755238 -0.0228785 0.0606241 -0.0299562 -9.71111e-05 -0.016058 0.0505297 -0.0973837 0.0685748 -0.0325868 -0.0406357 0.0472052 0.0700183 0.00276115 0.0326167 -0.0991982 0.0860719 -0.0264913 -0.0526052 -0.0181404 0.0739343 0.0560412 0.0411978 0.0653234 0.0504327 0.0674045 -0.0833096 0.00668806 0.0146591 -0.0386601 0.0304194 0.00380497 -0.0758536 -0.069018 -0.046158 0.00123865 0.0487752 -0.0494589 -0.0409631 -0.0646434 -0.0382874 -0.0299725 0.0850358 -0.0928701 0.0787068 0 0.00922291 0.0884 -0.0857628 0.0337311 0.0522797 0.0439605 0.0894203 0.00470197 -0.0196146 0.0599096 -0.0428852 0.0785307 0.0630707 -0.0675164 0.0128866 0.00704233 0.0216717 0.0320245 -0.0855296 -0.0583725 0.0519923 0.00961789 -0.0859249 -0.0426902 -0.0968325 
-0.0218394 -0.0409737 -0.0267316 -0.0342512 -0.0436517 -0.0948567 -0.0762171 0.00402729 -0.0136649 0.0197023 -0.0627642 0.0385345 0.0118933 -0.086641 0.0751928 0.074554 -0.0289209 0.0895597 0.0118757 0.00279897 -0.0339937 -0.0308832 0.0942539 0.00391581 -0.0619442 -0.0919642 -0.0941942 -0.0773546 -0.0313746 -0.0250894 -0.0897655 -0.0183618 0.0979079 -0.0526124 0.0413166 -0.0105996 -0.083084 0.090505 -0.0260195 -0.0886224 -0.0405811 0.007296 0.0861212 0.039215 -0.0862736 0.00660698 0.0455963 -0.0147884 -0.0295988 -0.0935774 -0.00922291 0 0.08575 -0.0971337 0.0111242 0.0824049 -0.0205748 -0.0830114 0.00217903 -0.0618075 -0.0474961 0.00827416 0.0445869 0.0594118 -0.0587439 -0.0345357 0.0589368 -0.0933869 -0.0858257 0.0641696 -0.0267874 0.0278258 0.0464203 0.0454962 0.0881102 0.0685176 
0.0626735 0.0891665 0.0923064 0.0763457 0.0943862 0.0675528 -0.0919572 -0.0130448 0.0545466 0.0541169 -0.0901539 -0.0411131 0.02047 -0.014171 0.0234329 -0.00790375 -0.0839596 -0.0360252 -0.0477295 0.0174311 0.0157525 -0.0680513 -0.0806605 -0.0165598 0.0764929 0.0159623 0.0565495 -0.0178813 -0.0448901 -0.0525524 0.0106481 -0.0681381 0.0964964 -0.00828442 -0.0213987 0.0337321 0.044694 0.0649374 -0.00319881 -0.0580301 -0.0245252 -0.0029053 0.0492972 -0.0808063 -0.0957474 -0.0779218 0.0458611 0.0868536 -0.0655253 0.0501042 -0.0884 -0.08575 0 -0.0648815 0.00348352 -0.0601267 0.0508835 -0.0410684 -0.0330533 0.00432502 0.0323768 0.0533471 -0.0600978 -0.0370234 -0.0220316 0.0164371 0.0431448 0.0481735 -0.041024 0.0597727 -0.033354 0.0463201 -0.0539847 -0.05918 0.0181924 0.0741478 
-0.0750061 0.0409035 0.091508 0.0637981 0.0567872 -0.0829562 0.0982326 -0.0798609 0.0558517 0.0625156 0.0410722 -0.0984055 0.0845573 -0.0591936 0.0294522 0.022958 -0.0560471 -0.0141866 0.0205624 -0.0693299 -0.0791055 -0.0850691 0.041292 -0.0866327 0.0985842 -0.0637884 0.0644663 0.0442318 -0.0883729 -0.0791288 -0.0183461 -0.0128058 0.0608301 0.0429449 0.0319258 0.00297074 0.0412288 0.0292012 -0.0919753 -0.048954 -0.0236146 0.0960461 -0.0539482 -0.0947545 -0.0538229 0.0844417 0.0766428 -0.0500048 -0.0123426 -0.0534049 0.0857628 0.0971337 0.0648815 0 -0.0970857 -0.0947752 -0.0587171 -0.0826447 0.0465081 -0.0411092 -0.0410781 -0.0219676 0.0537498 0.0666213 0.0632375 -0.00835307 0.0574662 -0.0681277 0.0327282 0.00820388 0.0360709 -0.0583485 -0.0817541 0.082219 -0.00377156 0.0561478 
0.033288 0.0603536 -0.0183997 0.0135239 -0.0421408 -0.0247857 -0.000541992 0.0258956 0.0458252 0.014302 -0.0927629 0.0714693 0.0329983 0.0340361 -0.0744395 -0.0442843 0.0289096 -0.0337735 0.0981438 0.0311666 0.0369389 -0.0339654 -0.0887866 0.0633692 0.0221316 0.087801 0.0952857 -0.0832424 -0.0347261 0.044653 0.0450451 0.0960682 0.0817237 0.0167437 0.0449238 -0.0471175 0.0709255 -0.0300101 0.0404877 -0.0849181 -0.0295966 0.0461748 0.0830252 0.0508355 -0.0916276 0.0494437 -0.0869315 0.0969345 0.0998768 -0.0263839 -0.0337311 -0.0111242 -0.00348352 0.0970857 0 0.0597745 -0.0841547 -0.0998196 0.0297282 0.0203422 0.0400316 -0.0188026 -0.0277146 -0.0448359 0.0632579 0.0822411 0.087201 0.0929054 -0.0584457 -0.0437704 -0.0149281 0.0461015 -0.0734991 0.0681047 0.009416 -0.0640794 
-0.0557288 -0.0344322 0.0714357 0.0339821 -0.0637724 -0.0559896 -0.0574211 -0.0648888 0.0581376 0.0681757 0.0489729 0.0976452 0.0324664 -0.0937609 0.0620885 0.0533784 -0.0261389 -0.0899941 -0.00431708 0.00763317 0.0971339 -0.0545475 -0.0610486 -0.0537772 -0.0872847 0.0532254 0.0478785 0.0403799 0.0481048 0.00281832 -0.0617302 0.0397749 -0.0621244 0.0923842 -0.0410359 -0.024395 -0.0582195 0.0345982 -0.0918151 -0.0707548 0.0876366 0.0661729 -0.0786382 0.00108407 -0.097435 0.0458158 0.0688726 0.0107106 0.0574903 0.0658164 -0.0522797 -0.0824049 0.0601267 0.0947752 -0.0597745 0 0.0605352 -0.0627339 -0.061926 0.0274395 -0.0165898 -0.0147141 0.0555259 0.00874365 -0.0911764 -0.0712779 -0.0191539 0.0737654 -0.0348655 -0.0377563 -0.0100018 -0.0104283 -0.0881581 0.0809229 -0.0335965 0.00931981 
0.049601 -0.0951199 0.000273431 0.00411039 0.00438305 -0.0443753 -0.0229335 0.000902783 0.0741864 0.0908838 0.0031295 0.0843392 0.0686931 -0.0417949 0.0837297 -0.0766789 -0.072651 0.0103113 -0.00265801 -0.0944405 -0.0607755 -0.0434787 0.0871921 0.0566581 -0.000235375 0.0677279 0.0906135 -0.0631298 0.00303559 -0.0727578 -0.0366523 0.0304151 -0.00586558 -0.00976941 0.0954756 0.0687816 0.000200307 -0.0090161 -0.0990296 -0.0262532 -0.0192022 -0.0115954 0.00141495 -0.0273353 -0.046404 0.0634457 0.0346898 0.0735429 0.0654264 0.00677274 -0.0439605 0.0205748 -0.0508835 0.0587171 0.0841547 -0.0605352 0 0.0985512 -0.00486596 -0.0162292 0.0587872 0.0602123 -0.0158819 -0.0746073 -0.0576884 -0.0650735 -0.000938137 0.0329368 0.0151371 0.0445874 -0.075086 0.0918996 0.0110463 0.0125737 -0.0785692 0.0172519 
-0.0458512 0.0668752 0.0754285 0.033384 -0.00749416 -0.0505212 -0.060015 -0.00463708 -0.0674287 -0.00991403 0.0034514 0.0114609 0.0276436 0.027264 0.0764365 0.0909876 -0.0626081 -0.0456955 0.00704092 -0.0660848 0.0364109 -0.0822126 -0.0326325 0.0394301 0.080365 -0.0837854 0.00549521 0.0833409 -0.0335121 -0.0275644 -0.0542707 0.0218923 0.0365739 -0.0366989 -0.0355299 -0.00332288 0.016678 -0.0188052 -0.0864751 -0.0146056 -0.0236843 -0.0654943 -0.0278386 -0.0330173 -0.0434628 -0.0864734 -0.0033254 0.00795543 -0.00788322 0.0255905 -0.0894203 0.0830114 0.0410684 0.0826447 0.0998196 0.0627339 -0.0985512 0 0.0474392 0.0854974 -0.078819 0.0687382 0.0643654 0.0746845 -0.00713401 -0.0483794 -0.0338958 -0.0598572 -0.0389535 -0.0840117 -0.0278591 -0.0648613 -0.0719932 -0.0637159 0.0277275 -0.0568707 
-0.0853863 -0.0672675 0.0146887 0.0889253 -0.0401448 0.0104832 -0.0501578 -0.0637387 -0.0746842 0.0814577 -0.0314548 -0.00807636 -0.0544003 0.0944496 -0.0473048 -0.0158414 0.0420225 -0.0858367 0.0476229 -0.0262892 -0.0912424 -0.0843975 0.0589176 0.0417458 -0.0409683 -0.0381973 0.0608377 0.0027476 0.0588077 0.0682016 0.0918542 0.0299063 0.00976598 0.0277129 0.0449772 -0.0242324 0.02899 -0.0645708 0.0898086 -0.0521804 -0.0693815 0.0082363 0.0803246 0.00263528 0.00329229 0.0269164 -0.0147585 0.00461993 0.0446727 -0.0230889 -0.00470197 -0.00217903 0.0330533 -0.0465081 -0.0297282 0.061926 0.00486596 -0.0474392 0 -0.0999229 -0.00824167 -0.0155229 0.0446837 0.0534484 0.0627478 0.00773563 0.0238978 -0.0224349 -0.0948934 -0.00892421 0.0694807 -0.0268554 -0.00870453 0.025102 0.0784927 0.0511339 
-0.0550569 0.012186 -0.0285822 0.0491555 -0.0599078 -0.0670217 0.0503318 0.0947992 0.05804 0.0824499 0.045875 -0.031966 -0.0278654 0.00690502 -0.0355887 0.0167473 -0.0523741 -0.0607156 -0.0682863 -0.0333955 0.0975474 0.0296092 -0.0169894 -0.00620561 0.0582644 0.0287562 0.0960398 -0.00769565 0.00493594 -0.0958376 -0.095043 0.0379731 -0.0289188 -0.0906061 0.029098 -0.0771104 0.0734523 -0.0717839 0.0810741 0.0273243 -0.0565706 -0.0787832 0.0736308 -0.0259346 0.015409 -0.0332095 -0.0738379 0.0614872 0.0870213 0.073054 0.0196146 0.0618075 -0.00432502 0.0411092 -0.0203422 -0.0274395 0.0162292 -0.0854974 0.0999229 0 -0.0578145 0.0446048 -0.0340834 0.0503104 -0.0775778 0.0271509 -0.0937786 0.0864561 0.0980069 0.0300256 0.055453 0.0988157 0.0207725 -0.0785213 -0.0584018 0.015127 
-0.0760424 0.0731714 0.0989562 0.0429573 0.0895428 -0.0486257 -0.0587366 0.0969672 0.0570193 -0.066798 0.0483634 0.0672411 0.0965306 -0.0665673 0.0282321 -0.032317 -0.0538399 -0.0454728 0.0160033 0.0531644 -0.0496745 -0.00747915 0.0716456 0.0724306 -0.0121171 -0.07204 0.0748337 -0.0979471 0.0957019 -0.0442771 0.0348788 -0.0977153 0.0770002 0.0290413 0.0119615 -0.035563 -0.0250244 0.0716205 -0.076742 -0.0848313 0.0757697 0.0635899 0.0260758 0.0855828 0.083436 0.0634176 0.0710529 -0.0330403 0.0606257 0.0146054 -0.0599096 0.0474961 -0.0323768 0.0410781 -0.0400316 0.0165898 -0.0587872 0.078819 0.00824167 0.0578145 0 -0.0743143 -0.0658669 0.0719587 -0.0399677 -0.0519004 -0.0394345 -0.049405 0.0182607 0.0554712 0.00948982 0.0945191 -0.0101215 -0.0761219 -0.0304952 -0.0693297 
-0.0755231 0.0625548 -0.0461987 -0.0598063 0.059015 0.0307976 -0.0890322 0.0125314 -0.0750276 -0.0809814 -0.0307764 -0.0137749 -0.0195877 0.0716544 0.0216775 -0.00610269 0.067267 0.0858478 0.0713375 -0.065433 0.0604645 0.0885752 0.0691456 0.0399268 -0.0466318 -0.045478 0.00172652 -0.0419324 -0.0558444 -0.0613525 -0.076409 0.0619505 -0.0488705 -0.0918594 -0.0683253 0.0740219 0.0549211 -0.0932271 -0.0162503 0.00340332 -0.0320279 -0.0673668 -0.0242845 -0.0882286 -0.0897929 0.000224574 0.0769081 0.0551886 -0.0969357 0.0409453 0.0428852 -0.00827416 -0.0533471 0.0219676 0.0188026 0.0147141 -0.0602123 -0.0687382 0.0155229 -0.0446048 0.0743143 0 0.0393571 0.089699 -0.00945163 -0.0437822 -0.0395755 -0.0999422 0.0611363 -0.086738 0.0468472 0.00596178 -0.0729216 -0.019661 -0.0986055 0.0589698 
-0.0549361 0.0534961 -0.0573432 -0.00715941 -0.0376775 0.0258279 -0.0105496 0.0248013 0.0362861 0.0319311 -0.00675263 -0.0562277 -0.0941847 0.0200303 0.0259334 0.0888714 0.0277809 0.00192559 0.0555167 -0.0419 -0.0776482 0.00611085 -0.0538684 -0.0321296 0.0561383 0.0932723 -0.0871211 0.0800478 0.0483921 -0.0733268 0.0229592 -0.0124606 0.0188448 0.0613682 0.0576697 -0.0435125 0.00682062 -0.0796787 -0.0225053 0.00640567 0.0956117 0.0766161 0.0731864 0.00864238 -0.0223344 -0.0911874 -0.0953903 -0.0969373 0.00121774 0.0631548 -0.0785307 -0.0445869 0.0600978 -0.0537498 0.0277146 -0.0555259 0.0158819 -0.0643654 -0.0446837 0.0340834 0.0658669 -0.0393571 0 0.00823938 -0.0574241 0.0102434 0.0883456 0.0420427 0.0386799 -0.0741899 0.0261858 0.0181105 0.0669838 -0.0571935 -0.0441986 -0.0980213 
0.0412258 -0.0428915 -0.0716975 0.05659 0.0003425 0.0536078 -0.0616864 0.0993817 -0.0152373 -0.038929 0.03112 0.0677303 0.0456652 0.0132242 -0.0768836 0.0871672 0.03355 -0.0350529 -0.0732764 -0.0466276 0.00475019 -0.0578206 0.0500381 0.0230197 0.00920538 -0.0959882 -0.086538 -0.00248372 -0.0701331 0.0975267 0.0184935 -0.0424942 -0.0529664 0.00624082 0.0434965 0.0993367 0.015438 -0.0497456 -0.0861584 -0.0362603 0.0375778 0.0227123 0.052983 0.0955218 0.0413358 0.0763235 -0.0986482 -0.0237708 -0.0369093 -0.0263356 -0.0630707 -0.0594118 0.0370234 -0.0666213 0.0448359 -0.00874365 0.0746073 -0.0746845 -0.0534484 -0.0503104 -0.0719587 -0.089699 -0.00823938 0 -0.025939 -0.0378102 0.033666 -0.0527541 0.0627229 0.0566678 0.0478212 -0.012056 0.0200565 0.0848422 0.017217 0.0937007 
-0.0225798 0.0548012 -0.0861253 0.0797616 0.00986944 -0.0216862 -0.0329101 0.0539063 -0.00475159 -0.0895239 0.0694035 -0.0278391 0.0379659 -0.0425873 -0.0279655 -0.027462 -0.0727139 0.084929 -0.0795315 -0.049661 -0.0338996 0.00435144 -0.0988735 -0.00959971 0.0259498 -0.0631337 -0.0827368 0.0240597 0.0865424 0.0903479 -0.0113128 -0.0594233 0.0377845 -0.0470486 -0.0767053 -0.0739523 -0.0429985 -0.0967841 0.012188 -0.0728847 0.0222975 0.0272276 0.0486517 0.0145572 -0.0872587 0.0865903 -0.0453879 -0.0270976 0.00715186 0.055256 0.0675164 0.0587439 0.0220316 -0.0632375 -0.0632579 0.0911764 0.0576884 0.00713401 -0.0627478 0.0775778 0.0399677 0.00945163 0.0574241 0.025939 0 0.0238574 -0.0431523 -0.0410667 0.0432401 0.022622 0.065826 0.0542407 0.0704407 -0.020986 0.0466658 0.0604974 
-0.0325033 0.0668839 0.0231825 0.0254803 0.0366113 -0.0622624 -0.0481248 -0.0133696 -0.0345345 -0.0243879 0.0621605 -0.0619219 0.0327608 0.0452587 -0.0710221 0.053821 -0.0230742 -0.0710045 0.0837751 0.0724984 0.0527177 -0.0946676 0.00537588 -0.0688118 -0.0574908 -0.0987977 0.00958916 0.0333233 -0.00577853 -0.00114464 0.0814682 0.0115483 -0.0995954 -0.0140407 0.0718946 -0.0783307 -0.0353641 -0.0368481 0.0949253 -0.0519887 -0.0372812 -0.0994455 -0.0955112 0.0368468 -0.0683569 -0.091316 -0.0301186 -0.0450094 0.0226579 0.0739997 -0.0128866 0.0345357 -0.0164371 0.00835307 -0.0822411 0.0712779 0.0650735 0.0483794 -0.00773563 -0.0271509 0.0519004 0.0437822 -0.0102434 0.0378102 -0.0238574 0 0.0191572 -0.0714174 -0.0335231 -0.00654416 0.0127428 0.0682415 0.0661739 0.0444012 0.0606395 -0.0732573 
-0.00616551 -0.081556 0.0484878 0.0156926 0.062816 -0.0715332 0.0559181 -0.0493853 0.00561916 -0.0566701 -0.0564727 0.0870106 0.0669099 0.0513575 -0.00848521 -0.0171445 0.0448123 0.0700938 -0.0880026 -0.050782 -0.0129771 0.0231425 -0.0680069 -0.0458347 -0.00463733 0.0668014 0.0574582 -0.0341018 -0.0803979 0.0733927 -0.0137917 -0.00832223 -0.0729566 0.0370425 -0.0369057 -0.099775 0.0737567 0.00652183 0.0473484 0.0882183 0.0150229 -0.0841341 0.0772944 -0.0374278 0.061548 0.0463502 -0.0334441 0.0601166 -0.00722181 -0.010608 -0.00704233 -0.0589368 -0.0431448 -0.0574662 -0.087201 0.0191539 0.000938137 0.0338958 -0.0238978 0.0937786 0.0394345 0.0395755 -0.0883456 -0.033666 0.0431523 -0.0191572 0 0.0171928 0.0723058 0.0740509 0.0158456 -0.0279276 0.0706531 -0.0456025 0.0781346 -0.0934261 
0.0732104 -0.0664122 -0.00254456 0.0245228 -0.0225262 -0.0805252 -0.00243323 -0.0182234 -0.0983262 -0.0779166 0.00954126 0.041643 -0.0576478 -0.00828464 0.0408459 -0.0540741 0.00956137 0.0698487 -0.0427978 -0.0506815 0.0979039 -0.0871658 -0.0353998 0.0813508 -0.0802152 -0.0429815 0.0242751 -0.0671742 -0.0119902 -0.0775715 -0.0100847 0.0430887 0.0473058 -0.010028 -0.011857 -0.0229892 -0.0526062 0.0587294 0.00345124 -0.0473723 -0.0166862 0.0137419 -0.0644757 -0.00393887 0.0219761 0.0106792 0.0417154 -0.0951279 -0.0334045 0.000845283 -0.0216717 0.0933869 -0.0481735 0.0681277 -0.0929054 -0.0737654 -0.0329368 0.0598572 0.0224349 -0.0864561 0.049405 0.0999422 -0.0420427 0.0527541 0.0410667 0.0714174 -0.0171928 0 -0.00557887 0.0239609 -0.0286272 -0.0693865 0.0559388 -0.0194608 -0.0383824 -0.0108396 
0.046993 -0.0782708 -0.0047284 -0.0194488 0.0422627 0.00883699 -0.0349694 0.0812454 -0.097844 0.00706833 -0.0331985 -0.0854037 -0.0722244 0.0240106 0.0677892 0.075341 0.0992931 -0.0100424 -0.0856426 0.0932173 -0.0542693 -0.0367235 0.0445474 -0.0467963 -0.017415 0.00224091 0.0376303 0.00034308 -0.0238772 -0.0335026 -0.0738671 0.00903297 -0.0859978 0.0956246 -0.0678921 -0.0347422 -0.0703985 -0.035683 0.046857 0.0298822 -0.00945011 -0.00423366 0.00460291 0.0740738 0.05568 0.0715458 -0.0521913 0.0618392 0.0530835 -0.00948797 -0.0320245 0.0858257 0.041024 -0.0327282 0.0584457 0.0348655 -0.0151371 0.0389535 0.0948934 -0.0980069 -0.0182607 -0.0611363 -0.0386799 -0.0627229 -0.0432401 0.0335231 -0.0723058 0.00557887 0 -0.0189267 0.0656574 -0.054843 0.0348965 -0.0343139 -0.0866818 -0.0253181 
0.080279 -0.065041 0.046654 0.0589187 -0.00592722 -0.059702 -0.0100797 -0.0992484 0.0686017 -0.0931424 -0.0655749 -0.0879881 0.034702 0.063392 -0.0846476 -0.0793275 0.0215554 0.0726193 0.0617007 -0.0904215 -0.0615333 -0.0329827 -0.0463153 -0.067344 0.0773287 -0.0618655 0.0484413 0.00307679 0.0483757 0.0188048 -0.0359217 0.0338245 0.014515 0.00070484 0.0641498 0.076168 0.023918 0.00527399 0.0433062 0.0785688 0.0427419 -0.0534172 0.0793593 0.0844929 0.0697286 0.0404995 -0.0958369 -0.0961291 0.0772128 -0.0282329 0.0855296 -0.0641696 -0.0597727 -0.00820388 0.0437704 0.0377563 -0.0445874 0.0840117 0.00892421 -0.0300256 -0.0554712 0.086738 0.0741899 -0.0566678 -0.022622 0.00654416 -0.0740509 -0.0239609 0.0189267 0 0.0316257 0.0345376 -0.0480093 0.0924904 -0.0590579 0.0183901 
0.0356795 0.00842023 0.0615156 -0.032694 -0.0952894 -0.0334616 -0.0465585 0.0406227 0.0466893 -0.0659454 -0.0281976 0.0583896 0.0621483 -0.0544677 0.0821882 0.0831389 -0.0780951 -0.0171584 -0.0831515 -0.0449081 -0.0545997 0.042487 0.0224716 0.0490105 -0.0345104 0.0783599 -0.0402582 0.0163271 0.00283174 -0.0320569 -0.0750582 -0.031551 -0.0306412 0.0163736 0.0844906 0.00706583 0.0532184 0.00313743 0.0596403 -0.0384163 0.00108283 0.0904297 0.0443402 0.0811455 -0.069661 -0.0127972 0.0597349 -0.0686839 0.00283289 0.025702 0.0583725 0.0267874 0.033354 -0.0360709 0.0149281 0.0100018 0.075086 0.0278591 -0.0694807 -0.055453 -0.00948982 -0.0468472 -0.0261858 -0.0478212 -0.065826 -0.0127428 -0.0158456 0.0286272 -0.0656574 -0.0316257 0 -0.0616812 -0.0320715 0.0776751 -0.0948323 -0.00932998 
-0.0314289 0.000560214 0.0951188 0.0488263 0.0991262 0.0548997 0.0304993 -0.0456039 -0.0347076 -0.0554806 -0.0261528 -0.0904168 -0.0984527 -0.0383669 -0.0815475 -0.0459079 -0.017113 -0.0150384 0.0898192 -0.00695463 0.0825665 -0.0937459 0.0140768 -0.0287713 -0.0132057 -0.0287973 -0.0884901 -0.0490337 -0.0584375 0.0860624 -0.04249 -0.01725 0.00649008 -0.0180142 -0.062322 -0.0700021 0.0907899 -0.0159608 0.0234126 0.0877741 0.0146329 -0.0968295 0.0124309 -0.0191896 -0.071297 0.0949343 0.0965941 0.0637163 0.0268004 -0.0903727 -0.0519923 -0.0278258 -0.0463201 0.0583485 -0.0461015 0.0104283 -0.0918996 0.0648613 0.0268554 -0.0988157 -0.0945191 -0.00596178 -0.0181105 0.012056 -0.0542407 -0.0682415 0.0279276 0.0693865 0.054843 -0.0345376 0.0616812 0 -0.0316982 -0.0212443 -0.0630612 -0.0827171 
0.0233025 0.00326666 -0.0785891 0.0255063 0.0698969 0.0682609 0.0552014 -0.0505306 0.089983 -0.0949321 0.0836556 -0.0986349 0.0933918 0.0784756 -0.0539289 0.0511848 0.0260165 -0.00125559 0.089178 0.0613546 0.0216058 -0.0690632 -0.0818583 -0.00795128 -0.0179059 -0.0551044 -0.061318 0.0253466 0.0252438 0.0999889 0.0831594 0.0275741 -0.0117259 -0.0719844 -0.086053 0.0714752 -0.0258634 0.0746555 0.0378869 0.0652577 0.000150216 0.0968655 0.00159969 -0.0245083 -0.0344501 -0.00912416 -0.0990022 -0.0709759 0.00744318 -0.00481152 -0.00961789 -0.0464203 0.0539847 0.0817541 0.0734991 0.0881581 -0.0110463 0.0719932 0.00870453 -0.0207725 0.0101215 0.0729216 -0.0669838 -0.0200565 -0.0704407 -0.0661739 -0.0706531 -0.0559388 -0.0348965 0.0480093 0.0320715 0.0316982 0 0.0985738 -0.00613001 -0.017774 
-0.0468161 0.0735389 0.0883264 0.0489804 -0.0920587 -0.0253211 -0.0408054 -0.000136001 0.0387806 0.0583653 -0.0607772 0.0728831 0.0866293 -0.0222248 0.0146602 0.0677544 -0.0500578 -0.0790825 0.0195881 -0.0919825 0.0160721 0.0864375 0.0271612 -0.073704 0.0365887 -0.0467773 -0.0430112 0.0705533 -0.0984288 0.00522659 0.0643124 0.0134001 0.0526559 0.00759535 -0.0649156 -0.0648741 -0.0110738 -0.0769784 0.0576703 0.0573953 -0.0548429 0.052604 -0.0317521 -0.0613735 -0.0202127 0.0996359 -0.0583765 0.0851126 0.0199956 -0.090547 0.0859249 -0.0454962 0.05918 -0.082219 -0.0681047 -0.0809229 -0.0125737 0.0637159 -0.025102 0.0785213 0.0761219 0.019661 0.0571935 -0.0848422 0.020986 -0.0444012 0.0456025 0.0194608 0.0343139 -0.0924904 -0.0776751 0.0212443 -0.0985738 0 0.0235004 0.0878152 
-0.0095262 0.0623827 -0.0418362 -0.0364738 -0.0331329 -0.0821644 -0.0735903 -0.0574303 0.0292369 0.0792884 -0.0851726 0.0513513 0.0525806 0.0513037 -0.015509 -0.0253023 0.0630171 0.0633553 -0.0472373 -0.0625265 0.0937193 -0.090059 0.0926883 -0.0986273 -0.0735899 0.0856626 -0.0992185 -0.0100378 0.0482136 0.0759841 -0.0396767 -0.0324835 0.0134074 -0.0307381 0.0953476 -0.0894066 0.0305177 0.0711081 -0.0471066 -0.0896374 0.094052 -0.0277039 -0.0266402 0.00410321 -0.0786386 0.0753355 -0.011831 0.0729267 0.0582088 -0.0418483 0.0426902 -0.0881102 -0.0181924 0.00377156 -0.009416 0.0335965 0.0785692 -0.0277275 -0.0784927 0.0584018 0.0304952 0.0986055 0.0441986 -0.017217 -0.0466658 -0.0606395 -0.0781346 0.0383824 0.0866818 0.0590579 0.0948323 0.0630612 0.00613001 -0.0235004 0 -0.0509132 
0.0662243 0.0496581 0.00323021 -0.0194273 -0.0419389 0.0420967 0.097076 0.0416639 -0.0353715 -0.0413765 0.0521327 0.0765513 0.00204293 0.0558212 -0.0477038 -0.0816246 -0.0908955 -0.00572741 -0.0568619 -0.0857552 -0.0331405 0.0835364 0.0381435 0.0835177 0.0685129 -0.0657236 0.0720018 -0.0344136 -0.0665367 -0.0338152 0.0540573 0.0409001 -0.0294766 0.02117 -0.0845228 0.0161383 -0.0816277 0.0294508 -0.0720553 -0.0144501 -0.0961796 -0.0820165 0.0219652 -0.0876185 -0.0550222 -0.0969196 -0.032277 -0.00354836 -0.0494301 -0.051653 0.0968325 -0.0685176 -0.0741478 -0.0561478 0.0640794 -0.00931981 -0.0172519 0.0568707 -0.0511339 -0.015127 0.0693297 -0.0589698 0.0980213 -0.0937007 -0.0604974 0.0732573 0.0934261 0.0108396 0.0253181 -0.0183901 0.00932998 0.0827171 0.017774 -0.0878152 0.0509132 0 
