75

16000 4500

30 55 80

9

0 43890 26260 88480 62850 81510 67700 87590 19110 71490 45390 25180 63890 94120 14780 75730 75100 54230 81410 69250 59720 26220 90921 52100 71310 25620 41980 71270 42970 73570 36100 78420 13970 56620 84810 91800 61410 28230 78560 60150 77641 67020 65110 90430 72290 38331 88511 92210 30240 93680 64320 91510 70580 31630 95780 18850 55900 56970 38000 58330 40660 76060 66690 45220 7790 49460 28320 32890 58200 28060 47910 99430 77020 27410 97841 76490 
43680 0 24210 54970 69050 102960 85810 85930 61580 36070 7930 21650 72251 125540 56790 103820 39680 93560 123510 93040 37600 29080 123750 76760 70550 53380 36970 87500 85440 98230 29790 120890 38060 60290 116830 107191 100740 46980 102870 84810 110300 105340 106530 62820 74300 76670 108440 99360 22170 132000 98700 112522 50320 56010 121840 30950 18290 52820 8140 82120 78950 36810 42300 40200 50840 90270 43790 31570 62370 21250 47310 58860 105890 25910 60380 86690 
26200 23550 0 63240 73130 99930 65570 75591 44810 55510 24570 5200 54760 118020 39250 83330 59120 79930 107110 72800 36170 28930 103300 69820 57600 42900 22670 68880 68670 77990 15050 103820 27580 44621 108710 88630 87110 43200 82110 64570 89630 92720 90810 79930 60291 57980 106600 83571 5000 119380 88220 93140 62980 35770 115880 11630 31090 40060 17180 61880 59670 50820 56190 25900 33330 75160 23550 12770 46211 22950 32300 74950 85300 5670 78690 90770 
88330 55570 63140 0 120260 157640 101720 70850 106741 62770 48640 65310 85020 180651 100640 135180 64160 141480 168484 116710 35830 83240 156150 128920 65220 102000 58120 101100 130601 128150 60430 158090 86680 70350 168700 111480 148660 101140 128691 115850 141660 153470 152741 87750 68790 111660 164690 92090 59840 181311 147320 127381 95740 87390 178420 73720 37500 61200 56420 109190 113200 21730 87090 61330 94790 137091 76270 64800 72430 75410 61410 32780 137250 63580 53610 136940 
63510 68820 73390 120180 0 45280 127290 145890 65030 66970 75970 69880 123770 76080 69740 132740 65130 71550 111840 128840 104700 44770 148861 38410 129500 41600 94940 130870 77510 132300 87320 116440 50530 114920 68060 151630 76730 36000 138670 118810 130751 74950 93780 53330 130590 90550 48160 153370 77370 95471 61810 151620 31430 91220 70000 73040 86300 111230 72310 117920 94291 99460 41650 98170 65610 78240 88120 84670 116500 51200 104200 103500 134030 77840 91780 18830 
81710 102330 100420 157210 44950 0 137112 164152 68612 111130 109480 96910 136572 34150 76122 138012 109290 54071 88690 138672 134450 74480 137541 31390 147652 59210 120150 140802 64761 139012 114250 96170 72530 132962 28850 161992 54440 58990 148152 124862 125491 49130 74590 97490 148652 92002 8100 164802 104400 61740 35930 161982 75590 101582 28430 96210 119840 133312 102060 125992 97252 137920 85810 123990 77980 64421 102772 111080 134052 81410 124252 147660 139021 104870 135940 31470 
67310 85500 65460 100330 127860 137130 0 50630 68760 122161 85100 69670 19760 146810 62050 45190 125771 100470 103024 16200 66620 85130 74061 110480 40780 88400 51271 6660 85890 36670 58500 92911 78910 34030 137500 27420 106990 94840 29270 26300 60781 112190 97900 148903 40170 54860 143341 35260 65080 131750 117010 28970 127630 36350 148470 64720 84750 44750 78350 19150 52360 94350 120120 57400 63740 92550 44930 54700 30250 85980 44410 124630 49790 59700 135530 138730 
86540 85960 74781 70640 145260 163500 50650 0 96890 113110 81790 78991 33530 174260 88420 92310 116400 130800 142774 65010 52860 101060 121181 133730 19690 109700 54091 46980 116040 83790 63571 132590 94930 33320 164950 47590 137140 111160 72240 73420 107901 142340 130370 139930 17390 87330 169953 24380 72841 164720 143880 64780 134290 64880 175920 77180 74950 38480 80360 67110 88870 77370 126040 60251 86640 122700 61020 62241 30960 96741 44780 102170 96910 69021 121260 159680 
18760 61300 44720 106940 65080 68610 68740 96710 0 88770 63800 43640 69330 78120 8700 67740 92380 35720 62900 68540 77170 38510 79171 42520 81210 25620 55570 72430 24460 68880 53110 59800 25900 66920 68810 92460 42900 33720 77850 55510 65891 48510 46600 102810 81410 25670 74821 97560 48670 75170 48320 91840 81000 33990 79780 36390 74310 68130 56410 57620 29661 94520 79070 59560 13560 30950 37590 47230 66810 44780 59070 117801 69030 44860 115591 73720 
71820 36520 56380 62790 66900 110990 122151 113210 89090 0 37600 52950 105231 141600 84930 137181 4240 114440 154720 126401 63860 53390 157111 92820 101380 75920 69950 123371 112200 131591 63870 151730 64500 92800 132890 142681 121620 65950 136231 118171 143661 125060 132940 27380 105130 106840 113870 132980 56250 149171 115550 148012 35540 88570 135710 61200 39680 83650 42260 115481 111530 42460 29750 73180 78350 114300 77730 65650 94880 45560 80290 43460 139251 59990 31990 82340 
45310 8480 25190 48730 76120 110030 85320 81180 63840 37650 0 22930 69671 132610 58420 104080 41260 98460 126140 93300 30960 36150 124010 83830 66240 58710 34390 85301 87700 98490 28880 122990 43390 57660 123900 104611 105640 54050 103130 85070 110560 110450 109840 64400 69990 78300 115510 96270 22430 137110 104030 109942 55950 56270 128910 32500 11340 48510 9380 82380 80170 32580 47270 37620 52500 94190 44050 31670 59740 28320 44730 54630 106150 26170 58220 93760 
25110 21590 5340 65580 69840 96670 69670 79811 43720 52530 22880 0 58980 114760 38220 84660 56140 78840 106020 74130 40390 25640 104800 66560 61820 39640 26890 73030 67580 79320 19270 102790 24320 48841 105450 92790 86020 39940 83440 65900 90960 91110 89720 76690 64511 57750 103340 87791 9320 117770 84960 96390 59740 37100 112620 10750 33340 44280 15490 63210 59910 53160 52950 30120 32300 74070 26260 16990 50431 19710 36520 76920 86630 9890 78771 87480 
63470 71771 55110 83510 124140 136520 19770 33560 69460 104781 69151 59320 0 146750 60990 60760 108391 102740 110064 34890 49800 79940 89631 109420 22060 87340 35031 19150 87980 52240 44511 100250 73810 17210 137440 37080 109080 90040 47220 41870 76351 114280 102310 132213 21450 59270 142523 30690 53781 136160 116950 45810 118370 36820 148410 56060 67930 27930 64731 34720 58790 77530 110860 41191 61790 94640 39310 43181 13430 76860 28170 106440 65360 49350 117340 137670 
94160 124930 118420 181561 75560 33930 146870 174400 78140 141390 132080 114910 146660 0 86030 133740 139900 48020 62990 147220 151961 97080 120730 51340 157900 78260 130570 150560 63330 140260 128151 76030 90530 143210 10400 171540 41790 80030 156571 130280 116300 35550 56390 128100 158900 94750 29650 175050 121961 29780 30210 171120 106200 111670 12860 111440 142440 143560 124660 135750 100030 162550 116420 134650 88960 57750 113020 122320 144140 104010 134500 178590 132780 119071 168361 62080 
14300 56850 39220 100730 69830 76200 61720 88020 8720 84450 58350 38140 60640 86010 0 65290 88060 43840 71020 63270 69530 38190 77021 50110 72520 30370 46880 65300 32580 64600 45120 66170 25580 58220 76700 86060 51020 38470 72580 51230 63741 56630 54720 102490 72720 24431 82411 88870 42460 83290 56210 85530 82190 25650 87670 30250 68580 59440 50960 52350 27511 88310 78750 51430 7820 39070 28900 39100 58120 40980 50380 112390 66580 38290 110801 80230 
74840 103740 83030 134810 133410 138340 45190 92950 67620 136520 103980 84000 61200 133980 65230 0 140561 89730 78690 36750 100660 96830 34920 110370 82560 92300 77420 49960 74210 18780 81130 65120 87450 74220 128580 64310 93620 100870 45330 21580 24830 98820 79240 160720 81950 45811 144140 78560 82650 113090 107790 60700 140630 47150 139550 77910 107861 82890 96590 29460 40471 125550 134410 82860 69540 81250 61860 75660 70682 98780 76420 152361 7140 77270 156561 143810 
76520 41220 61080 63850 64670 108760 126851 115940 93790 5270 42300 57650 109931 139560 89630 141881 0 116090 156690 131101 66590 58090 161811 94470 104650 77570 74650 128071 115220 136291 68570 156430 69200 96360 131540 147381 123270 67600 140931 122871 148361 126710 136000 24670 108220 112351 111640 136100 60950 150821 117200 152712 33310 93300 133480 65900 44380 87210 46960 120181 116401 44880 27520 77880 83050 115950 82430 70350 98440 50260 84990 39670 143951 64690 27950 80110 
53990 93420 79950 142150 71300 54792 100890 130670 35820 114660 98710 78870 102720 47870 43930 89620 116040 0 40200 100660 112400 66640 82200 36260 115170 45250 90800 104580 16970 96140 88340 44800 55650 101550 40440 124580 7180 48870 109970 85400 72180 13150 23220 118170 115370 49650 54970 130440 83900 39890 19650 123960 94200 66510 51410 71620 109220 103210 90480 89740 54790 129400 95670 94790 48790 11360 72670 82460 100770 73280 94150 147510 88660 80090 142690 67460 
81200 122920 107160 168682 111730 88670 103192 142912 63030 147940 126240 106080 110482 63050 70640 78380 149320 40290 0 95113 134122 96140 59760 75470 127412 78180 110882 106882 40220 86100 112190 13770 85150 114512 66040 122673 39140 81800 103693 78440 54720 39630 18620 153690 127612 56680 88740 135062 111060 39450 53420 119063 129720 80522 74270 98830 136750 119682 118850 87823 58982 156970 129220 116322 76000 35110 93880 105990 113012 102780 110522 182151 73440 105680 177150 108520 
69210 93190 73150 115440 129760 139050 16000 65030 68800 125970 93430 74120 34870 147390 63440 36810 130011 100510 95451 0 81730 88040 65681 111080 55370 90280 61550 19410 85930 28290 67620 84531 81820 49140 137540 28250 107030 96740 16430 17920 52401 112230 94302 152040 54760 53140 145261 44840 72770 128152 117050 25840 131360 38250 149650 68030 95771 59860 86040 11770 48870 109460 123860 66880 65640 92590 50010 63050 45360 89820 56440 138550 41410 67390 144471 140630 
59970 38650 36330 34950 104790 134630 67130 52990 77560 63760 31470 40610 50430 151561 69560 101650 67170 112511 134164 82250 0 61360 122620 104520 41700 77600 25170 66510 99450 93960 27210 123980 62280 35760 140901 85820 119691 77900 93901 82890 108130 124501 121550 90510 45270 78710 140720 71610 31970 151750 120411 92591 86370 54440 150580 44630 24420 26610 34010 75150 80250 31290 77690 28380 65450 106110 43320 31800 37840 53530 27370 59160 103720 32440 72550 122430 
27220 29120 29390 83260 44530 74850 85310 101890 38480 53070 36270 25880 79770 97430 38080 97640 56680 66440 96390 87810 61240 0 116760 48650 85500 26230 50940 88670 60440 92250 43320 97680 13270 70920 88720 109280 73620 18870 97670 78830 101531 77980 79410 65020 86590 62221 80330 109090 33370 104621 71000 110620 44720 50310 93730 29040 46630 67230 28850 76890 65301 64710 41280 54170 31440 63150 44120 40680 72500 8200 60200 82430 99240 33840 80220 62170 
90140 123100 102390 154170 144730 137942 73861 121621 79230 155880 123340 103360 89871 120680 77260 34950 159921 81920 59740 65421 120020 115160 0 119300 110600 103910 96770 78631 73960 51170 100490 46650 102550 97700 123670 92981 85810 112010 74001 49070 14130 91010 69740 190273 110621 55990 138400 107231 102010 95660 101010 89371 159320 66500 131900 97270 127221 105050 115950 58131 51120 144910 153770 102210 84730 76230 81210 95010 96200 117950 95890 171721 27820 96630 185831 152460 
52260 76670 70190 129560 38120 31150 110210 134760 42700 93130 83820 66680 108990 51550 50210 110340 94510 36200 75410 111000 104690 48820 119670 0 118480 28980 90700 113790 44110 111340 84020 80010 42300 103790 42840 134550 41400 30750 120480 97970 107230 40400 58430 90660 119460 67940 38680 137310 74180 62731 29110 134500 65590 74140 47850 65980 94180 104140 76400 100080 72121 112260 69460 94220 48530 43770 73730 80850 105370 55750 95080 129980 111630 74640 121160 34280 
70990 70430 57510 65190 129180 146680 40650 19580 81340 101100 66490 61720 21940 156990 72870 82050 104710 115250 127224 55170 41650 84980 110921 118180 0 94150 36220 37360 100490 73530 45700 117040 79380 16360 147680 46220 121590 95610 67500 63160 97641 126790 114820 128720 3780 71780 152683 30120 54970 148670 127190 62500 118760 49330 158650 61630 61750 20990 64830 56010 73320 68540 110510 42380 71090 107150 45470 44970 15410 79470 26500 93330 86650 51750 110640 143620 
26330 53090 43210 102580 41190 58920 87970 110220 25710 75620 58570 39700 86750 78570 30420 93050 77000 45230 78330 89520 77710 26240 107390 28810 93940 0 64000 91550 44360 92860 57040 82930 15320 79250 69480 112310 52410 9830 98830 79490 91201 55850 61350 80640 94920 51230 66040 115070 47190 82510 48990 111780 57400 51900 74870 39000 69080 79120 50150 78600 54971 89070 56900 67240 26290 45090 51490 53870 80830 32950 70540 107180 94480 47660 103650 52970 
41450 37090 22630 57960 94770 119520 51781 54630 54960 70100 34470 26840 35531 129830 46650 77220 73710 90080 109734 61220 24310 50570 96980 90530 35890 63760 0 51161 75380 71440 9830 99550 48990 23570 120520 70471 96480 64840 72770 58460 83700 101680 97120 96850 39330 54280 125523 62640 19100 127680 100030 75802 83490 30010 131490 29190 35930 18360 30050 52760 55820 48700 76700 6510 43440 82040 18890 11120 25650 44590 10590 77600 79290 17510 85300 112410 
70760 87343 68730 99670 131600 140870 6600 46980 72500 122403 84723 72940 19100 150550 65790 50030 126013 104210 106764 19370 65960 88480 78901 114220 37510 92140 50603 0 89630 41510 59900 96950 82260 33370 141240 21620 110730 98290 31700 31140 65621 115930 101640 149835 36900 58600 147081 29460 68350 135490 120750 30290 130980 40090 152210 68070 84090 44090 80303 23990 56100 93690 123470 56763 67480 96290 48280 57470 29590 89330 43742 123970 54630 62970 134870 142470 
42940 85480 68900 131120 77430 65362 85760 115540 24770 111910 87980 67820 87590 62890 31870 74270 115120 16970 40690 85530 98950 60400 74440 44130 100040 44330 75710 89450 0 80790 74670 41290 49310 86420 54750 109450 22530 47950 94840 68990 63460 27730 23710 118790 100240 33210 69280 115310 72850 53730 33960 108830 94820 51380 65720 60570 98490 88080 80590 74610 38350 118700 95020 80800 37740 8090 57540 68470 85640 67040 79020 141981 74600 68160 139771 75330 
71870 97070 77030 127620 132120 138650 36110 83870 68230 129850 97310 78000 52120 140470 63940 18870 133891 96220 86060 27670 93550 90820 51250 110510 73480 92460 71240 40880 80700 0 75040 75140 84590 65130 135070 55230 100110 99400 36250 13410 38980 105310 85730 154710 72870 49270 144861 69480 76650 119580 114280 51620 134620 41150 146040 71910 101201 73810 89920 20380 44010 118360 127740 76180 68100 87740 55860 69660 61602 92770 67340 145701 23470 71270 149901 142990 
36460 29680 15010 60340 87150 113950 58690 64220 53130 63270 28250 19220 45121 128081 45130 80910 66880 88250 112860 67580 27110 42950 101830 83840 45480 56920 9840 59920 74960 75570 0 103240 41600 33160 118771 79670 95430 57220 77260 62150 87390 101040 97210 90012 48920 57970 120620 72230 11580 127260 98281 85392 75970 33700 129741 22480 30630 27750 22530 57030 59510 47920 69180 13070 41020 81620 20770 7370 35240 36970 20180 75730 82980 9890 79930 104790 
78040 120580 103510 158190 116400 95860 92781 133030 59390 151210 122840 102630 100650 76070 65340 64820 153990 44960 13770 84341 124240 97550 46660 80140 117530 82850 101000 97050 41250 75110 104710 0 85070 104630 79060 111901 45370 86470 92921 67450 41160 46820 23290 158360 117730 48480 95930 125230 104290 52890 60610 108291 134390 70640 87290 94590 130181 109800 115450 77051 48360 148930 133890 106440 72460 39780 84960 98640 103130 103950 100640 174681 59880 98910 176911 113190 
14730 37800 27920 87290 50600 72350 78790 95480 25880 63660 43280 24410 73350 90440 25480 87930 67270 55500 85450 81290 62420 12980 105180 42240 79190 15320 49250 82150 49150 85730 41850 85090 0 64500 81130 102680 62680 16230 90600 72310 88931 67280 68470 77280 80170 49621 79640 102670 31900 93940 60640 103550 56980 43790 88300 24250 53790 64370 34860 70370 52701 73780 53540 52490 18840 52210 37700 39120 66080 19250 55790 93020 89220 32370 90810 64240 
55750 59450 43991 67910 114470 131440 34340 33270 66100 91680 56830 48201 17640 141750 57630 74170 95290 100390 114364 49460 34200 70270 98180 102940 16330 78910 22710 33720 85630 65650 32190 104180 64140 0 132440 53030 106730 80370 61111 55280 84900 111930 101960 119810 17970 58920 137443 41280 41460 135810 111950 59801 105850 36250 143410 46390 52330 12000 52410 46960 60460 61930 99060 28870 55850 92290 30230 31451 5050 65951 12990 90830 78770 38231 101730 128380 
84890 116430 109150 168520 67990 28450 137600 164970 68870 132890 123580 105640 137390 10550 76760 128200 132330 40070 65960 137400 141361 88580 123700 42840 148630 69640 121300 141290 54460 134720 118881 79000 81260 133940 0 161320 39590 71530 146880 122890 111750 34280 58990 120530 149470 87140 24170 165620 112691 35380 20940 160900 98630 102400 11530 102170 133940 134290 116090 126480 92280 152020 108850 125380 79690 50930 103750 113050 134870 95510 125230 170090 128230 109801 160920 56600 
91430 106701 88570 111900 152070 161790 27780 47620 92200 141761 104081 92780 37080 171300 86220 64340 145371 123910 122981 28240 85310 109150 93211 134480 46600 112570 69961 22040 109330 55820 79441 112061 102930 52720 161690 0 130430 118960 30350 45450 79931 135630 121340 169193 45990 78300 167793 23890 88190 155190 140450 18640 151660 60520 173760 88740 103760 63440 99661 39000 75620 113360 144150 76121 87910 115990 68950 77310 48940 109640 63100 143640 68940 82810 154540 162940 
61170 100600 87130 149330 76460 54240 107090 136870 43000 121840 105890 86050 108920 41770 51110 93520 123220 7180 39160 106860 119580 73820 86100 41420 121370 52430 97040 110780 22970 100040 95520 44200 62830 107750 39530 130780 0 56050 116170 89920 76080 6610 22620 123330 121570 54390 54310 136640 91080 33790 18990 130190 99360 72710 50500 78800 116400 109410 97660 95940 59670 136580 100830 101970 55970 17390 78870 89640 106970 80460 100350 157660 92560 87270 149870 72620 
28940 46690 43420 100830 36050 59600 94920 111600 33670 66060 53840 39910 89480 80420 38380 101150 67440 48760 81860 96510 77920 18840 115350 30660 95320 10240 64970 98280 47890 100820 57350 86460 16130 80630 71710 118880 55940 0 106700 87410 99161 59380 64880 71080 96300 59190 65080 118800 47400 86021 52400 119650 48680 58890 76720 40380 64200 80500 46420 85590 62931 82280 47340 68200 33000 48620 53830 54700 82210 25770 71920 100000 102440 47870 94090 49690 
79650 103710 83590 128182 140740 150460 29950 72960 79240 136490 103950 84640 47950 158000 73880 46730 140531 110950 105371 16920 94142 98590 75601 122230 68330 100930 73520 32440 96370 38210 77790 94451 92370 61552 150280 30860 117480 107690 0 27840 62321 122840 104222 162610 67720 63580 156463 51580 83210 138072 128130 16710 141880 48690 161730 78470 106361 72272 96560 22120 58790 122202 134380 78460 76080 103030 60450 73220 57772 100340 68440 150861 51330 77830 155061 151610 
59440 84640 64600 115790 119130 124940 26710 74470 55440 117380 84880 65570 42720 130410 51150 21250 121421 84920 78390 18270 82140 78380 49450 97720 64080 79670 58900 31480 68800 13770 62610 67470 72160 55730 122700 45830 90050 86970 26850 0 36170 95250 78060 142260 63470 36460 131151 60080 64220 111910 101910 42220 122170 28720 133670 59480 88771 64410 77490 10980 31200 106530 115270 64340 55460 75840 43430 57230 52202 80330 57940 133271 25850 58840 137471 130000 
76530 109480 88770 140550 131120 125932 60251 108011 65620 142260 109720 89740 76261 116230 63650 24470 146301 71980 54740 51811 106400 101550 14040 105840 96990 90300 83160 65021 63870 38590 86870 41170 88940 84090 111860 79371 75870 98400 60391 35460 0 81070 61490 166460 97011 42380 126390 93621 88390 93860 91070 75761 145710 52890 122830 83650 113601 91440 102330 44521 37510 131290 140150 88600 71120 66290 67600 81400 82590 104340 82280 158101 19530 83010 162301 140450 
66740 104880 92700 153920 74730 49030 112200 142170 48570 125250 110360 91040 114030 36340 56680 98630 126630 13080 39560 111970 124761 78030 91210 40420 126480 55840 102150 115890 28080 105150 101090 47040 67110 112860 34320 135890 6540 59460 121280 95030 81190 0 25460 125740 126680 59500 49100 141750 96091 28360 13780 135300 101770 77820 45290 84370 120870 114520 101940 101050 64780 140860 103240 107240 61540 22500 83980 94910 112080 84740 105460 162630 97670 92840 153280 70650 
64460 105880 90420 152640 93470 74150 98440 130980 46290 130550 109500 89340 103030 56590 53920 78990 131930 23250 18550 93531 121000 79100 69610 58430 115480 61140 97760 102130 23180 85510 96720 23150 68110 102580 59440 121091 23660 64760 102111 77850 61550 25110 0 136300 115680 43490 74220 129870 94370 35170 38900 117481 112330 67590 67810 82090 120010 107750 102110 85490 48350 140220 111830 102850 59260 18070 79590 90520 101080 85740 98590 164251 78030 90210 159760 89630 
91320 62752 80210 87390 53640 97730 144740 139560 102820 27550 64440 76560 132883 128530 102420 158650 24840 117900 155660 147870 90130 65270 189803 90160 128270 81060 96790 148100 118450 153060 90082 160260 77610 119900 120510 168680 123100 71090 157700 139640 165130 125680 137830 0 131840 127101 100610 159640 82462 148501 113960 170650 27670 110580 122450 82360 66520 110750 68472 136950 130181 68420 24770 100020 95780 119180 98890 91862 121980 62810 107872 63090 160720 84760 44660 69080 
71170 74240 59411 68780 129890 147390 40150 17380 81520 104910 70300 63621 21440 158450 73050 81550 108570 115430 127404 54670 45240 85690 110421 118360 3930 94330 38721 36860 100670 73030 48201 117220 79560 17950 149140 45720 121770 95790 67000 62660 97141 126970 115000 132310 0 71960 154143 28740 57471 148850 127370 62000 121641 49510 160110 61810 65560 24800 68421 55510 73500 72120 114320 44881 71270 107330 45650 46871 15590 81371 29410 96920 86150 53651 114230 143800 
37580 76970 57680 112330 90250 92893 55270 87980 25330 106750 77960 57000 60030 94720 24560 45600 111351 49220 56650 53300 78680 62460 55970 67410 72480 50790 55440 58960 32880 49830 57420 48580 49850 59580 87000 78960 54360 58890 62610 36460 42690 59560 43610 127230 72680 0 98373 86700 57300 77460 66210 77590 106170 25240 97970 49880 82761 64750 70570 42140 5530 103040 103020 60880 32090 39920 38340 51220 58080 64940 55590 127261 46960 51920 131461 98610 
88521 108260 106740 164350 47980 8070 143042 170082 74542 114160 115410 103230 142502 29660 82052 143942 112320 54800 88570 144602 140380 80410 138690 38720 153582 66280 126252 146732 69190 144942 120670 96050 79450 138892 24360 167922 54320 64920 154082 130792 126640 49010 74470 100520 154582 97932 0 170732 110720 57250 35810 167912 78620 107512 22520 103470 125770 139242 107990 131922 103182 143850 88840 130332 84642 65660 108702 118002 139982 87340 130182 150690 143120 111190 138970 34500 
91960 99081 83031 91940 153880 164640 35200 24370 97580 133470 96461 87241 30700 174950 89110 78630 137130 130660 134944 44840 71520 109310 107501 137540 30210 115460 62341 29460 115900 70110 71821 125130 103180 41590 165640 23820 137000 119410 50830 59740 94221 142200 129100 160700 28790 86060 170643 0 81091 163450 145070 41010 147740 64780 176610 85440 91840 50300 92041 52590 84170 98400 140230 68501 90280 122560 68690 70491 38990 104991 53050 123440 83230 77271 142530 165790 
30300 22120 4990 59970 77230 104030 65330 73010 48591 55710 22360 9300 54321 121151 42490 83090 59320 83451 110891 72560 31810 33030 103060 73920 54680 47000 19040 68640 72451 77750 11520 104100 31680 42360 111841 88390 90631 47300 81870 64330 89390 95441 94591 82452 58120 57740 110700 81430 0 122101 91351 92900 67080 35530 119980 15570 27820 36070 14970 61640 59430 47550 60290 22270 36640 78941 23310 12530 44440 27050 29380 71680 85060 5430 75420 94870 
93000 131140 118960 181951 95050 62470 132130 164800 74830 149240 136620 117300 136720 30730 82940 112490 150620 39460 38170 127221 150900 104290 95080 62750 149170 82100 127660 135820 53590 119010 126620 51660 93370 136270 36300 154781 33230 85720 135801 111350 92610 26990 34820 148580 149370 77180 58190 164020 122351 0 34420 151171 124100 101280 41400 110630 147130 140030 128200 119180 82040 169130 125570 132750 87800 48010 109490 120420 134770 111000 130970 186800 111330 119100 177450 90620 
64220 98360 88480 147850 61460 35660 116930 144300 48200 116020 103840 84970 116720 30380 56090 107260 117400 19130 52900 116730 120691 71160 100830 29530 127960 48970 100630 120620 33520 113780 98211 60380 60590 113270 21070 140650 18650 52590 126040 101950 90810 13340 38800 114000 128800 66200 35730 144950 92021 34461 0 140060 90880 81730 32040 81500 114350 113620 95420 105810 71340 134340 92350 104710 59020 29990 83080 92380 114200 78090 104560 153220 107290 89131 144050 57280 
89890 111023 92040 124802 150980 160700 27940 64820 90610 146083 108403 94880 44700 171010 84630 60250 149693 122320 118891 24810 90762 108830 89121 133600 62430 111170 74283 29190 107740 51730 83763 107971 102610 58172 161700 19600 128880 117930 16000 41360 75841 134680 117742 172850 61820 76710 166703 41090 91660 151592 139500 0 152120 58930 172670 88710 108563 68892 103983 35210 72310 118822 144620 80443 86320 114400 70320 81280 54392 110580 67422 149102 64850 86280 160002 161850 
70950 49970 62840 95260 31840 75930 127370 133920 80690 35840 54940 59190 117520 106730 81850 140550 34000 93650 130920 130500 85400 44700 159670 65140 118540 57390 83060 130730 94200 135160 75540 135520 57040 106341 98710 151310 98850 48350 140330 121740 146390 101430 113090 27530 122140 105991 78810 146840 66820 123761 90140 153280 0 93210 100650 64990 63000 100090 55310 119580 109071 74930 10700 86290 75210 94930 81520 74490 108460 44360 93400 72370 142150 67390 60650 47280 
31330 56000 35960 87390 91880 101600 36690 64470 33810 87950 56240 36930 36520 111830 26070 47620 91560 66320 79914 38240 53740 50270 67200 74500 48970 52420 30500 40380 51560 42280 34210 69730 44050 36070 102520 61120 72660 58860 47550 28860 53920 77860 67500 114150 49170 24460 107603 64690 35580 101350 82030 60500 94060 0 113490 30840 60131 40990 48850 27320 26000 78130 86350 35940 27760 58220 14800 28590 34570 52220 31830 104631 49590 30200 108831 102750 
95820 121320 115860 178140 70030 28470 148530 176060 79800 136210 128470 112350 148320 12820 87690 139130 134370 51000 74110 149210 150360 93470 131850 47730 159560 74650 132230 152220 65390 145650 129690 87150 87970 144870 11640 173400 50520 76420 158960 133820 122680 45210 67510 122570 160560 98070 22640 176710 119840 40410 31870 172980 100670 113330 0 111650 138830 145220 121050 137410 103210 158940 110890 136310 90620 61860 114680 123980 145800 100400 136160 172980 139160 120310 161020 56550 
18810 30870 11590 73810 72910 95980 64510 77810 36480 60840 32300 10720 55690 111370 30360 78170 64450 71600 98780 67640 45030 28710 98140 65870 61530 38950 29700 67870 60340 72830 22450 94780 24180 46840 102060 88400 78780 40410 76950 59410 84470 84390 82480 82470 62510 49770 103270 85010 15570 111050 81570 89900 65520 30610 111930 0 41660 45620 24910 56720 51930 61390 58730 32940 24440 66830 20710 19280 48420 25010 38070 85520 80140 13470 86081 88420 
55780 18740 31230 37920 86380 120290 84740 75090 74310 39670 11350 33400 68040 142870 68730 108221 43280 108930 136610 96231 24670 46410 128151 94090 61950 69180 36010 84120 98170 102631 30870 129321 53860 53370 134160 103630 116110 64310 105911 89211 114701 120920 120310 66420 65700 83421 125770 91980 27930 147580 114500 110332 63420 60411 139170 41810 0 44220 19850 85311 84961 21910 54530 39240 62880 104660 46641 34970 55450 38580 42200 48330 110291 31670 53040 103510 
56270 52480 40360 59380 112200 132370 44750 38590 67620 83150 48540 44570 28050 142680 59150 82720 86760 102440 119684 59870 25670 68000 105920 103870 21000 78910 18160 44130 87680 74200 27560 109500 64140 12000 133370 63440 108780 80370 71521 63830 92640 113980 107280 111280 24750 64240 138373 49550 36830 139980 112880 70211 100810 41310 144340 46060 43800 0 46880 55390 65780 53400 92560 24240 56780 94340 31160 27990 15400 62320 9670 82300 87320 34770 93200 128380 
38680 8280 18560 56230 72930 103380 79440 79990 57210 41890 9160 16300 66221 125960 51790 97450 45500 91220 119510 86670 33820 29510 117380 77180 64610 51040 30940 81130 81070 91860 23420 116360 35720 54260 116850 101171 98400 47400 96500 78440 103930 103000 103210 68640 68360 71670 108860 93330 15800 129660 96360 106492 55720 49640 122260 25870 19670 46880 0 75750 73540 41010 48450 34170 45870 87560 37420 25200 56340 21670 41280 63200 99520 19540 65630 90570 
58220 82200 62160 109060 118750 126180 19350 67980 57810 114940 82440 63130 35590 135860 52450 29500 118981 89520 88141 11810 75350 77050 58371 100090 56990 79290 53140 24120 74500 20980 57110 77221 70830 46930 126550 39210 96040 85750 21100 10610 45091 101240 85230 140930 56380 41760 132391 52720 61780 119080 106060 36470 120330 27260 137520 57040 84781 55610 75050 0 39060 99810 112830 58080 54650 81600 39020 52540 44950 78830 49140 129170 34100 56400 133481 129620 
40100 79410 59940 113520 93850 97863 52450 89010 29710 109270 80220 59260 59230 99910 27740 40230 113871 54410 58574 49360 79870 65210 51100 71990 73510 54390 56630 56140 38070 44560 59640 48390 52600 60610 92190 76040 59550 62490 57940 31190 37820 64750 48250 129980 73710 5490 103343 84620 59560 82100 71400 73310 109210 26430 103160 52140 84981 65780 72830 39560 0 104260 105770 62070 34690 45110 39910 53440 59110 67460 56620 129481 41590 54180 133681 103190 
75530 37170 50340 21230 99870 138720 94420 77510 93941 42940 32450 52510 77720 163090 87840 126050 45060 128680 156241 107180 31830 64840 147020 112520 68420 89200 48990 93800 117801 119020 47790 149390 73880 63050 152590 113310 135860 82740 119800 107250 132530 140670 139941 68650 71990 102530 144200 98330 47040 168511 134520 120081 75750 78260 159390 60920 22020 53900 41230 99660 104070 0 66700 52200 81990 124291 66650 52160 65130 57010 51880 29680 128120 50780 43430 116550 
67170 42320 56060 87150 42340 86430 120590 126270 78670 30120 47290 52410 110720 117230 78270 134500 28280 95330 132600 123720 77750 41120 154430 69090 110890 56910 76280 123950 94560 128910 68760 137200 53460 99561 108930 144530 100530 46940 133550 115490 140980 103110 114770 25240 114640 102411 89310 140060 60040 125441 91820 146500 11290 85580 111150 58210 54930 93160 48290 112800 105491 66430 0 79510 71630 95290 74740 67710 101151 38660 86620 66650 136570 60610 54930 57780 
43450 51290 32000 76050 102170 119290 49960 59500 54540 84880 50330 36210 37380 129600 46070 74240 88490 89360 107764 58720 42400 57970 94000 90790 43220 66610 19160 51500 74600 67210 23730 97580 51840 28530 120290 71250 95700 68070 68540 55480 80720 100900 95360 110940 44200 52320 125293 66700 31620 126900 99800 77530 93990 28290 131260 34090 52710 28480 44140 48530 53860 66790 87200 0 43700 81260 18080 21240 30110 53960 19420 95690 76310 26240 102010 116080 
7070 50040 32970 94550 65650 77300 64300 87390 13320 77510 52100 31890 61930 88330 8660 70610 81120 48440 75620 65850 64780 31050 85391 48270 71110 26190 43330 67880 37180 69810 40720 72630 18440 56420 79020 88640 55620 32580 75160 56440 72111 61230 59320 95350 72090 32801 84023 90250 36280 87890 58530 88110 75050 28230 89990 24000 62400 56770 44710 54930 35540 82130 71610 47170 0 43670 26360 34840 58000 33840 47710 106140 71900 32470 104331 76520 
49350 89520 75310 137530 77880 64772 92790 122570 31180 114190 94390 74230 94620 57720 38900 81290 115570 11210 34850 92560 105980 62740 76560 43540 107070 44780 82740 96480 8670 87810 81700 39450 51750 93450 51090 116480 17360 48400 101870 76010 66540 22560 17870 119240 107270 40230 65620 122340 79260 48560 30300 115860 95270 58410 62060 66980 104900 95110 86580 81640 45370 125110 95470 87830 44150 0 64570 75500 92670 69380 86050 146540 81620 75190 142570 74740 
27900 43860 23820 76120 88040 102380 45320 61800 37630 76980 44100 25960 38830 112690 29160 62450 80590 72450 94090 50370 42470 43840 82030 73880 45520 51800 19230 48680 57690 57110 20640 84160 37710 30830 103380 69210 78790 53940 59680 43690 68750 83990 79940 99120 46500 38260 108383 68150 23440 109990 82890 72200 82170 14890 114350 20860 46371 31180 36710 39450 39800 66760 75380 24670 26790 64350 0 14830 32330 41660 22120 90871 64420 18060 95071 101950 
32350 31200 12850 64720 84520 110960 54880 63161 47390 64790 31050 17060 43361 122380 39240 76330 68400 82510 106640 63170 31850 40320 95930 80850 45170 53930 11110 57540 68740 70990 7440 97700 38970 32191 113070 77290 89690 54590 72680 57570 82650 95040 90990 91532 47861 51800 117990 71141 12470 121040 92580 82450 74840 28790 124040 19360 34670 28240 24050 52450 53340 52300 68050 14350 35280 75400 14880 0 33781 34810 19870 79170 78320 7090 83250 102160 
56680 60971 44921 70720 115400 132370 30130 30890 67030 93981 58351 49131 13430 142680 58560 69960 97591 100940 112914 45250 37010 71200 96560 103870 15390 79840 24231 29510 86180 61440 33711 102730 65070 4420 133370 48820 107280 81300 56901 51070 83280 112480 100510 121333 15590 57470 138373 38650 42981 134360 112880 55591 107151 35020 144340 47320 55140 15140 53931 43920 59010 64740 100121 30391 56780 92840 31160 32381 0 66881 15800 93650 74560 39161 104550 129310 
28980 21380 23300 75520 51260 81980 86020 97771 44800 45330 28530 19650 76330 104560 41090 99560 48940 72910 102860 89350 53500 8100 118680 55780 79780 32730 44850 89380 66910 94170 37230 104010 19590 66801 95850 109650 80090 26000 99180 80750 104541 84690 85880 62820 82471 65231 87460 105650 27280 111350 78050 112130 44920 52230 100860 24950 38890 62240 21110 78430 67960 56970 39080 48080 34450 69620 41480 34950 68391 0 54480 74690 101160 27850 72480 68900 
47580 47590 32140 61050 103810 123510 45100 45300 58760 80600 44970 36350 28850 133820 50290 76310 84210 93580 110574 56500 27340 59610 96810 95010 26560 70520 10850 44480 78820 67790 20330 100390 55750 14240 124510 63790 99920 71980 68380 57420 83530 105120 98170 107952 30000 55130 129513 53310 29600 131120 104020 69121 93990 32200 135480 37670 42080 9630 40550 48980 56670 51800 87200 17010 47920 85480 22300 19600 16320 54100 0 80700 79120 26380 91600 119990 
99510 59120 75240 32740 103841 147931 124260 102130 118040 43350 54400 77130 106430 178920 112620 152362 40251 147640 181623 139250 59810 82830 172292 130140 93320 107460 77700 123640 142061 146772 75541 173462 93940 91760 170210 142770 155950 100730 150052 133352 158842 160550 164230 63181 96890 127562 151611 123370 71940 186951 152870 149921 72481 104552 173451 85820 48540 82610 63580 129060 129102 29910 66691 80910 106700 145480 90782 79311 93840 75000 80590 0 154432 75680 21840 119281 
76590 105490 84780 136560 135160 140090 49760 97520 69370 138270 105730 85750 65770 132800 66980 7130 142311 88550 73290 41320 102410 98580 27780 112120 87130 94520 79170 54530 75090 23350 82880 59720 89200 78780 128430 68880 92440 102620 49900 26150 19100 97640 78060 162470 86520 47561 142960 83130 84400 111910 107640 65270 142380 48900 139400 79660 109611 87450 98340 34030 42221 127300 136160 84610 71290 82130 63610 77410 75252 100530 78290 154111 0 79020 158311 145560 
27520 25800 5760 63540 77580 104380 59890 69911 45190 59390 26040 9970 49080 118571 38110 77650 63000 80310 105900 67120 32310 33380 97620 74270 51920 47350 17250 63200 68000 72310 9630 98660 32030 38941 109261 82950 87490 47650 76430 58890 83950 92861 90250 84700 54611 52300 111050 77891 5380 119521 88771 87460 67750 30090 120231 12990 31490 34640 18650 56200 53990 51120 60960 20480 33150 74660 17870 7090 40531 27720 26620 75360 79620 0 79100 95220 
98051 60280 79221 53440 92210 136300 134390 121170 115691 32390 58530 79041 116560 167100 111161 156122 28620 143630 181841 144132 72120 80320 185282 122010 109880 104950 84511 133770 139551 150532 79301 177222 91430 101890 159080 153280 150810 95140 153812 137112 162602 154250 162571 45080 113450 131322 139180 141630 75921 178631 144740 160051 60850 108312 161020 86391 53130 92740 66130 133212 132862 42940 55060 87741 104951 143860 94542 83071 103970 72490 90720 21720 158192 79661 0 107650 
76890 86310 90880 137211 18560 31440 138290 159930 73960 83051 93460 87370 137070 62240 80510 143480 81211 67460 108440 139840 122190 62260 152700 34320 143100 53070 112430 141870 75370 143300 104810 113040 63910 128410 56940 162630 72640 49380 149670 129810 140650 70580 89690 69411 144080 99200 34320 165440 94860 89830 57440 162620 47511 102220 56160 88160 103781 128280 89800 128920 103381 116491 57731 115660 76610 75030 101610 102160 129990 68690 119700 119581 144770 95330 107861 0 

0 Ciudad_0 0 0 32400 0
1 Ciudad_1 315 5144 19744 630
2 Ciudad_2 534 10843 23092 1068
3 Ciudad_3 511 14627 25864 1022
4 Ciudad_4 588 23703 27910 1176
5 Ciudad_5 705 18807 26256 1410
6 Ciudad_6 707 11308 22663 1414
7 Ciudad_7 497 13939 27319 994
8 Ciudad_8 788 5047 11666 1576
9 Ciudad_9 542 16126 27077 1084
10 Ciudad_10 195 8021 22094 390
11 Ciudad_11 723 7821 17163 1446
12 Ciudad_12 548 23028 27143 1096
13 Ciudad_13 781 11403 15744 1562
14 Ciudad_14 761 8746 10787 1522
15 Ciudad_15 483 10690 24184 966
16 Ciudad_16 243 12165 19617 486
17 Ciudad_17 410 2953 16595 820
18 Ciudad_18 365 22558 28242 730
19 Ciudad_19 513 6844 20450 1026
20 Ciudad_20 445 16220 26327 890
21 Ciudad_21 673 19192 25775 1346
22 Ciudad_22 427 10268 24257 854
23 Ciudad_23 359 12252 22718 718
24 Ciudad_24 785 17578 21190 1570
25 Ciudad_25 297 1408 12328 594
26 Ciudad_26 442 15082 24707 884
27 Ciudad_27 129 14368 28722 258
28 Ciudad_28 577 4759 7778 1154
29 Ciudad_29 551 20895 27950 1102
30 Ciudad_30 754 6828 13300 1508
31 Ciudad_31 597 15865 20686 1194
32 Ciudad_32 603 3647 15818 1206
33 Ciudad_33 475 9735 24360 950
34 Ciudad_34 318 8800 11200 636
35 Ciudad_35 312 6715 19521 624
36 Ciudad_36 332 3445 11790 664
37 Ciudad_37 256 11533 26093 512
38 Ciudad_38 480 6850 18261 960
39 Ciudad_39 346 3854 5855 692
40 Ciudad_40 184 17367 27339 368
41 Ciudad_41 510 21055 25822 1020
42 Ciudad_42 488 6702 11945 976
43 Ciudad_43 258 20231 25629 516
44 Ciudad_44 501 3791 13668 1002
45 Ciudad_45 533 23749 26602 1066
46 Ciudad_46 737 13375 22906 1474
47 Ciudad_47 527 9674 16477 1054
48 Ciudad_48 634 2161 4827 1268
49 Ciudad_49 173 13255 16341 346
50 Ciudad_50 823 3560 16747 1646
51 Ciudad_51 625 19052 21685 1250
52 Ciudad_52 266 21257 28598 532
53 Ciudad_53 803 7253 10178 1606
54 Ciudad_54 728 19002 24750 1456
55 Ciudad_55 725 5067 15372 1450
56 Ciudad_56 376 7533 14910 752
57 Ciudad_57 639 6766 14143 1278
58 Ciudad_58 199 20599 26852 398
59 Ciudad_59 683 10887 25770 1366
60 Ciudad_60 662 10767 21055 1324
61 Ciudad_61 595 10756 19765 1190
62 Ciudad_62 558 8930 23870 1116
63 Ciudad_63 324 15913 20963 648
64 Ciudad_64 268 17128 30897 536
65 Ciudad_65 724 14457 22189 1448
66 Ciudad_66 329 7384 16472 658
67 Ciudad_67 160 1356 8903 320
68 Ciudad_68 681 2472 11030 1362
69 Ciudad_69 196 1430 8671 392
70 Ciudad_70 719 11169 16097 1438
71 Ciudad_71 259 12054 14140 518
72 Ciudad_72 264 6455 11132 528
73 Ciudad_73 505 10154 24610 1010
74 Ciudad_74 102 5617 12916 204
75 Ciudad_75 188 4029 7619 376

0 0.0924123 -0.0786178 0.0737674 -0.0681009 -0.0328204 -0.0265859 -0.00418435 -0.0229157 0.0447345 -0.0553553 -0.0433238 -0.023732 0.0593797 -0.0923383 0.0465139 -0.00956368 -0.0546245 -0.0183731 -0.0523904 0.0856948 -0.0449085 -0.0518091 -0.0749396 0.0799387 0.0780852 -0.078067 -0.0765792 0.0751055 -0.0715356 0.00662023 -0.0181872 -0.0672284 -0.0670278 -0.00685696 0.0559759 0.0761698 0.0376963 0.0463513 -0.0719376 0.0168036 0.000618548 -0.00138427 0.0316446 -0.00549871 -0.0820179 0.0695647 -0.0117475 -0.0649404 0.099345 -0.0263552 0.0985738 0.0351071 0.0469667 0.0371686 0.043439 -0.0827345 0.0747338 -0.0449007 0.0824922 -0.0299369 0.0495675 0.0213609 0.0158273 -0.0304599 0.0124545 0.00743004 0.0720487 -0.0409794 0.0191724 -0.049972 0.0895435 0.00704691 0.0892367 -0.0614364 -0.0239703 
-0.0924123 0 0.029193 0.0569011 -0.0574673 -0.0791385 -0.0674051 0.0315383 0.011703 0.0227768 -0.079737 0.0817978 -0.0531369 -0.0511093 0.077075 -0.0112841 0.0966124 0.0857887 -0.0191035 0.0640623 -0.0872782 0.0211023 0.0589732 -0.0561588 -0.0569719 -0.0328767 0.0549735 0.0144201 0.0517237 -0.0155824 -0.0816301 0.0679143 0.0793193 -0.0219616 -0.0741189 -0.00187703 0.0475399 -0.081047 -0.0799496 -0.0126709 0.0793864 0.0623995 -0.0412103 0.0336555 0.0560384 0.0208988 -0.0686649 -0.0897489 -0.0200511 -0.0748228 -0.00367623 -0.0288126 0.03143 -0.0578969 0.0480923 -0.0631623 0.00715074 -0.0363046 -0.0453341 -0.0978461 0.0918675 0.0448145 -0.00386034 -0.0104463 0.0811135 -0.0595534 0.0167318 0.0118759 -0.087699 0.092774 0.0433247 0.0591129 -0.0613432 -0.0102025 -0.0128902 0.038348 
0.0786178 -0.029193 0 0.0454781 0.0205765 -0.00427811 0.00480455 0.00132304 0.0393472 -0.0478922 0.0411107 -0.0710735 -0.00525156 0.0404068 0.0701637 0.0375228 0.0925378 -0.0575976 -0.0437701 0.0798496 0.079377 0.0423586 0.0305302 0.00158562 0.0909105 -0.00495012 0.0742716 0.0441644 0.0164353 0.0089235 0.0859711 -0.0343534 -0.0858576 -0.0155951 -0.0745159 -0.023055 0.0194891 -0.0265365 -0.0586609 0.076472 0.0260517 -0.0802445 0.00584074 -0.0649392 0.049789 0.0914428 0.0947038 0.067949 0.0658416 -0.0162171 0.0932253 0.0690117 0.0761501 -0.0427072 -0.0199709 0.0984312 -0.07569 -0.0665736 0.0443162 0.0465075 -0.0562139 -0.0471392 -0.00362283 -0.080696 -0.0631168 -0.04068 0.035542 -0.0523988 0.00389429 0.0712705 0.0762531 -0.044286 -0.0993623 -0.088226 -0.0296653 -0.0538943 
-0.0737674 -0.0569011 -0.0454781 0 0.0164438 -0.0899582 -0.0314428 -0.0283475 0.007893 -0.0129446 -0.0546283 -0.0599504 0.013176 -0.045208 -0.0305725 -0.0950406 0.0959651 0.0738466 0.0461097 -0.00206354 -0.0599308 -0.0127036 -0.0261055 0.0811524 -0.0142498 0.0683143 0.0411684 -0.0849072 0.0569111 0.00523591 -0.058553 -0.00139069 -0.0656145 -0.080961 0.0916506 -0.0139168 -0.0268779 -0.00200086 0.0572517 -0.0147946 0.0950709 0.0626956 -0.00226748 0.000225533 -0.0554235 -0.0580126 -0.0421368 -0.0881909 0.0744234 0.00319896 0.0140836 0.0741708 -0.0908958 0.032026 0.0296681 -0.0178119 -0.0973889 0.0565723 0.079492 -0.0144051 0.0235322 0.0907471 0.096274 0.0221325 -0.0223669 0.0560594 -0.0827545 -0.00630525 -0.09787 0.0848509 0.0745504 -0.049242 -0.0134131 0.0297269 -0.0615439 0.0163587 
0.0681009 0.0574673 -0.0205765 -0.0164438 0 -0.0555436 -0.0871644 -0.096105 -0.0220448 -0.0246076 0.0587944 0.00559975 -0.0857912 -0.0095793 0.010837 -0.07167 -0.0791533 -0.0947581 -0.0606451 0.0244897 0.00410099 -0.0678056 0.00372493 -0.0679193 -0.0231056 -0.0241002 0.0125708 -0.0983108 -0.0974624 -0.0366041 0.0243525 -0.059488 -0.0776777 0.00590759 0.0267472 -0.0715652 -0.0638199 -0.000888947 -0.0164899 -0.00518858 0.0123562 -0.0819539 -0.0767593 -0.0395991 -0.0977546 0.0808109 0.0859457 -0.0199063 -0.00143693 0.0882296 -0.0735635 -0.00141553 -0.0632251 0.0855901 0.00241783 -0.0809862 0.0387115 -0.0433765 0.0649438 -0.0752179 -0.0701365 -0.0961483 0.0333062 0.00102774 -0.0297621 0.0331481 -0.0406833 0.0628078 0.010031 0.00778702 0.0280336 0.0314943 0.0162048 -0.00225544 -0.0570395 -0.0293455 
0.0328204 0.0791385 0.00427811 0.0899582 0.0555436 0 0.0987647 -0.00888578 0.0515616 -0.0121552 -0.0408051 0.0715657 0.0734373 -0.0342709 -0.0370555 0.0757313 -0.0606066 0.00442474 -0.0616837 0.0729599 -0.0481592 -0.0329369 -0.0264191 0.0761887 0.0745 -0.033904 0.0198756 -0.0134216 0.0555667 -0.0281909 0.0889413 0.0931732 -0.0374516 0.0788509 -0.0786601 0.060116 -0.0860474 -0.0305749 -0.0692961 -0.0547308 0.0921098 -0.0723654 0.0509146 -0.034155 0.0757747 -0.0425792 -0.0181988 0.0805904 0.0498856 0.0495196 -0.0589646 0.048211 0.0970558 0.0636287 0.00587923 -0.0623068 -0.0996522 -0.0865801 0.0261697 -0.00741049 0.0869262 -0.0451674 0.0510868 -0.0548153 0.0897954 0.0276171 -0.0836556 -0.0839637 0.036171 0.0258488 -0.09112 -0.0779887 0.0517258 0.014226 -0.0628561 -0.0715194 
0.0265859 0.0674051 -0.00480455 0.0314428 0.0871644 -0.0987647 0 0.082104 0.00796133 0.0689847 0.00387156 0.037948 -0.0246347 -0.0875945 -0.00857457 -0.0361539 -0.0707701 0.0631688 0.0915295 0.0735421 0.00561276 -0.0263355 0.0306724 0.0663589 0.0220408 -0.0965007 0.0490798 0.0406486 -0.0476744 -0.0278625 0.0705938 -0.0706076 -0.0625495 -0.0702647 0.0347406 -0.034243 0.0640841 0.0779256 -0.0108972 0.0076971 0.0665635 -0.073205 -0.0298715 0.025013 -0.0652825 -0.0213345 0.045394 -0.0454917 0.00547955 0.0779983 -0.081374 -0.044501 -0.0828105 -0.0974008 -0.0360346 0.0325426 0.0112823 -0.0879488 -0.0961652 0.0476362 -0.0995595 -0.00873682 -0.067013 -0.0338494 -0.0966392 0.0232069 -0.0905299 0.0457542 0.0477718 0.0130845 0.0575599 0.0454663 -0.0724206 -0.0965655 0.0968258 0.0297744 
0.00418435 -0.0315383 -0.00132304 0.0283475 0.096105 0.00888578 -0.082104 0 0.0545193 -0.0203281 0.0694042 0.0142047 0.0345672 -0.0973093 0.0725956 0.0111957 0.0834711 0.0121209 0.0497679 0.0329829 -0.017462 0.0785058 -0.0606965 -0.0401836 0.0859619 -0.0399859 -0.0442647 0.0893923 0.0633219 -0.0555224 0.0423191 0.0149347 -0.0732211 0.0963625 0.0567513 0.0438743 -0.0296708 0.0415824 -0.0484266 -0.069629 0.0760993 -0.00985433 -0.0384938 -0.0774785 0.055414 -0.045137 0.0854022 -0.0702571 0.0271801 -0.0335353 -0.0607415 -0.0168499 0.0856526 0.0936534 0.0118406 0.0854306 0.0129227 -0.00439017 -0.0338318 0.0321219 0.0221928 0.0833427 0.0887475 -0.0758092 0.0512325 -0.0641174 -0.0581294 -0.0925982 0.0598516 -0.0375345 -0.0262266 -0.0533653 -0.0978492 -0.0292004 -0.0802257 0.0271828 
0.0229157 -0.011703 -0.0393472 -0.007893 0.0220448 -0.0515616 -0.00796133 -0.0545193 0 -0.0104277 0.0549165 0.0126178 0.0901436 -0.0736183 -0.0236818 0.0212737 0.0729867 0.0150771 -0.0383209 -0.0569027 0.0455784 0.0602177 0.000505694 0.0181158 0.0306189 -0.0193742 0.0119484 -0.062315 -0.0036399 -0.0619982 -0.0144004 -0.0245467 0.0560353 -0.0162472 -0.0158287 0.0764733 -0.0769945 -0.00108776 -0.065243 0.0775195 -0.0860745 -0.0124606 0.0598352 -0.0992997 -0.0992268 -0.0711461 -0.0750699 0.0124258 -0.0115895 0.0991494 0.0835327 0.0527579 -0.0238468 0.0557259 0.0167313 -0.00904374 0.0632487 0.0319993 0.01718 -0.0023164 0.0398305 0.00615416 -0.0592322 -0.0899022 -0.0227567 0.026123 -0.0888415 -0.0274756 -0.0904968 0.0449393 -0.0413145 -0.0470163 -0.0130634 0.058881 0.0117589 -0.0864615 
-0.0447345 -0.0227768 0.0478922 0.0129446 0.0246076 0.0121552 -0.0689847 0.0203281 0.0104277 0 0.044193 -0.0100995 -0.0324008 -0.038585 -0.0575791 0.0743073 -0.0561142 0.00800155 -0.08304 -0.017999 -0.0781365 0.0448075 0.0450891 -0.0511173 0.0656975 0.00728142 -0.0712743 0.0430495 -0.0853859 0.0519975 0.0163262 0.0160527 0.0956662 0.0983049 0.0204769 -0.0873893 -0.0543318 0.0303216 -0.0439655 -0.0294489 0.0896334 -0.0603278 -0.0210362 -0.00594797 -0.0734523 0.0848617 -0.0240454 -0.026489 0.0189763 0.0159905 -0.0961834 -0.0354865 0.0889569 -0.0314223 -0.0509969 0.0709481 -0.0822113 0.0384678 -0.0671729 -0.0888051 0.0563431 -0.0724387 0.0424196 -0.0226836 0.0700506 0.0100501 -0.00394772 -0.0108504 0.01419 0.0386558 0.092403 0.071565 0.0845309 0.039802 0.0807282 0.0733509 
0.0553553 0.079737 -0.0411107 0.0546283 -0.0587944 0.0408051 -0.00387156 -0.0694042 -0.0549165 -0.044193 0 0.0467165 0.0531684 0.0747283 0.0604234 -0.0268282 0.00284877 -0.0690772 -0.0822218 0.0119185 0.00535704 0.0317728 0.0344783 0.0111303 0.0236933 -0.0356507 -0.0983595 -0.011386 0.0755868 -0.0327488 0.0670868 0.0113122 -0.0450734 0.036677 0.018626 -0.0356018 0.0161163 -0.0040683 0.0910376 0.0726335 -0.0698191 0.0840189 -0.071461 0.0190917 -0.0276531 -0.091112 -0.0816832 0.0975202 -0.0027992 -0.0481611 0.00607206 0.0052271 -0.0525223 0.0500666 -0.0993489 -0.00373136 -0.0318699 0.0293747 0.094462 -0.0582794 -0.057427 -0.0910445 -0.0168686 0.0656666 0.077947 0.0753928 0.0118881 -0.054362 -0.0209312 0.0685775 0.0887822 0.087667 -0.0372322 0.0106387 -0.0890814 0.0997204 
0.0433238 -0.0817978 0.0710735 0.0599504 -0.00559975 -0.0715657 -0.037948 -0.0142047 -0.0126178 0.0100995 -0.0467165 0 0.00558563 -0.0896999 0.0714791 -0.0671882 -0.0368867 -0.094457 0.041898 0.0537175 -0.0855304 -0.0830378 -0.058255 0.0349522 0.0215255 -0.0642234 0.0714542 -0.0838712 -0.03942 0.0128726 0.0206581 0.0470461 -0.0805391 0.060584 -0.0520834 -0.0681087 0.0418545 -0.0537519 -0.0632349 0.0229628 -0.0518846 -0.00898521 0.0830818 -0.0238778 0.054743 -0.0445374 -0.0769525 -0.0727134 0.0183325 0.0320539 0.0666822 0.0662759 0.0651706 -0.097741 0.09796 0.0752305 -0.023334 -0.0119742 0.00464916 -0.0614587 0.00544619 0.02761 -0.0097231 0.0243144 -0.0832238 0.0192645 0.00483682 -0.0935025 -0.00912574 -0.0301728 0.022763 -0.0721243 -0.0335951 0.00940701 -0.0211697 0.0941604 
0.023732 0.0531369 0.00525156 -0.013176 0.0857912 -0.0734373 0.0246347 -0.0345672 -0.0901436 0.0324008 -0.0531684 -0.00558563 0 0.0345211 -0.0968144 0.0556031 -0.01267 -0.0767955 -0.00287833 0.0234859 -0.0962665 0.0371384 -0.0323573 -0.059902 0.0739791 -0.059985 0.0546026 0.0445423 -0.00260394 -0.016126 -0.0140465 0.0805388 -0.0194505 0.0903129 0.051795 0.0955523 -0.0300433 0.0513639 -0.00481849 -0.0980913 -0.0793263 0.0661344 0.060331 0.043398 -0.0345467 -0.0879119 0.0385993 0.0657629 -0.0471213 0.0391706 -0.0222896 0.0840399 -0.0798612 0.0152021 -0.0845043 0.092265 0.0307919 -0.0792702 0.0352489 -0.0826698 0.044668 0.0699096 0.0112063 -0.0293843 -0.0328232 -0.00350728 -0.0283421 -0.0933627 0.0420192 0.0321012 -0.0476381 0.0154599 0.0803158 0.0648533 0.0873732 -0.0347206 
-0.0593797 0.0511093 -0.0404068 0.045208 0.0095793 0.0342709 0.0875945 0.0973093 0.0736183 0.038585 -0.0747283 0.0896999 -0.0345211 0 -0.0850175 -0.0716815 -0.095213 -0.029715 -0.0792037 -0.0071204 0.0155187 0.0148122 0.00404705 0.00159641 0.0392317 0.0659481 0.0753414 0.0528942 0.0471649 -0.0613889 -0.0445012 -0.0699945 -0.0994171 0.0383054 -0.0057347 -0.0965368 0.0969776 0.0838531 0.0362473 0.0214634 -0.0356852 -0.00316462 -0.0152448 -0.0611062 0.0594779 -0.0602177 -0.0812414 -0.0886997 0.0657738 -0.0203595 0.0738417 0.0235735 0.0937248 0.0703901 -0.00464872 0.0149305 0.0259264 -0.0565707 -0.0958452 -0.0848896 0.0310658 0.0149667 -0.0971625 -0.00159652 -0.000690745 0.0518319 -0.00929988 -0.0982937 0.0863093 0.0362805 0.0950996 -0.0359217 -0.0912982 -0.0175891 0.0230775 0.0379256 
0.0923383 -0.077075 -0.0701637 0.0305725 -0.010837 0.0370555 0.00857457 -0.0725956 0.0236818 0.0575791 -0.0604234 -0.0714791 0.0968144 0.0850175 0 -0.02975 0.0633349 0.0018137 -0.066407 0.0857796 0.0887847 0.0575549 0.0762645 -0.0667675 0.0608728 0.0610565 -0.0291911 0.0530732 0.0144698 -0.0851909 0.0250404 -0.0432375 -0.0513811 0.0125176 0.0190758 0.0664998 -0.0802968 0.0217251 -0.0145429 0.0265062 -0.0922891 -0.0780055 0.00707752 -0.0600149 0.0457729 -0.0277714 -0.0791141 -0.0104724 0.0925522 0.0366689 -0.0346282 -0.024111 -0.0338372 0.0927253 -0.0558696 0.0139021 -0.0687054 -0.0620865 0.0300701 -0.00652589 0.0674202 -0.0512686 -0.0584076 0.0414413 0.0695199 0.0529653 0.00544256 -0.0831907 0.0605786 0.0421936 -0.00396872 -0.0175708 -0.0400398 0.0551696 0.082554 0.0328626 
-0.0465139 0.0112841 -0.0375228 0.0950406 0.07167 -0.0757313 0.0361539 -0.0111957 -0.0212737 -0.0743073 0.0268282 0.0671882 -0.0556031 0.0716815 0.02975 0 0.00752959 -0.0732227 0.0496224 0.0714678 -0.0555462 -0.0256137 -0.0623702 -0.0302115 0.0237494 0.044685 0.053037 0.0506131 0.0941594 0.00845203 0.0898733 -0.0759743 0.0331304 -0.0573472 -0.0716458 -0.0960985 0.0906044 -0.0830533 -0.0426735 -0.0840044 0.0419872 -0.0331744 0.0989838 -0.0822516 -0.0420957 -0.0705428 0.0951086 0.00206263 0.0997616 -0.0843085 0.0106558 -0.0208408 0.0554563 0.0659488 -0.058082 0.0100292 -0.0874397 0.0164799 -0.0484011 0.0181296 -0.0663977 0.0217051 -0.0970335 -0.0899531 0.00353789 -0.0387847 -0.03856 0.091097 -0.037094 0.0238916 0.0921903 -0.0749237 -0.0780056 -0.0627463 -0.0558837 -0.0895201 
0.00956368 -0.0966124 -0.0925378 -0.0959651 0.0791533 0.0606066 0.0707701 -0.0834711 -0.0729867 0.0561142 -0.00284877 0.0368867 0.01267 0.095213 -0.0633349 -0.00752959 0 0.0932238 0.0263503 -0.0361442 0.0902632 0.0193097 0.0387018 -0.0456029 0.0740602 0.0901042 0.0613683 -0.0543984 -0.0966586 0.0625598 0.00995509 0.0429258 -0.00629772 0.0356848 0.0928425 -0.0738757 0.0557711 0.0717336 0.0749427 0.0788019 -0.0703425 -0.0364976 0.0737686 -0.0346137 -0.00333952 0.00863082 -0.0542155 -0.0818552 0.0311279 -0.0371977 -0.0459955 0.0991066 0.0641777 -0.0704828 0.0704603 -0.0787632 -0.0728753 -0.0171216 -0.0394016 0.0628651 0.0945573 -0.0186778 -0.0165153 0.0650005 -0.0149476 0.00822614 0.00419978 -0.0605739 -0.04911 -0.0314042 0.0855065 0.0273364 0.0163656 0.00796197 0.0309928 0.0817538 
0.0546245 -0.0857887 0.0575976 -0.0738466 0.0947581 -0.00442474 -0.0631688 -0.0121209 -0.0150771 -0.00800155 0.0690772 0.094457 0.0767955 0.029715 -0.0018137 0.0732227 -0.0932238 0 0.0540608 0.0101863 -0.0492408 -0.0963892 0.0228685 -0.0492513 -0.00385513 -0.00304326 -0.0346472 -0.00559184 -0.0575468 0.0451185 0.0227915 0.0292793 0.00538211 -0.096847 -0.0759949 0.0461521 0.0956043 -0.00718631 -0.0306083 0.0194147 -0.000578368 0.0901915 -0.0368071 0.0715284 0.0346371 -0.0107728 -0.0780289 -0.0259584 -0.0254147 0.0476725 -0.034674 0.0682372 -0.0807826 0.0426734 -0.0688749 0.0340719 0.09384 0.0178502 -0.0834814 0.0683397 -0.0758764 -0.0951415 0.0347396 0.0656597 -0.00454158 0.0685491 -0.0120464 0.0140387 0.091902 -0.0301792 -0.0398586 0.00824635 -0.0603583 0.0513098 -0.0195138 0.0315884 
0.0183731 0.0191035 0.0437701 -0.0461097 0.0606451 0.0616837 -0.0915295 -0.0497679 0.0383209 0.08304 0.0822218 -0.041898 0.00287833 0.0792037 0.066407 -0.0496224 -0.0263503 -0.0540608 0 0.0683334 -0.0684312 -0.0111413 0.0971371 0.0314287 0.0665826 -0.0779381 0.0144746 -0.0306856 -0.0682935 -0.0989891 0.0184371 -0.0337071 -0.00733753 -0.0188958 -0.0852806 -0.0548235 0.000470439 0.0353998 0.00347947 0.00454227 -0.0227645 -0.0414477 0.00411604 0.0850914 0.0207707 -0.0347303 0.0504934 -0.0618574 -0.0710759 0.0179032 0.0950117 0.00727453 -0.0146712 0.0364287 0.0490636 -0.0949599 0.0301282 0.0997332 0.0762648 -0.00820855 -0.00921812 0.0673573 0.0438339 0.0430758 0.0127573 -0.0785807 -0.033249 -0.0788099 -0.00998323 0.0116263 -0.0394345 -0.0922706 -0.00930364 0.0782379 -0.0269615 0.0766 
0.0523904 -0.0640623 -0.0798496 0.00206354 -0.0244897 -0.0729599 -0.0735421 -0.0329829 0.0569027 0.017999 -0.0119185 -0.0537175 -0.0234859 0.0071204 -0.0857796 -0.0714678 0.0361442 -0.0101863 -0.0683334 0 -0.0715428 -0.0759052 -0.0090379 -0.040075 0.0239407 0.0697486 0.0510868 0.0579948 -0.0826684 -0.0638927 -0.0383375 -0.0872612 -0.0564363 0.000262823 0.0261827 0.0610798 0.0127628 0.0485338 -0.0853372 -0.0789786 4.81388e-05 -0.00781501 -0.0161943 -0.0689186 0.023357 -0.088472 0.0516314 -0.0869545 0.0624211 -0.0620579 -0.0879796 0.0985653 0.0803982 0.0550311 -0.0619922 0.0399161 -0.0822425 -0.0269261 -0.000422039 -0.0840098 0.0696705 0.0978652 0.0700355 -0.0142723 -0.0259248 -0.0813039 -0.0605218 -0.0390032 0.0863479 0.0790737 -0.00607429 -0.0189266 0.0995755 -0.0761622 0.0363493 0.0731175 
-0.0856948 0.0872782 -0.079377 0.0599308 -0.00410099 0.0481592 -0.00561276 0.017462 -0.0455784 0.0781365 -0.00535704 0.0855304 0.0962665 -0.0155187 -0.0887847 0.0555462 -0.0902632 0.0492408 0.0684312 0.0715428 0 -0.0416911 -0.0122837 0.0923096 0.00367564 -0.0988992 0.0317279 0.0655201 -0.0764146 0.0437594 -0.0464468 -0.0592763 -0.0726548 0.00856956 -0.0648361 -0.0534206 -0.00721923 -0.023362 0.0173191 0.0321883 -0.0697512 -0.0853751 -0.0360172 -0.0866438 0.0186125 -0.0319443 -0.0296648 0.0455759 0.0283037 0.00741245 0.0949655 -0.00934075 0.0309042 -0.0743977 -0.0305829 0.0708151 0.023197 -0.093225 -0.0577823 -0.0495712 0.0960302 0.0691162 0.0746982 0.0542408 0.0957463 0.0649054 -0.0702119 -0.0157259 0.0476186 0.046911 -0.0504758 -0.0172147 0.0205535 -0.00657785 -0.0913313 -0.0858626 
0.0449085 -0.0211023 -0.0423586 0.0127036 0.0678056 0.0329369 0.0263355 -0.0785058 -0.0602177 -0.0448075 -0.0317728 0.0830378 -0.0371384 -0.0148122 -0.0575549 0.0256137 -0.0193097 0.0963892 0.0111413 0.0759052 0.0416911 0 -0.0561535 -0.0269221 0.0392515 0.0936144 0.0604158 -0.0511444 -0.00655267 -0.0233733 -0.0653649 -0.0431503 0.0830529 0.0267665 -0.0759031 0.0894226 -0.0566014 0.0846357 -0.0327414 -0.0146246 -0.0603234 0.0285064 -0.0820399 0.0756124 -0.0886287 -0.0460768 0.0901163 -0.0385787 0.0827449 -0.0675614 -0.0187563 0.0666102 -0.0994288 -0.025387 0.0184499 0.0972838 -0.0238125 -0.057886 0.0484778 -0.0321738 0.0730857 -0.0684392 -0.0616232 0.0664848 -0.0275242 -0.0379775 0.052733 -0.0802847 0.0414524 0.0168074 0.0527073 -0.00193193 -0.0374838 0.0180381 0.0780957 -0.0166638 
0.0518091 -0.0589732 -0.0305302 0.0261055 -0.00372493 0.0264191 -0.0306724 0.0606965 -0.000505694 -0.0450891 -0.0344783 0.058255 0.0323573 -0.00404705 -0.0762645 0.0623702 -0.0387018 -0.0228685 -0.0971371 0.0090379 0.0122837 0.0561535 0 0.00878046 0.0701507 -0.0327331 0.0178342 -0.0671125 -0.0308053 0.0534013 0.00862247 0.0743774 0.0082462 -0.0586298 -0.0954529 0.00759511 0.0673922 0.0361264 -0.0470472 -0.0825901 -0.0484935 -0.0525688 -0.0239176 0.0502795 -0.0986451 0.0884506 -0.0377199 -0.0771965 -0.0742413 0.00112976 -0.0916503 0.0321062 0.0925486 -0.0268235 -0.0688339 0.00934693 0.074687 -0.0246836 -0.036908 -0.0551648 -0.0275824 -0.0225832 -0.0149186 -0.0344068 -0.0896774 -0.0865466 0.011086 -0.0321541 -0.0541919 -0.070212 0.0780913 -0.077044 -0.0490221 0.098389 -0.00991071 0.0901802 
0.0749396 0.0561588 -0.00158562 -0.0811524 0.0679193 -0.0761887 -0.0663589 0.0401836 -0.0181158 0.0511173 -0.0111303 -0.0349522 0.059902 -0.00159641 0.0667675 0.0302115 0.0456029 0.0492513 -0.0314287 0.040075 -0.0923096 0.0269221 -0.00878046 0 0.0316431 -0.0316245 -0.0595357 -0.0785264 -0.0632268 -0.068807 -0.0765922 0.0513653 0.0665279 0.00365313 -0.0629611 -0.0239816 0.0609056 0.0598887 -0.0615691 -0.0895398 0.0815927 0.0266924 -0.0669434 -0.0411016 0.0248733 -0.0844911 0.0769754 0.0363452 0.0815726 -0.0786874 -0.0443104 0.0838961 -0.0143954 0.0373664 0.0898553 -0.0295667 0.070719 0.0078346 0.0991609 0.0212291 -0.054183 -0.0017838 0.0173725 0.067087 0.0102229 0.0420649 0.0372374 -0.041831 -0.0226258 -0.0157141 0.0994704 0.0101378 0.049235 0.0306717 0.0796761 -0.0997519 
-0.0799387 0.0569719 -0.0909105 0.0142498 0.0231056 -0.0745 -0.0220408 -0.0859619 -0.0306189 -0.0656975 -0.0236933 -0.0215255 -0.0739791 -0.0392317 -0.0608728 -0.0237494 -0.0740602 0.00385513 -0.0665826 -0.0239407 -0.00367564 -0.0392515 -0.0701507 -0.0316431 0 0.01762 -0.034184 -0.0419431 -0.0266859 0.0121936 -0.0472046 0.0571811 0.053751 0.0137242 -0.092211 -0.0345495 0.0597572 0.0965433 -0.0942101 0.0277776 0.0581487 -0.00779607 -0.0129264 -0.0902068 -0.0278542 0.0099761 -0.0561433 0.0185991 -0.0196426 -0.0687851 -0.0937812 -0.0742259 -0.000652043 -0.0119078 0.0101659 0.0521825 0.0691529 -0.0821628 0.0702165 0.0452173 0.0509306 -0.0762873 -0.0626584 -0.0390906 -0.0695762 -0.0111575 -0.0934706 0.0371024 0.0534395 -0.0400423 -0.0685496 0.00775789 0.0815811 0.0211008 0.0086209 0.000858914 
-0.0780852 0.0328767 0.00495012 -0.0683143 0.0241002 0.033904 0.0965007 0.0399859 0.0193742 -0.00728142 0.0356507 0.0642234 0.059985 -0.0659481 -0.0610565 -0.044685 -0.0901042 0.00304326 0.0779381 -0.0697486 0.0988992 -0.0936144 0.0327331 0.0316245 -0.01762 0 0.00683633 -0.0583554 -0.00936356 -0.0282357 -0.0291555 -0.040708 0.00527558 -0.0193107 0.0846359 0.0247021 -0.0706863 -0.0323188 0.0186046 0.05747 0.0656654 -0.0286929 -0.0667826 -0.0667299 -0.055058 -0.0459974 -0.0728784 -0.0906584 0.0966506 0.00331054 0.0629941 -0.00520002 -0.0488665 0.0940587 -0.0174981 0.0899799 0.0334641 -0.0731723 0.0326898 -0.0744404 -0.0708144 -0.0349811 -0.0523631 0.0563816 -0.0825152 -0.00197533 0.0697526 0.0303922 -0.00936328 0.0264812 -0.0335147 -0.0334549 -0.0149945 -0.0820627 -0.00478891 -0.0710897 
0.078067 -0.0549735 -0.0742716 -0.0411684 -0.0125708 -0.0198756 -0.0490798 0.0442647 -0.0119484 0.0712743 0.0983595 -0.0714542 -0.0546026 -0.0753414 0.0291911 -0.053037 -0.0613683 0.0346472 -0.0144746 -0.0510868 -0.0317279 -0.0604158 -0.0178342 0.0595357 0.034184 -0.00683633 0 -0.0691916 0.0492371 -0.0268816 -0.0422315 -0.0455683 0.0186957 -0.0133452 -0.0134439 0.0270323 -0.090201 0.0742649 -0.0776687 -0.0182435 -0.0560525 -0.0322071 0.0693434 0.0993876 -0.0119589 0.0472847 0.00660679 0.0643715 -0.0163547 0.0585649 -8.80188e-05 0.0792275 0.0366088 0.0166031 -0.0410494 -0.0761328 -0.0111299 0.0686656 -0.0187452 -0.0256253 -0.0467436 -0.0387666 -0.056979 0.0462019 -0.084929 -0.0931282 -0.0643613 0.0291249 -0.0322403 0.0143787 0.0450319 -0.0235363 0.0317893 0.00299753 0.0690927 0.00497815 
0.0765792 -0.0144201 -0.0441644 0.0849072 0.0983108 0.0134216 -0.0406486 -0.0893923 0.062315 -0.0430495 0.011386 0.0838712 -0.0445423 -0.0528942 -0.0530732 -0.0506131 0.0543984 0.00559184 0.0306856 -0.0579948 -0.0655201 0.0511444 0.0671125 0.0785264 0.0419431 0.0583554 0.0691916 0 0.0789549 0.00875065 0.00563166 -0.0990034 0.0974645 0.0454737 -0.0707987 -0.0643386 -0.0143493 0.0992915 0.0378902 0.0706502 0.0237322 0.0413951 -0.088959 -0.026409 0.097671 -0.0976778 0.0415416 0.0219974 0.0290113 0.0774515 -0.0680907 -0.0492032 -0.0384644 0.00526997 -0.0900891 0.0997214 0.045778 -0.0393428 0.0887556 0.0403668 0.0228508 -0.0129953 0.0244225 -0.0365537 -0.00263752 -0.00327683 -0.00814227 -0.0616081 -0.0200555 0.0540207 0.0512758 0.00643996 -0.0281324 -0.0457105 0.0537169 0.00371027 
-0.0751055 -0.0517237 -0.0164353 -0.0569111 0.0974624 -0.0555667 0.0476744 -0.0633219 0.0036399 0.0853859 -0.0755868 0.03942 0.00260394 -0.0471649 -0.0144698 -0.0941594 0.0966586 0.0575468 0.0682935 0.0826684 0.0764146 0.00655267 0.0308053 0.0632268 0.0266859 0.00936356 -0.0492371 -0.0789549 0 -0.0963998 0.0648402 0.0220056 -0.0982835 -0.0726174 0.0998844 0.00237219 -0.0820263 -0.00922958 0.0789822 -0.0460725 0.0337086 0.0641737 -0.0602881 -0.025316 0.0826082 0.0390607 -0.00378217 -0.00753135 -0.0167522 0.0139188 -0.0697737 -0.0710978 -0.0587701 -0.05655 0.0129177 0.0399412 0.0242562 -0.00444062 0.00205716 -0.0254536 0.0650962 -0.0333977 0.0643794 -0.0536553 0.0522 -0.0271819 0.0843811 -0.0508715 0.00143725 -0.044527 0.028521 0.0727172 -0.0668212 -0.0192552 0.0738818 0.0874506 
0.0715356 0.0155824 -0.0089235 -0.00523591 0.0366041 0.0281909 0.0278625 0.0555224 0.0619982 -0.0519975 0.0327488 -0.0128726 0.016126 0.0613889 0.0851909 -0.00845203 -0.0625598 -0.0451185 0.0989891 0.0638927 -0.0437594 0.0233733 -0.0534013 0.068807 -0.0121936 0.0282357 0.0268816 -0.00875065 0.0963998 0 0.0699181 0.0869864 0.0341541 0.0323749 -0.0866219 -0.0323425 0.0308729 -0.0142299 0.00165871 0.0602808 -0.0291641 0.0765739 0.0142387 0.0973789 0.0672498 0.0040109 0.00363234 -0.0896015 -0.0891033 -0.0724353 0.0302714 -0.0285705 0.0846893 -0.0101532 -0.0838111 0.0932034 0.0923048 0.0541924 0.0251343 -0.0848244 -0.0701825 -0.0665394 0.083222 -0.0815735 0.0102443 -0.0222357 -0.0637111 0.0958723 -0.0732901 0.0562936 0.0135002 -0.017965 0.0459919 -0.02841 -0.0886034 -0.0483529 
-0.00662023 0.0816301 -0.0859711 0.058553 -0.0243525 -0.0889413 -0.0705938 -0.0423191 0.0144004 -0.0163262 -0.0670868 -0.0206581 0.0140465 0.0445012 -0.0250404 -0.0898733 -0.00995509 -0.0227915 -0.0184371 0.0383375 0.0464468 0.0653649 -0.00862247 0.0765922 0.0472046 0.0291555 0.0422315 -0.00563166 -0.0648402 -0.0699181 0 0.0824341 0.0261508 0.0306292 0.0550877 -0.0674385 0.022187 -0.0603421 -0.0885769 0.0658031 -0.048553 -0.0521178 0.0528417 -0.0425993 -0.0455542 0.026192 -0.0263757 0.0352356 -0.0473622 0.0833862 -0.0539635 -0.0390219 -0.0848212 0.0865601 -0.00396944 0.0189765 -0.039967 0.029058 -0.0216103 -0.0366051 0.0239495 -0.0389756 -0.0575255 -0.0677826 0.0211709 -0.0723203 0.0727299 0.0986386 -0.0230136 0.0424084 -0.0778259 0.0127608 -0.0862166 0.0471106 -0.0803941 0.0525814 
0.0181872 -0.0679143 0.0343534 0.00139069 0.059488 -0.0931732 0.0706076 -0.0149347 0.0245467 -0.0160527 -0.0113122 -0.0470461 -0.0805388 0.0699945 0.0432375 0.0759743 -0.0429258 -0.0292793 0.0337071 0.0872612 0.0592763 0.0431503 -0.0743774 -0.0513653 -0.0571811 0.040708 0.0455683 0.0990034 -0.0220056 -0.0869864 -0.0824341 0 -0.0886031 0.0943062 -0.0296449 0.0983408 -0.0666445 0.0774026 0.0457791 0.00310552 -0.0649664 -0.0401566 0.000668372 0.0137982 -0.0775661 -0.00280689 0.0124143 0.0365657 0.0931491 -0.0184465 -0.0620623 -0.0611705 0.0129713 -0.078935 0.0552958 -0.0664611 -0.00777755 -0.0473448 0.0772849 0.0529261 -0.0354645 -0.0157849 -0.0156223 0.0990497 -0.0206035 4.96698e-05 0.038944 -0.0297653 -0.0437288 0.0276383 -0.0751189 -0.0566836 -0.0073205 0.0164416 -0.0618698 0.0366396 
0.0672284 -0.0793193 0.0858576 0.0656145 0.0776777 0.0374516 0.0625495 0.0732211 -0.0560353 -0.0956662 0.0450734 0.0805391 0.0194505 0.0994171 0.0513811 -0.0331304 0.00629772 -0.00538211 0.00733753 0.0564363 0.0726548 -0.0830529 -0.0082462 -0.0665279 -0.053751 -0.00527558 -0.0186957 -0.0974645 0.0982835 -0.0341541 -0.0261508 0.0886031 0 -0.0584664 0.0236783 0.046401 -0.04381 -0.0485178 0.0838845 0.0832746 -0.0283265 0.0717677 0.0184347 -0.0401068 0.0488126 0.0333849 -0.0219892 0.0913364 -0.0432642 0.0411487 0.00551621 0.00815515 0.0816794 -0.0892065 -0.0724475 -0.048715 -0.0228252 -0.00297613 -0.0181639 0.0024395 0.0811608 -0.0157651 -0.0545258 0.00742709 0.0351171 -0.0491492 0.0713728 0.0770567 -0.0408093 0.0892701 -0.0568925 -0.0242894 -0.0378703 -0.0136648 -0.0592351 0.00120562 
0.0670278 0.0219616 0.0155951 0.080961 -0.00590759 -0.0788509 0.0702647 -0.0963625 0.0162472 -0.0983049 -0.036677 -0.060584 -0.0903129 -0.0383054 -0.0125176 0.0573472 -0.0356848 0.096847 0.0188958 -0.000262823 -0.00856956 -0.0267665 0.0586298 -0.00365313 -0.0137242 0.0193107 0.0133452 -0.0454737 0.0726174 -0.0323749 -0.0306292 -0.0943062 0.0584664 0 0.0967793 0.0356441 0.0697807 -0.0189691 -0.0837678 0.0469495 0.0620926 -0.0455069 0.0602356 -0.060695 0.0830983 0.0781897 0.0332126 -0.00962382 0.0245614 0.0947761 -0.0497088 -0.063346 -0.07608 0.0215849 -0.070706 -0.0719943 -0.0806518 -0.00963823 -0.0670517 0.0435227 0.0629496 0.0414105 -0.0522434 0.0521556 -0.0784442 -0.076537 0.00558183 0.0938435 0.0829496 0.0274361 0.0146425 0.088453 0.0747362 -0.011533 0.0824249 -0.0829844 
0.00685696 0.0741189 0.0745159 -0.0916506 -0.0267472 0.0786601 -0.0347406 -0.0567513 0.0158287 -0.0204769 -0.018626 0.0520834 -0.051795 0.0057347 -0.0190758 0.0716458 -0.0928425 0.0759949 0.0852806 -0.0261827 0.0648361 0.0759031 0.0954529 0.0629611 0.092211 -0.0846359 0.0134439 0.0707987 -0.0998844 0.0866219 -0.0550877 0.0296449 -0.0236783 -0.0967793 0 0.0268642 0.00133083 -0.0446657 -0.0340819 0.0341524 0.0552328 -0.00875339 0.0887268 -0.00964433 0.0751921 -0.0942443 -0.085254 -0.0424303 0.08586 -0.0265801 0.065024 0.042622 0.0924934 0.065882 0.0752577 -0.0796178 -0.0186339 -0.0198811 0.0369307 0.0478761 -0.0828344 0.00193214 -0.0476094 -0.0809497 0.046613 -0.0688245 -0.00667422 0.0798668 -0.0403875 -0.0965635 -0.0410088 0.0506031 -0.0291323 0.0990564 0.0625326 0.0563582 
-0.0559759 0.00187703 0.023055 0.0139168 0.0715652 -0.060116 0.034243 -0.0438743 -0.0764733 0.0873893 0.0356018 0.0681087 -0.0955523 0.0965368 -0.0664998 0.0960985 0.0738757 -0.0461521 0.0548235 -0.0610798 0.0534206 -0.0894226 -0.00759511 0.0239816 0.0345495 -0.0247021 -0.0270323 0.0643386 -0.00237219 0.0323425 0.0674385 -0.0983408 -0.046401 -0.0356441 -0.0268642 0 0.0966453 -0.0128265 0.0798176 -0.00198807 0.00740348 -0.025474 0.013226 -0.0990935 -0.0330937 -0.0576357 0.0701387 0.0247726 -0.0468172 -0.0863515 0.0664912 -0.0363245 0.0153542 0.00969036 -0.0591782 0.0133989 -0.0410689 -0.0664996 0.0258947 0.099978 0.00797062 -0.00321777 -0.000642943 0.0817213 0.0406601 -0.050107 0.0973976 0.0939169 0.0469788 0.0825976 -0.0448889 -0.0459085 0.0245335 -0.0258428 0.00416076 0.0687023 
-0.0761698 -0.0475399 -0.0194891 0.0268779 0.0638199 0.0860474 -0.0640841 0.0296708 0.0769945 0.0543318 -0.0161163 -0.0418545 0.0300433 -0.0969776 0.0802968 -0.0906044 -0.0557711 -0.0956043 -0.000470439 -0.0127628 0.00721923 0.0566014 -0.0673922 -0.0609056 -0.0597572 0.0706863 0.090201 0.0143493 0.0820263 -0.0308729 -0.022187 0.0666445 0.04381 -0.0697807 -0.00133083 -0.0966453 0 0.0803517 -0.0453762 0.0392635 -0.0624608 0.0555911 0.0982126 0.0154078 0.0921927 -0.00829706 0.0188979 0.0877833 -0.0775472 0.00649132 -0.0241938 -0.0514577 -0.0796034 0.0860128 -0.0673642 0.0885406 -0.0613247 -0.0557289 -0.0230991 0.0461902 0.0832051 -0.00274451 -0.0705483 -0.0862835 0.0343508 -0.00207102 -0.06079 0.0690392 0.0693501 -0.0384439 -0.051448 0.0561062 0.0503662 0.0225125 -0.0824221 -0.0252235 
-0.0376963 0.081047 0.0265365 0.00200086 0.000888947 0.0305749 -0.0779256 -0.0415824 0.00108776 -0.0303216 0.0040683 0.0537519 -0.0513639 -0.0838531 -0.0217251 0.0830533 -0.0717336 0.00718631 -0.0353998 -0.0485338 0.023362 -0.0846357 -0.0361264 -0.0598887 -0.0965433 0.0323188 -0.0742649 -0.0992915 0.00922958 0.0142299 0.0603421 -0.0774026 0.0485178 0.0189691 0.0446657 0.0128265 -0.0803517 0 0.0836084 0.0560199 -0.0610461 0.0298725 0.0937136 -0.0683552 -0.0989324 -0.0395409 0.035235 -0.0224571 -0.0537885 -0.00753689 -0.0360539 -0.0939206 0.0549145 -0.0557214 0.0335077 -0.0915831 0.044009 -0.0257893 -0.0384322 0.0550355 -0.0314463 0.0715603 0.00405597 0.0815114 0.0321287 0.00766197 0.099634 0.048531 0.0312872 -0.0331874 0.0559012 -0.0972376 0.0280953 0.0110069 0.0812945 -0.0328783 
-0.0463513 0.0799496 0.0586609 -0.0572517 0.0164899 0.0692961 0.0108972 0.0484266 0.065243 0.0439655 -0.0910376 0.0632349 0.00481849 -0.0362473 0.0145429 0.0426735 -0.0749427 0.0306083 -0.00347947 0.0853372 -0.0173191 0.0327414 0.0470472 0.0615691 0.0942101 -0.0186046 0.0776687 -0.0378902 -0.0789822 -0.00165871 0.0885769 -0.0457791 -0.0838845 0.0837678 0.0340819 -0.0798176 0.0453762 -0.0836084 0 -0.0966611 0.032997 0.0198085 -0.0103672 0.0853381 -0.0755184 0.0806721 0.0572139 -0.0549962 -0.0207501 0.0834182 0.00741293 -0.0130538 -0.053457 0.0824873 -0.00768248 0.0762898 0.0648991 -0.0914253 0.014618 -0.0343338 0.0127705 0.0111278 -0.0865852 -0.0555924 -0.0469455 0.0744374 -0.0873975 0.0585069 -0.064694 0.0967821 -0.0586565 -0.0392055 -0.0995826 -0.0736492 -0.0483117 0.0957902 
0.0719376 0.0126709 -0.076472 0.0147946 0.00518858 0.0547308 -0.0076971 0.069629 -0.0775195 0.0294489 -0.0726335 -0.0229628 0.0980913 -0.0214634 -0.0265062 0.0840044 -0.0788019 -0.0194147 -0.00454227 0.0789786 -0.0321883 0.0146246 0.0825901 0.0895398 -0.0277776 -0.05747 0.0182435 -0.0706502 0.0460725 -0.0602808 -0.0658031 -0.00310552 -0.0832746 -0.0469495 -0.0341524 0.00198807 -0.0392635 -0.0560199 0.0966611 0 0.0065716 0.0273278 0.0584565 0.0918813 -0.0032309 -0.0893421 -0.0714142 -0.0889183 0.0823656 -0.0903882 0.0450788 0.0116594 0.0244532 0.0695247 -0.0529296 0.0139924 -0.0308066 0.00788356 0.0934129 0.0396649 0.0351264 -0.0859174 0.096622 0.0109887 -0.0210549 -0.0387648 0.032661 0.015782 0.0550478 0.0655176 0.0509943 -0.0112609 -0.0544783 -0.0495238 -0.000199449 0.0793312 
-0.0168036 -0.0793864 -0.0260517 -0.0950709 -0.0123562 -0.0921098 -0.0665635 -0.0760993 0.0860745 -0.0896334 0.0698191 0.0518846 0.0793263 0.0356852 0.0922891 -0.0419872 0.0703425 0.000578368 0.0227645 -4.81388e-05 0.0697512 0.0603234 0.0484935 -0.0815927 -0.0581487 -0.0656654 0.0560525 -0.0237322 -0.0337086 0.0291641 0.048553 0.0649664 0.0283265 -0.0620926 -0.0552328 -0.00740348 0.0624608 0.0610461 -0.032997 -0.0065716 0 -0.0785006 0.0571711 -0.0293121 -0.000506735 -0.0904354 -0.0652419 -0.0289078 0.0328695 0.0859641 0.0917998 0.0148177 -0.0668147 0.0079445 0.0550984 -0.0363077 0.000830535 0.00336196 -0.0179767 -0.0710521 -0.0879046 -0.0669195 -0.0928199 -0.0575406 -0.0198957 -0.00719217 0.0727823 -0.0938684 0.0714702 0.0798918 0.0690328 0.0890647 0.021224 -0.0290168 0.0629196 -0.0593621 
-0.000618548 -0.0623995 0.0802445 -0.0626956 0.0819539 0.0723654 0.073205 0.00985433 0.0124606 0.0603278 -0.0840189 0.00898521 -0.0661344 0.00316462 0.0780055 0.0331744 0.0364976 -0.0901915 0.0414477 0.00781501 0.0853751 -0.0285064 0.0525688 -0.0266924 0.00779607 0.0286929 0.0322071 -0.0413951 -0.0641737 -0.0765739 0.0521178 0.0401566 -0.0717677 0.0455069 0.00875339 0.025474 -0.0555911 -0.0298725 -0.0198085 -0.0273278 0.0785006 0 -0.0306155 -0.00747161 0.04949 0.0656587 -0.0200092 0.0777148 0.0451212 0.0620204 0.0250395 0.0687642 0.00804895 -0.00108813 -0.0986341 -0.0323119 0.00277618 0.0519161 -0.0333612 0.0849862 -0.0230725 -0.0977903 0.0336669 -0.0973263 -0.00382098 0.0868266 -0.0671863 -0.0592553 0.0530742 -0.0483501 -0.0645932 -0.0780906 -0.0305015 0.0470402 -0.0668003 -0.0265604 
0.00138427 0.0412103 -0.00584074 0.00226748 0.0767593 -0.0509146 0.0298715 0.0384938 -0.0598352 0.0210362 0.071461 -0.0830818 -0.060331 0.0152448 -0.00707752 -0.0989838 -0.0737686 0.0368071 -0.00411604 0.0161943 0.0360172 0.0820399 0.0239176 0.0669434 0.0129264 0.0667826 -0.0693434 0.088959 0.0602881 -0.0142387 -0.0528417 -0.000668372 -0.0184347 -0.0602356 -0.0887268 -0.013226 -0.0982126 -0.0937136 0.0103672 -0.0584565 -0.0571711 0.0306155 0 -0.0613329 0.0316084 -0.0125571 0.0207808 -0.051691 0.0787007 -0.0505772 0.0306398 0.0308046 0.0383059 -0.0817995 0.0866005 -0.0585253 0.0908178 0.0258971 0.0687173 -0.0600053 0.0792948 0.016721 -0.000999643 -0.0640295 0.0386545 0.0610734 0.0520896 0.0755403 0.0819812 -0.0412498 0.0747748 0.0485894 0.0057285 0.0555294 -0.0113432 -0.0821119 
-0.0316446 -0.0336555 0.0649392 -0.000225533 0.0395991 0.034155 -0.025013 0.0774785 0.0992997 0.00594797 -0.0190917 0.0238778 -0.043398 0.0611062 0.0600149 0.0822516 0.0346137 -0.0715284 -0.0850914 0.0689186 0.0866438 -0.0756124 -0.0502795 0.0411016 0.0902068 0.0667299 -0.0993876 0.026409 0.025316 -0.0973789 0.0425993 -0.0137982 0.0401068 0.060695 0.00964433 0.0990935 -0.0154078 0.0683552 -0.0853381 -0.0918813 0.0293121 0.00747161 0.0613329 0 0.0340145 0.0860318 -0.0960441 -0.00210213 -0.0151099 0.0842011 0.0622624 0.0994603 0.0583659 0.0803425 0.0259535 -0.00223248 -0.0458583 0.0938852 -0.0679078 -0.00571079 0.0702289 -0.0919808 -0.0278199 0.0186115 -0.0604859 -0.0387333 -0.0286459 -0.0969699 -0.06875 -0.0482874 -0.0644239 0.00959784 -0.062959 -0.0235713 0.0937628 -0.000926571 
0.00549871 -0.0560384 -0.049789 0.0554235 0.0977546 -0.0757747 0.0652825 -0.055414 0.0992268 0.0734523 0.0276531 -0.054743 0.0345467 -0.0594779 -0.0457729 0.0420957 0.00333952 -0.0346371 -0.0207707 -0.023357 -0.0186125 0.0886287 0.0986451 -0.0248733 0.0278542 0.055058 0.0119589 -0.097671 -0.0826082 -0.0672498 0.0455542 0.0775661 -0.0488126 -0.0830983 -0.0751921 0.0330937 -0.0921927 0.0989324 0.0755184 0.0032309 0.000506735 -0.04949 -0.0316084 -0.0340145 0 0.0490552 -0.0241165 0.0522579 -0.051722 0.0369032 -0.0605122 0.0765695 0.0781865 0.0938747 -0.0333737 -0.0764745 0.0449031 0.0771632 -8.98992e-05 -0.054289 0.0359779 0.0404265 0.00330224 -0.0285769 0.0326238 -0.0676786 -0.0289382 0.0957693 -0.0887552 0.000914416 0.0675347 -0.0428856 -0.0149822 0.00889336 0.0231985 0.0106784 
0.0820179 -0.0208988 -0.0914428 0.0580126 -0.0808109 0.0425792 0.0213345 0.045137 0.0711461 -0.0848617 0.091112 0.0445374 0.0879119 0.0602177 0.0277714 0.0705428 -0.00863082 0.0107728 0.0347303 0.088472 0.0319443 0.0460768 -0.0884506 0.0844911 -0.0099761 0.0459974 -0.0472847 0.0976778 -0.0390607 -0.0040109 -0.026192 0.00280689 -0.0333849 -0.0781897 0.0942443 0.0576357 0.00829706 0.0395409 -0.0806721 0.0893421 0.0904354 -0.0656587 0.0125571 -0.0860318 -0.0490552 0 0.0591791 0.00482805 0.069399 0.0338118 0.0159878 0.0758997 -0.0248904 -0.0127048 -0.0752944 0.0810075 -0.0915294 0.000790167 0.0557081 -0.0938897 -0.0562357 0.0656192 -0.0567994 0.020224 -0.0393175 0.0143437 0.0291804 0.083546 0.098209 0.02967 -0.0696939 0.0025688 0.0548873 0.0303133 -0.0751305 -0.0203014 
-0.0695647 0.0686649 -0.0947038 0.0421368 -0.0859457 0.0181988 -0.045394 -0.0854022 0.0750699 0.0240454 0.0816832 0.0769525 -0.0385993 0.0812414 0.0791141 -0.0951086 0.0542155 0.0780289 -0.0504934 -0.0516314 0.0296648 -0.0901163 0.0377199 -0.0769754 0.0561433 0.0728784 -0.00660679 -0.0415416 0.00378217 -0.00363234 0.0263757 -0.0124143 0.0219892 -0.0332126 0.085254 -0.0701387 -0.0188979 -0.035235 -0.0572139 0.0714142 0.0652419 0.0200092 -0.0207808 0.0960441 0.0241165 -0.0591791 0 -0.0807136 -0.0212986 -0.0707768 -0.00442303 0.042469 -0.0647671 0.0951761 0.0394996 -0.0496753 -0.0994602 0.085004 0.0246642 -0.0431565 0.0464068 0.0058611 0.0010725 0.0504219 -0.0712611 0.00137118 -0.0557186 0.0399542 -0.00684199 -0.0796635 0.0712638 0.057876 -0.00315626 0.0270806 -0.0637041 -0.0140608 
0.0117475 0.0897489 -0.067949 0.0881909 0.0199063 -0.0805904 0.0454917 0.0702571 -0.0124258 0.026489 -0.0975202 0.0727134 -0.0657629 0.0886997 0.0104724 -0.00206263 0.0818552 0.0259584 0.0618574 0.0869545 -0.0455759 0.0385787 0.0771965 -0.0363452 -0.0185991 0.0906584 -0.0643715 -0.0219974 0.00753135 0.0896015 -0.0352356 -0.0365657 -0.0913364 0.00962382 0.0424303 -0.0247726 -0.0877833 0.0224571 0.0549962 0.0889183 0.0289078 -0.0777148 0.051691 0.00210213 -0.0522579 -0.00482805 0.0807136 0 0.0341583 -0.0532395 0.0992833 0.0647042 -0.0713837 -0.0480407 -0.085126 -0.0470387 -0.0957513 0.0374022 0.0719053 -0.0424574 0.0221138 0.0467528 -0.0739833 0.0864309 -0.0399991 -0.0599887 -0.00212085 -0.0984927 0.092968 0.0719986 0.0135775 -0.0782548 -0.0104393 -0.0684783 0.0961225 0.0683874 
0.0649404 0.0200511 -0.0658416 -0.0744234 0.00143693 -0.0498856 -0.00547955 -0.0271801 0.0115895 -0.0189763 0.0027992 -0.0183325 0.0471213 -0.0657738 -0.0925522 -0.0997616 -0.0311279 0.0254147 0.0710759 -0.0624211 -0.0283037 -0.0827449 0.0742413 -0.0815726 0.0196426 -0.0966506 0.0163547 -0.0290113 0.0167522 0.0891033 0.0473622 -0.0931491 0.0432642 -0.0245614 -0.08586 0.0468172 0.0775472 0.0537885 0.0207501 -0.0823656 -0.0328695 -0.0451212 -0.0787007 0.0151099 0.051722 -0.069399 0.0212986 -0.0341583 0 0.0253359 -0.00427816 -0.0856451 -0.028107 0.0615338 -0.0847258 -0.0133619 0.0298953 0.0462116 -0.0737885 0.0138271 0.0895574 -0.0699494 -0.065856 0.0457424 0.0591565 0.0464624 0.0536368 -0.0961503 -0.0037196 0.0592809 -0.0617678 -0.00330417 0.0273572 -0.0586142 -0.0657208 0.0300337 
-0.099345 0.0748228 0.0162171 -0.00319896 -0.0882296 -0.0495196 -0.0779983 0.0335353 -0.0991494 -0.0159905 0.0481611 -0.0320539 -0.0391706 0.0203595 -0.0366689 0.0843085 0.0371977 -0.0476725 -0.0179032 0.0620579 -0.00741245 0.0675614 -0.00112976 0.0786874 0.0687851 -0.00331054 -0.0585649 -0.0774515 -0.0139188 0.0724353 -0.0833862 0.0184465 -0.0411487 -0.0947761 0.0265801 0.0863515 -0.00649132 0.00753689 -0.0834182 0.0903882 -0.0859641 -0.0620204 0.0505772 -0.0842011 -0.0369032 -0.0338118 0.0707768 0.0532395 -0.0253359 0 -0.0392794 0.079987 0.0401382 -0.0346132 0.0303731 0.0789382 0.0256722 0.0959543 0.0749393 0.0422313 0.0675114 2.33956e-06 -0.0832143 0.060843 0.0369442 -0.062748 0.0901662 -0.0467098 0.00330716 -0.0376938 0.0644923 -0.0152165 -0.0942433 -0.0910282 0.0380899 0.000711478 
0.0263552 0.00367623 -0.0932253 -0.0140836 0.0735635 0.0589646 0.081374 0.0607415 -0.0835327 0.0961834 -0.00607206 -0.0666822 0.0222896 -0.0738417 0.0346282 -0.0106558 0.0459955 0.034674 -0.0950117 0.0879796 -0.0949655 0.0187563 0.0916503 0.0443104 0.0937812 -0.0629941 8.80188e-05 0.0680907 0.0697737 -0.0302714 0.0539635 0.0620623 -0.00551621 0.0497088 -0.065024 -0.0664912 0.0241938 0.0360539 -0.00741293 -0.0450788 -0.0917998 -0.0250395 -0.0306398 -0.0622624 0.0605122 -0.0159878 0.00442303 -0.0992833 0.00427816 0.0392794 0 -0.0483497 0.00646904 -0.0218946 -0.089645 -0.099081 0.0520627 0.0674551 -0.0725167 0.0511866 -0.0628391 0.0267704 0.060451 0.0223759 0.0745031 -0.0807511 0.0594435 0.090162 -0.0441221 0.0680458 0.0463461 -0.0962915 -0.060449 -0.0154239 -0.0177258 -0.00417986 
-0.0985738 0.0288126 -0.0690117 -0.0741708 0.00141553 -0.048211 0.044501 0.0168499 -0.0527579 0.0354865 -0.0052271 -0.0662759 -0.0840399 -0.0235735 0.024111 0.0208408 -0.0991066 -0.0682372 -0.00727453 -0.0985653 0.00934075 -0.0666102 -0.0321062 -0.0838961 0.0742259 0.00520002 -0.0792275 0.0492032 0.0710978 0.0285705 0.0390219 0.0611705 -0.00815515 0.063346 -0.042622 0.0363245 0.0514577 0.0939206 0.0130538 -0.0116594 -0.0148177 -0.0687642 -0.0308046 -0.0994603 -0.0765695 -0.0758997 -0.042469 -0.0647042 0.0856451 -0.079987 0.0483497 0 -0.0867554 0.0554948 0.074598 0.0506507 -0.0422088 0.0190673 -0.0303124 0.0374691 -0.0329948 -0.0915727 -0.0928508 0.0683561 -0.0965987 -0.0181535 0.00859612 0.0823117 0.0318702 0.0920319 -0.00825421 0.0134394 -0.0288293 -0.078875 -0.0776449 0.0531572 
-0.0351071 -0.03143 -0.0761501 0.0908958 0.0632251 -0.0970558 0.0828105 -0.0856526 0.0238468 -0.0889569 0.0525223 -0.0651706 0.0798612 -0.0937248 0.0338372 -0.0554563 -0.0641777 0.0807826 0.0146712 -0.0803982 -0.0309042 0.0994288 -0.0925486 0.0143954 0.000652043 0.0488665 -0.0366088 0.0384644 0.0587701 -0.0846893 0.0848212 -0.0129713 -0.0816794 0.07608 -0.0924934 -0.0153542 0.0796034 -0.0549145 0.053457 -0.0244532 0.0668147 -0.00804895 -0.0383059 -0.0583659 -0.0781865 0.0248904 0.0647671 0.0713837 0.028107 -0.0401382 -0.00646904 0.0867554 0 -0.0442449 0.023721 0.0951406 -0.0514205 -0.0365661 -0.0274632 -0.0689833 -0.0675145 -0.0574574 0.0460391 0.0165667 0.0422453 -0.0543081 0.0356581 -0.0581237 0.0990385 -0.00697538 -0.0606775 -0.0882999 0.0728903 -0.0824097 -0.0790491 0.0745154 
-0.0469667 0.0578969 0.0427072 -0.032026 -0.0855901 -0.0636287 0.0974008 -0.0936534 -0.0557259 0.0314223 -0.0500666 0.097741 -0.0152021 -0.0703901 -0.0927253 -0.0659488 0.0704828 -0.0426734 -0.0364287 -0.0550311 0.0743977 0.025387 0.0268235 -0.0373664 0.0119078 -0.0940587 -0.0166031 -0.00526997 0.05655 0.0101532 -0.0865601 0.078935 0.0892065 -0.0215849 -0.065882 -0.00969036 -0.0860128 0.0557214 -0.0824873 -0.0695247 -0.0079445 0.00108813 0.0817995 -0.0803425 -0.0938747 0.0127048 -0.0951761 0.0480407 -0.0615338 0.0346132 0.0218946 -0.0554948 0.0442449 0 0.0911252 0.0359274 0.0625933 -0.0226645 -0.0841771 0.046645 -0.0635469 -0.02854 -0.0732847 -0.0324695 0.0437746 -0.0640966 0.0699891 -0.0286844 -0.0411657 -0.0773969 0.062517 -0.0292071 -0.00602858 -0.019506 -0.0827009 -0.0955215 
-0.0371686 -0.0480923 0.0199709 -0.0296681 -0.00241783 -0.00587923 0.0360346 -0.0118406 -0.0167313 0.0509969 0.0993489 -0.09796 0.0845043 0.00464872 0.0558696 0.058082 -0.0704603 0.0688749 -0.0490636 0.0619922 0.0305829 -0.0184499 0.0688339 -0.0898553 -0.0101659 0.0174981 0.0410494 0.0900891 -0.0129177 0.0838111 0.00396944 -0.0552958 0.0724475 0.070706 -0.0752577 0.0591782 0.0673642 -0.0335077 0.00768248 0.0529296 -0.0550984 0.0986341 -0.0866005 -0.0259535 0.0333737 0.0752944 -0.0394996 0.085126 0.0847258 -0.0303731 0.089645 -0.074598 -0.023721 -0.0911252 0 0.0638405 -0.023967 0.00669172 -0.0762971 -0.0501117 -0.0675812 0.0174086 -0.0370171 -0.0977718 0.0674395 -0.0481101 0.0415821 -0.0701842 0.00801157 -0.0578517 0.0837897 0.0147633 0.0378642 -0.0947864 0.0278325 0.0583626 
-0.043439 0.0631623 -0.0984312 0.0178119 0.0809862 0.0623068 -0.0325426 -0.0854306 0.00904374 -0.0709481 0.00373136 -0.0752305 -0.092265 -0.0149305 -0.0139021 -0.0100292 0.0787632 -0.0340719 0.0949599 -0.0399161 -0.0708151 -0.0972838 -0.00934693 0.0295667 -0.0521825 -0.0899799 0.0761328 -0.0997214 -0.0399412 -0.0932034 -0.0189765 0.0664611 0.048715 0.0719943 0.0796178 -0.0133989 -0.0885406 0.0915831 -0.0762898 -0.0139924 0.0363077 0.0323119 0.0585253 0.00223248 0.0764745 -0.0810075 0.0496753 0.0470387 0.0133619 -0.0789382 0.099081 -0.0506507 -0.0951406 -0.0359274 -0.0638405 0 0.0211854 -0.0845986 0.0516048 0.0612848 0.041749 0.0428776 -0.0338132 -0.0367035 -0.0523671 0.0790063 -0.0356526 0.0410756 0.0820351 0.0625566 0.00197433 0.000293463 0.0990286 0.0424507 0.0462488 -0.0709608 
0.0827345 -0.00715074 0.07569 0.0973889 -0.0387115 0.0996522 -0.0112823 -0.0129227 -0.0632487 0.0822113 0.0318699 0.023334 -0.0307919 -0.0259264 0.0687054 0.0874397 0.0728753 -0.09384 -0.0301282 0.0822425 -0.023197 0.0238125 -0.074687 -0.070719 -0.0691529 -0.0334641 0.0111299 -0.045778 -0.0242562 -0.0923048 0.039967 0.00777755 0.0228252 0.0806518 0.0186339 0.0410689 0.0613247 -0.044009 -0.0648991 0.0308066 -0.000830535 -0.00277618 -0.0908178 0.0458583 -0.0449031 0.0915294 0.0994602 0.0957513 -0.0298953 -0.0256722 -0.0520627 0.0422088 0.0514205 -0.0625933 0.023967 -0.0211854 0 0.0443309 0.0167614 -0.0899356 -0.00871249 -0.0390308 -0.0360894 0.0580035 0.0371738 -0.0363075 -0.0933741 0.063464 0.0613362 0.0409347 0.0891023 -0.0391686 0.0673356 0.0437042 0.040559 -0.0958284 
-0.0747338 0.0363046 0.0665736 -0.0565723 0.0433765 0.0865801 0.0879488 0.00439017 -0.0319993 -0.0384678 -0.0293747 0.0119742 0.0792702 0.0565707 0.0620865 -0.0164799 0.0171216 -0.0178502 -0.0997332 0.0269261 0.093225 0.057886 0.0246836 -0.0078346 0.0821628 0.0731723 -0.0686656 0.0393428 0.00444062 -0.0541924 -0.029058 0.0473448 0.00297613 0.00963823 0.0198811 0.0664996 0.0557289 0.0257893 0.0914253 -0.00788356 -0.00336196 -0.0519161 -0.0258971 -0.0938852 -0.0771632 -0.000790167 -0.085004 -0.0374022 -0.0462116 -0.0959543 -0.0674551 -0.0190673 0.0365661 0.0226645 -0.00669172 0.0845986 -0.0443309 0 0.0483216 0.0622542 0.0441197 -0.0453072 0.0235306 0.0726608 -0.0669733 0.00276519 -0.0742602 0.0212331 -0.0956525 -0.066223 0.0337287 -0.0655943 -0.0621321 0.00177771 -0.0719156 -0.0725635 
0.0449007 0.0453341 -0.0443162 -0.079492 -0.0649438 -0.0261697 0.0961652 0.0338318 -0.01718 0.0671729 -0.094462 -0.00464916 -0.0352489 0.0958452 -0.0300701 0.0484011 0.0394016 0.0834814 -0.0762648 0.000422039 0.0577823 -0.0484778 0.036908 -0.0991609 -0.0702165 -0.0326898 0.0187452 -0.0887556 -0.00205716 -0.0251343 0.0216103 -0.0772849 0.0181639 0.0670517 -0.0369307 -0.0258947 0.0230991 0.0384322 -0.014618 -0.0934129 0.0179767 0.0333612 -0.0687173 0.0679078 8.98992e-05 -0.0557081 -0.0246642 -0.0719053 0.0737885 -0.0749393 0.0725167 0.0303124 0.0274632 0.0841771 0.0762971 -0.0516048 -0.0167614 -0.0483216 0 -0.0146033 0.0646422 -0.0712829 -0.040724 -0.0098477 -0.0960329 0.0983989 -0.059248 0.0885434 0.0605701 0.0286425 0.000605649 0.0543269 -0.0114644 0.070271 0.016686 0.0853324 
-0.0824922 0.0978461 -0.0465075 0.0144051 0.0752179 0.00741049 -0.0476362 -0.0321219 0.0023164 0.0888051 0.0582794 0.0614587 0.0826698 0.0848896 0.00652589 -0.0181296 -0.0628651 -0.0683397 0.00820855 0.0840098 0.0495712 0.0321738 0.0551648 -0.0212291 -0.0452173 0.0744404 0.0256253 -0.0403668 0.0254536 0.0848244 0.0366051 -0.0529261 -0.0024395 -0.0435227 -0.0478761 -0.099978 -0.0461902 -0.0550355 0.0343338 -0.0396649 0.0710521 -0.0849862 0.0600053 0.00571079 0.054289 0.0938897 0.0431565 0.0424574 -0.0138271 -0.0422313 -0.0511866 -0.0374691 0.0689833 -0.046645 0.0501117 -0.0612848 0.0899356 -0.0622542 0.0146033 0 0.00911037 0.00794358 0.063643 0.0063963 0.0335105 -0.0848879 -0.0756519 0.0254027 -0.0576512 0.0613472 -0.0155199 -0.00455859 0.000282908 -0.0532436 -0.0424815 0.0902113 
0.0299369 -0.0918675 0.0562139 -0.0235322 0.0701365 -0.0869262 0.0995595 -0.0221928 -0.0398305 -0.0563431 0.057427 -0.00544619 -0.044668 -0.0310658 -0.0674202 0.0663977 -0.0945573 0.0758764 0.00921812 -0.0696705 -0.0960302 -0.0730857 0.0275824 0.054183 -0.0509306 0.0708144 0.0467436 -0.0228508 -0.0650962 0.0701825 -0.0239495 0.0354645 -0.0811608 -0.0629496 0.0828344 -0.00797062 -0.0832051 0.0314463 -0.0127705 -0.0351264 0.0879046 0.0230725 -0.0792948 -0.0702289 -0.0359779 0.0562357 -0.0464068 -0.0221138 -0.0895574 -0.0675114 0.0628391 0.0329948 0.0675145 0.0635469 0.0675812 -0.041749 0.00871249 -0.0441197 -0.0646422 -0.00911037 0 -0.0587526 -0.046455 0.0605201 -0.00187375 0.0881029 0.0263281 0.0555664 0.035354 -0.0944476 -0.0657878 0.0989889 0.00333577 0.0532799 -0.0540323 -0.00782716 
-0.0495675 -0.0448145 0.0471392 -0.0907471 0.0961483 0.0451674 0.00873682 -0.0833427 -0.00615416 0.0724387 0.0910445 -0.02761 -0.0699096 -0.0149667 0.0512686 -0.0217051 0.0186778 0.0951415 -0.0673573 -0.0978652 -0.0691162 0.0684392 0.0225832 0.0017838 0.0762873 0.0349811 0.0387666 0.0129953 0.0333977 0.0665394 0.0389756 0.0157849 0.0157651 -0.0414105 -0.00193214 0.00321777 0.00274451 -0.0715603 -0.0111278 0.0859174 0.0669195 0.0977903 -0.016721 0.0919808 -0.0404265 -0.0656192 -0.0058611 -0.0467528 0.0699494 -2.33956e-06 -0.0267704 0.0915727 0.0574574 0.02854 -0.0174086 -0.0428776 0.0390308 0.0453072 0.0712829 -0.00794358 0.0587526 0 -0.0620523 -0.0251366 0.0764954 -0.0292163 0.00482648 -0.0797665 0.0865843 -0.0930346 -0.0261437 -0.0149956 0.0494211 -0.0696244 -0.0346993 0.0057809 
-0.0213609 0.00386034 0.00362283 -0.096274 -0.0333062 -0.0510868 0.067013 -0.0887475 0.0592322 -0.0424196 0.0168686 0.0097231 -0.0112063 0.0971625 0.0584076 0.0970335 0.0165153 -0.0347396 -0.0438339 -0.0700355 -0.0746982 0.0616232 0.0149186 -0.0173725 0.0626584 0.0523631 0.056979 -0.0244225 -0.0643794 -0.083222 0.0575255 0.0156223 0.0545258 0.0522434 0.0476094 0.000642943 0.0705483 -0.00405597 0.0865852 -0.096622 0.0928199 -0.0336669 0.000999643 0.0278199 -0.00330224 0.0567994 -0.0010725 0.0739833 0.065856 0.0832143 -0.060451 0.0928508 -0.0460391 0.0732847 0.0370171 0.0338132 0.0360894 -0.0235306 0.040724 -0.063643 0.046455 0.0620523 0 -0.0178855 -0.0950418 0.0495491 -0.0885708 0.0976642 0.0099742 0.0975379 -0.0876087 0.0781472 0.0990286 0.0608024 0.0288607 -0.0790633 
-0.0158273 0.0104463 0.080696 -0.0221325 -0.00102774 0.0548153 0.0338494 0.0758092 0.0899022 0.0226836 -0.0656666 -0.0243144 0.0293843 0.00159652 -0.0414413 0.0899531 -0.0650005 -0.0656597 -0.0430758 0.0142723 -0.0542408 -0.0664848 0.0344068 -0.067087 0.0390906 -0.0563816 -0.0462019 0.0365537 0.0536553 0.0815735 0.0677826 -0.0990497 -0.00742709 -0.0521556 0.0809497 -0.0817213 0.0862835 -0.0815114 0.0555924 -0.0109887 0.0575406 0.0973263 0.0640295 -0.0186115 0.0285769 -0.020224 -0.0504219 -0.0864309 -0.0457424 -0.060843 -0.0223759 -0.0683561 -0.0165667 0.0324695 0.0977718 0.0367035 -0.0580035 -0.0726608 0.0098477 -0.0063963 -0.0605201 0.0251366 0.0178855 0 0.00834801 -0.0671639 -0.0321875 -0.084895 0.038801 -0.0292683 0.0806197 0.0283904 -0.0629048 -0.058283 0.000818114 -0.0326625 
0.0304599 -0.0811135 0.0631168 0.0223669 0.0297621 -0.0897954 0.0966392 -0.0512325 0.0227567 -0.0700506 -0.077947 0.0832238 0.0328232 0.000690745 -0.0695199 -0.00353789 0.0149476 0.00454158 -0.0127573 0.0259248 -0.0957463 0.0275242 0.0896774 -0.0102229 0.0695762 0.0825152 0.084929 0.00263752 -0.0522 -0.0102443 -0.0211709 0.0206035 -0.0351171 0.0784442 -0.046613 -0.0406601 -0.0343508 -0.0321287 0.0469455 0.0210549 0.0198957 0.00382098 -0.0386545 0.0604859 -0.0326238 0.0393175 0.0712611 0.0399991 -0.0591565 -0.0369442 -0.0745031 0.0965987 -0.0422453 -0.0437746 -0.0674395 0.0523671 -0.0371738 0.0669733 0.0960329 -0.0335105 0.00187375 -0.0764954 0.0950418 -0.00834801 0 0.00193858 -0.0660113 0.0216406 -0.0109735 0.0904124 0.0693403 0.0113539 -0.0809316 -0.00759263 -0.0511353 0.0846164 
-0.0124545 0.0595534 0.04068 -0.0560594 -0.0331481 -0.0276171 -0.0232069 0.0641174 -0.026123 -0.0100501 -0.0753928 -0.0192645 0.00350728 -0.0518319 -0.0529653 0.0387847 -0.00822614 -0.0685491 0.0785807 0.0813039 -0.0649054 0.0379775 0.0865466 -0.0420649 0.0111575 0.00197533 0.0931282 0.00327683 0.0271819 0.0222357 0.0723203 -4.96698e-05 0.0491492 0.076537 0.0688245 0.050107 0.00207102 -0.00766197 -0.0744374 0.0387648 0.00719217 -0.0868266 -0.0610734 0.0387333 0.0676786 -0.0143437 -0.00137118 0.0599887 -0.0464624 0.062748 0.0807511 0.0181535 0.0543081 0.0640966 0.0481101 -0.0790063 0.0363075 -0.00276519 -0.0983989 0.0848879 -0.0881029 0.0292163 -0.0495491 0.0671639 -0.00193858 0 0.0504122 0.0353772 -0.0886978 0.0150883 -0.0206466 0.0190655 0.0327857 -0.0209645 0.0694514 -0.0277353 
-0.00743004 -0.0167318 -0.035542 0.0827545 0.0406833 0.0836556 0.0905299 0.0581294 0.0888415 0.00394772 -0.0118881 -0.00483682 0.0283421 0.00929988 -0.00544256 0.03856 -0.00419978 0.0120464 0.033249 0.0605218 0.0702119 -0.052733 -0.011086 -0.0372374 0.0934706 -0.0697526 0.0643613 0.00814227 -0.0843811 0.0637111 -0.0727299 -0.038944 -0.0713728 -0.00558183 0.00667422 -0.0973976 0.06079 -0.099634 0.0873975 -0.032661 -0.0727823 0.0671863 -0.0520896 0.0286459 0.0289382 -0.0291804 0.0557186 0.00212085 -0.0536368 -0.0901662 -0.0594435 -0.00859612 -0.0356581 -0.0699891 -0.0415821 0.0356526 0.0933741 0.0742602 0.059248 0.0756519 -0.0263281 -0.00482648 0.0885708 0.0321875 0.0660113 -0.0504122 0 -0.000375869 -0.0438831 -0.0906814 0.0460032 -0.0083265 0.0707914 -0.0366136 -0.0479774 -0.0869484 
-0.0720487 -0.0118759 0.0523988 0.00630525 -0.0628078 0.0839637 -0.0457542 0.0925982 0.0274756 0.0108504 0.054362 0.0935025 0.0933627 0.0982937 0.0831907 -0.091097 0.0605739 -0.0140387 0.0788099 0.0390032 0.0157259 0.0802847 0.0321541 0.041831 -0.0371024 -0.0303922 -0.0291249 0.0616081 0.0508715 -0.0958723 -0.0986386 0.0297653 -0.0770567 -0.0938435 -0.0798668 -0.0939169 -0.0690392 -0.048531 -0.0585069 -0.015782 0.0938684 0.0592553 -0.0755403 0.0969699 -0.0957693 -0.083546 -0.0399542 0.0984927 0.0961503 0.0467098 -0.090162 -0.0823117 0.0581237 0.0286844 0.0701842 -0.0410756 -0.063464 -0.0212331 -0.0885434 -0.0254027 -0.0555664 0.0797665 -0.0976642 0.084895 -0.0216406 -0.0353772 0.000375869 0 0.0130543 -0.0108247 -0.00863969 0.0564972 -0.0978607 0.0778754 0.0355502 0.00823382 
0.0409794 0.087699 -0.00389429 0.09787 -0.010031 -0.036171 -0.0477718 -0.0598516 0.0904968 -0.01419 0.0209312 0.00912574 -0.0420192 -0.0863093 -0.0605786 0.037094 0.04911 -0.091902 0.00998323 -0.0863479 -0.0476186 -0.0414524 0.0541919 0.0226258 -0.0534395 0.00936328 0.0322403 0.0200555 -0.00143725 0.0732901 0.0230136 0.0437288 0.0408093 -0.0829496 0.0403875 -0.0469788 -0.0693501 -0.0312872 0.064694 -0.0550478 -0.0714702 -0.0530742 -0.0819812 0.06875 0.0887552 -0.098209 0.00684199 -0.092968 0.0037196 -0.00330716 0.0441221 -0.0318702 -0.0990385 0.0411657 -0.00801157 -0.0820351 -0.0613362 0.0956525 -0.0605701 0.0576512 -0.035354 -0.0865843 -0.0099742 -0.038801 0.0109735 0.0886978 0.0438831 -0.0130543 0 0.0438194 0.0560516 -0.0384201 0.0463043 -0.0932017 -0.0139875 0.00326847 
-0.0191724 -0.092774 -0.0712705 -0.0848509 -0.00778702 -0.0258488 -0.0130845 0.0375345 -0.0449393 -0.0386558 -0.0685775 0.0301728 -0.0321012 -0.0362805 -0.0421936 -0.0238916 0.0314042 0.0301792 -0.0116263 -0.0790737 -0.046911 -0.0168074 0.070212 0.0157141 0.0400423 -0.0264812 -0.0143787 -0.0540207 0.044527 -0.0562936 -0.0424084 -0.0276383 -0.0892701 -0.0274361 0.0965635 -0.0825976 0.0384439 0.0331874 -0.0967821 -0.0655176 -0.0798918 0.0483501 0.0412498 0.0482874 -0.000914416 -0.02967 0.0796635 -0.0719986 -0.0592809 0.0376938 -0.0680458 -0.0920319 0.00697538 0.0773969 0.0578517 -0.0625566 -0.0409347 0.066223 -0.0286425 -0.0613472 0.0944476 0.0930346 -0.0975379 0.0292683 -0.0904124 -0.0150883 0.0906814 0.0108247 -0.0438194 0 0.00764358 0.0944456 -0.06 -0.051752 0.000988106 -0.0997424 
0.049972 -0.0433247 -0.0762531 -0.0745504 -0.0280336 0.09112 -0.0575599 0.0262266 0.0413145 -0.092403 -0.0887822 -0.022763 0.0476381 -0.0950996 0.00396872 -0.0921903 -0.0855065 0.0398586 0.0394345 0.00607429 0.0504758 -0.0527073 -0.0780913 -0.0994704 0.0685496 0.0335147 -0.0450319 -0.0512758 -0.028521 -0.0135002 0.0778259 0.0751189 0.0568925 -0.0146425 0.0410088 0.0448889 0.051448 -0.0559012 0.0586565 -0.0509943 -0.0690328 0.0645932 -0.0747748 0.0644239 -0.0675347 0.0696939 -0.0712638 -0.0135775 0.0617678 -0.0644923 -0.0463461 0.00825421 0.0606775 -0.062517 -0.0837897 -0.00197433 -0.0891023 -0.0337287 -0.000605649 0.0155199 0.0657878 0.0261437 0.0876087 -0.0806197 -0.0693403 0.0206466 -0.0460032 0.00863969 -0.0560516 -0.00764358 0 -0.0610288 -0.0722479 -0.0865354 0.0291365 0.0094651 
-0.0895435 -0.0591129 0.044286 0.049242 -0.0314943 0.0779887 -0.0454663 0.0533653 0.0470163 -0.071565 -0.087667 0.0721243 -0.0154599 0.0359217 0.0175708 0.0749237 -0.0273364 -0.00824635 0.0922706 0.0189266 0.0172147 0.00193193 0.077044 -0.0101378 -0.00775789 0.0334549 0.0235363 -0.00643996 -0.0727172 0.017965 -0.0127608 0.0566836 0.0242894 -0.088453 -0.0506031 0.0459085 -0.0561062 0.0972376 0.0392055 0.0112609 -0.0890647 0.0780906 -0.0485894 -0.00959784 0.0428856 -0.0025688 -0.057876 0.0782548 0.00330417 0.0152165 0.0962915 -0.0134394 0.0882999 0.0292071 -0.0147633 -0.000293463 0.0391686 0.0655943 -0.0543269 0.00455859 -0.0989889 0.0149956 -0.0781472 -0.0283904 -0.0113539 -0.0190655 0.0083265 -0.0564972 0.0384201 -0.0944456 0.0610288 0 -0.0823762 0.0905768 -0.00527698 -0.0450013 
-0.00704691 0.0613432 0.0993623 0.0134131 -0.0162048 -0.0517258 0.0724206 0.0978492 0.0130634 -0.0845309 0.0372322 0.0335951 -0.0803158 0.0912982 0.0400398 0.0780056 -0.0163656 0.0603583 0.00930364 -0.0995755 -0.0205535 0.0374838 0.0490221 -0.049235 -0.0815811 0.0149945 -0.0317893 0.0281324 0.0668212 -0.0459919 0.0862166 0.0073205 0.0378703 -0.0747362 0.0291323 -0.0245335 -0.0503662 -0.0280953 0.0995826 0.0544783 -0.021224 0.0305015 -0.0057285 0.062959 0.0149822 -0.0548873 0.00315626 0.0104393 -0.0273572 0.0942433 0.060449 0.0288293 -0.0728903 0.00602858 -0.0378642 -0.0990286 -0.0673356 0.0621321 0.0114644 -0.000282908 -0.00333577 -0.0494211 -0.0990286 0.0629048 0.0809316 -0.0327857 -0.0707914 0.0978607 -0.0463043 0.06 0.0722479 0.0823762 0 -0.057786 0.0701239 0.041245 
-0.0892367 0.0102025 0.088226 -0.0297269 0.00225544 -0.014226 0.0965655 0.0292004 -0.058881 -0.039802 -0.0106387 -0.00940701 -0.0648533 0.0175891 -0.0551696 0.0627463 -0.00796197 -0.0513098 -0.0782379 0.0761622 0.00657785 -0.0180381 -0.098389 -0.0306717 -0.0211008 0.0820627 -0.00299753 0.0457105 0.0192552 0.02841 -0.0471106 -0.0164416 0.0136648 0.011533 -0.0990564 0.0258428 -0.0225125 -0.0110069 0.0736492 0.0495238 0.0290168 -0.0470402 -0.0555294 0.0235713 -0.00889336 -0.0303133 -0.0270806 0.0684783 0.0586142 0.0910282 0.0154239 0.078875 0.0824097 0.019506 0.0947864 -0.0424507 -0.0437042 -0.00177771 -0.070271 0.0532436 -0.0532799 0.0696244 -0.0608024 0.058283 0.00759263 0.0209645 0.0366136 -0.0778754 0.0932017 0.051752 0.0865354 -0.0905768 0.057786 0 -0.0409899 -0.0280185 
0.0614364 0.0128902 0.0296653 0.0615439 0.0570395 0.0628561 -0.0968258 0.0802257 -0.0117589 -0.0807282 0.0890814 0.0211697 -0.0873732 -0.0230775 -0.082554 0.0558837 -0.0309928 0.0195138 0.0269615 -0.0363493 0.0913313 -0.0780957 0.00991071 -0.0796761 -0.0086209 0.00478891 -0.0690927 -0.0537169 -0.0738818 0.0886034 0.0803941 0.0618698 0.0592351 -0.0824249 -0.0625326 -0.00416076 0.0824221 -0.0812945 0.0483117 0.000199449 -0.0629196 0.0668003 0.0113432 -0.0937628 -0.0231985 0.0751305 0.0637041 -0.0961225 0.0657208 -0.0380899 0.0177258 0.0776449 0.0790491 0.0827009 -0.0278325 -0.0462488 -0.040559 0.0719156 -0.016686 0.0424815 0.0540323 0.0346993 -0.0288607 -0.000818114 0.0511353 -0.0694514 0.0479774 -0.0355502 0.0139875 -0.000988106 -0.0291365 0.00527698 -0.0701239 0.0409899 0 0.0102325 
0.0239703 -0.038348 0.0538943 -0.0163587 0.0293455 0.0715194 -0.0297744 -0.0271828 0.0864615 -0.0733509 -0.0997204 -0.0941604 0.0347206 -0.0379256 -0.0328626 0.0895201 -0.0817538 -0.0315884 -0.0766 -0.0731175 0.0858626 0.0166638 -0.0901802 0.0997519 -0.000858914 0.0710897 -0.00497815 -0.00371027 -0.0874506 0.0483529 -0.0525814 -0.0366396 -0.00120562 0.0829844 -0.0563582 -0.0687023 0.0252235 0.0328783 -0.0957902 -0.0793312 0.0593621 0.0265604 0.0821119 0.000926571 -0.0106784 0.0203014 0.0140608 -0.0683874 -0.0300337 -0.000711478 0.00417986 -0.0531572 -0.0745154 0.0955215 -0.0583626 0.0709608 0.0958284 0.0725635 -0.0853324 -0.0902113 0.00782716 -0.0057809 0.0790633 0.0326625 -0.0846164 0.0277353 0.0869484 -0.00823382 -0.00326847 0.0997424 -0.0094651 0.0450013 -0.041245 0.0280185 -0.0102325 0 
