75

16000 4500

30 55 80

8

0 54520 17540 84140 42040 31280 98600 83950 35350 47780 67720 62160 91950 98840 64980 86310 54080 87440 40730 83790 86540 87650 80730 97380 28450 96010 64080 45380 44800 46220 71320 64250 65110 47780 31660 70750 75200 65250 77680 95050 92860 80020 89800 90670 88810 95790 93870 74680 23840 48190 61680 89770 85380 45180 43930 42040 92720 95110 65090 80100 44600 44960 85480 98530 60700 95650 98650 99850 96840 56940 46390 50770 93710 99730 80480 94300 
54550 0 42600 119860 16470 29770 51160 96830 34780 23090 35480 75300 60500 106030 87930 50730 14690 40500 15750 89130 96190 41740 31060 131131 67220 122561 111890 44200 26510 60891 34900 116300 19680 60430 25180 115480 123010 79560 113700 75810 140330 91130 78290 103620 135420 139270 114541 99130 46120 56860 43370 111181 66190 16130 12270 22300 76991 47860 81530 66050 12320 39490 32860 132750 13160 143460 130390 127301 114240 70940 9370 14590 63330 120051 98850 47410 
17450 41870 0 99180 35180 25110 90130 90490 32450 32880 52820 68240 77050 105190 74180 79830 39540 79130 27890 89280 81680 73110 72160 112420 39620 109770 80940 32540 38630 52300 64000 77680 50570 53640 17790 86880 92060 71640 92720 93750 109720 86150 76960 97210 105670 111920 104370 85180 12970 54050 47470 100780 71170 31220 32520 27140 79010 86800 60230 66390 33550 32060 71610 113570 52130 112510 113690 113610 105600 63020 33830 43100 92170 110230 90040 86040 
84090 119590 98840 0 104860 93370 151241 51740 85540 125230 146520 52620 172100 58211 33330 110410 128830 130561 111040 66820 163690 159930 142990 14520 60220 22940 49130 128070 95870 60180 109501 112510 137850 62010 107520 27750 37970 48190 9340 99030 48780 50330 174030 49581 42080 22750 27350 22370 106530 65770 143920 20630 167620 120440 110530 118640 176950 145991 140860 162840 109490 127650 149360 15670 122980 61830 15790 20110 37580 51940 113120 109610 109120 35210 31020 134581 
42250 16480 35360 105030 0 15950 58350 82780 19950 31230 48490 61090 74130 93480 73100 45460 27290 45720 13070 77570 102850 56820 40480 116301 52570 107731 99380 50290 12550 46061 29630 106280 34740 45600 20910 100650 110500 64730 98870 69090 127290 77080 89981 89570 120590 124440 99711 84300 42360 42810 55061 96351 78001 22300 9070 26910 88552 54860 87620 77741 6640 46140 46850 117920 20450 130950 115560 112471 99410 56110 10270 8730 58060 105221 84020 52260 
31360 29910 25120 93540 15980 0 73810 72720 9660 34800 56090 49910 82760 83420 61711 57270 37970 61080 19990 67510 100630 70190 55940 104912 38570 96342 85460 47680 15370 34531 41890 95390 47730 34420 17610 88860 96580 53550 87080 70990 113740 67020 90490 79510 108700 112650 88322 72911 35660 32380 57910 84962 81640 29390 20260 28210 90870 70320 82920 78250 19810 43930 62310 106531 35910 117030 104171 101082 88021 44930 23300 24710 69200 93832 72631 66440 
98620 51050 90270 151121 58380 73630 0 118060 74480 69700 71040 103470 84880 119240 118921 49890 59580 21460 63890 102270 141450 47530 24430 162391 108440 153552 156410 90810 61700 95021 43220 164420 52380 90761 73320 152061 165851 107700 146731 77361 181451 112360 121300 124850 173121 171321 144340 130121 95020 85861 85220 142172 93770 64720 59680 71470 104920 7350 129020 107900 58120 86100 27320 164091 39080 194121 161652 158292 137530 100251 56880 51510 63830 143760 128420 25590 
83940 96870 90280 51860 82460 72680 118070 0 63620 106310 126980 24700 153800 17020 30950 70120 107240 97300 89100 17100 171490 136190 114000 56050 57580 46170 82690 119190 71150 38620 76930 134940 115450 39220 89120 63040 75610 20100 50220 50020 89150 6630 162000 8360 82440 67290 30530 31740 100470 41490 129420 32710 153150 99200 88130 99720 162610 112820 145850 149760 87090 115430 120600 59500 98090 101340 54910 50910 22490 29810 90720 84270 61250 28720 20950 97020 
35340 34360 32130 85420 19630 9720 74380 63870 0 43350 64020 41480 90840 74570 53490 51940 44410 59040 26270 58660 109180 74700 60110 96690 32960 88121 80970 56230 14090 26451 39550 97850 52620 25990 26160 81040 91350 45120 79260 62280 107580 58170 99040 70660 100880 104830 80101 64690 42970 23900 66460 76741 90190 36240 25300 36760 99420 69890 90230 86800 24260 52480 66480 98310 40080 112850 95950 92861 79800 36500 27890 27790 60700 85611 64410 64330 
47800 23900 33120 125900 31550 35280 70270 106830 43770 0 22950 84020 48840 117530 95821 72130 12040 64110 21350 101620 73650 43140 47470 139021 66340 130452 110630 21660 41760 68641 56300 100770 22990 68530 18440 115090 121750 87660 119440 97210 138910 101130 59781 113620 134640 140130 122432 107021 30780 66490 24861 119072 47801 9950 22940 7330 58352 69110 58990 47541 25310 16950 45870 140290 36770 142200 138281 135192 122131 79040 23010 35400 84730 127942 106741 71020 
67750 35130 53070 146090 48060 55470 70650 126050 62990 22870 0 103240 27420 136750 115001 85160 21800 72770 38600 120840 71470 26840 47980 158201 86530 149632 130820 32280 58730 87821 69330 111390 21220 87750 38630 135280 141940 106880 139630 110240 159260 120350 53180 132840 154990 160320 141612 126201 48990 85710 18260 138252 31970 27640 39910 28210 43610 71490 68010 40940 41990 27100 46040 159901 47650 161510 157462 154372 141311 98260 38020 49020 97760 147122 125921 80372 
62470 75170 68320 52380 60580 49880 103500 24740 41260 83510 104180 0 131000 38890 22870 58600 84790 82820 67000 30020 145340 114660 96570 63220 38400 54960 70840 96390 49450 16660 61760 115400 93570 15760 66320 59440 72010 6150 50180 53110 85980 19040 139200 31530 79280 72350 45140 31380 78510 18460 106620 41810 130350 76400 66250 76920 139580 98250 123890 126960 65210 92640 102940 65270 76560 97740 62480 59700 40500 8610 68840 63190 58550 46790 28460 85500 
91590 60720 76910 171980 74200 82440 84730 153020 89960 48650 27180 130210 0 163860 141971 111300 48640 95660 65570 147810 65380 38610 69060 185172 112420 176602 153800 48760 85700 114791 95470 121690 44730 114720 65600 161020 164920 133850 165520 136380 183390 147320 41330 159891 179340 186210 168582 153171 69390 112680 31130 165222 11900 54610 66880 54560 22110 90080 67780 35780 68130 47500 62910 186370 72090 181910 184432 181342 168281 125230 64160 75160 123900 174092 152891 104200 
98710 105950 105050 58051 93230 83450 119530 16990 74390 117080 137750 39000 164570 0 45490 71210 118010 98540 99870 17790 183140 145250 116880 61980 72350 51000 93860 129960 81500 53390 79810 149710 125630 52500 99890 74210 85911 34870 56851 46350 96721 20720 172770 11640 90021 73220 34050 42910 115240 53630 140190 38470 163920 109970 98900 110490 173380 114070 160620 160530 97860 126210 123480 65430 104530 109771 59740 54980 24510 44580 101490 93100 61580 29060 31800 98260 
65090 87611 74100 32830 72881 61911 118811 30940 53561 95541 116191 22850 143011 45520 0 78000 96801 98131 79011 44010 146430 127951 110560 44500 37770 37560 55220 105430 63440 27750 77071 110640 105871 29580 78351 37470 50040 18960 28440 71180 64010 28320 149850 34900 57310 52800 31290 12100 84290 33340 118651 27700 142381 88411 78551 88951 151841 113561 124980 138100 77511 103780 116930 45720 90550 75770 43760 41400 34260 19510 81141 77180 77950 37150 16960 102151 
86170 50100 79690 109710 45210 57330 49600 69540 51770 71200 85030 58090 110600 70650 77530 0 63830 28610 54500 53680 144510 83210 52860 117220 75700 106920 121290 90610 42060 56370 19180 148940 69410 52110 63440 113610 127400 59500 107510 29160 141370 64160 127560 76370 134670 128500 96140 85300 85050 47210 92640 93730 115460 62270 49350 67230 126261 44140 129850 115320 47690 86470 59460 120670 44080 153130 116480 111660 89330 61180 49620 36720 15000 95560 80220 28330 
53920 14930 39440 128761 27540 37960 59570 107270 44440 11300 22110 85070 48620 117970 96831 64640 0 54722 19490 102060 82710 34890 36770 140032 70530 131462 114820 32070 39210 69651 48810 109840 12350 69580 22630 119280 125940 88710 122460 89720 143260 101570 64420 114060 138990 144320 123442 108031 39660 67300 29500 120082 52320 9900 20390 14160 63121 59220 69400 52180 21470 27360 35170 141731 27960 146390 139291 136202 123141 80090 17500 28500 77240 128952 107751 61602 
87540 40610 79190 130381 45760 60910 21440 97120 58990 63420 73060 82730 95600 98230 98181 28880 54271 0 53450 81260 136231 58250 27900 141651 91610 132812 139001 84530 46210 74281 22880 153340 53100 70021 62880 131321 145111 86960 125991 57060 159081 91620 117811 103950 152381 150581 123600 109381 84550 65121 82891 121190 102450 56460 48600 62630 114090 16160 121860 105571 47040 79820 34500 143351 30900 170841 140911 137552 116790 79511 46440 38000 42820 123020 107680 8630 
40690 15630 28020 110921 13090 19730 63890 88950 26120 20320 39330 67230 66170 99650 78991 54740 19520 53230 0 83740 91030 51490 45920 122191 55510 113622 99800 38330 22260 51811 38910 103570 28950 51740 11070 104260 110920 70870 104620 79820 128080 83250 78990 95740 123810 129300 105602 90191 32680 48980 44151 102242 67091 11550 5550 15580 77642 60590 75660 66750 7900 34320 46000 123811 25890 131370 121451 118362 105301 62250 7500 18010 67340 111112 89911 60140 
83870 89100 89240 66710 77270 67490 102450 17090 58430 101120 121790 30000 148610 17740 43940 54130 102050 81460 83910 0 167180 128400 99800 70900 62280 62470 95230 114000 65480 40410 62730 139150 108780 37970 83930 77890 90690 28090 65070 33980 104660 17750 156810 23460 97960 82140 46830 46590 99540 37670 124230 49010 147960 94010 82940 94530 157420 96990 145290 144570 81900 110250 106400 74350 87450 116420 70160 67210 38790 37270 85530 76190 44860 43610 35800 81180 
86260 96320 81610 163880 102830 100240 140880 171740 108730 74020 71480 144960 65500 182820 147500 144600 82910 136532 91190 166770 0 94850 115320 177120 113160 175750 132550 53340 109460 129020 127580 77810 87630 130580 83080 147410 145400 148360 157420 169310 163060 164730 25290 178460 159010 175420 175690 156320 68810 130990 53760 169510 57090 82270 94220 76930 46180 141110 22180 35590 96590 56960 113380 178270 109190 159830 178390 179590 180050 139740 95320 106680 157200 182940 163690 143532 
87990 41160 73510 159840 57360 70510 46490 135680 75670 43130 27380 114380 38470 144790 127910 82760 35210 57450 52100 127890 94350 0 30850 171110 104600 162541 148890 58300 65590 100990 67550 137980 24220 100410 56700 153350 160010 118800 154590 110940 177330 129980 74890 142470 173060 178390 154521 139110 73050 95940 44590 151161 47360 43840 51530 47960 58510 51870 93190 62650 51950 53120 24700 172810 43040 180460 170371 167281 153750 110330 48110 52940 96700 160031 138830 65990 
80850 30870 72500 142500 40610 55860 24460 114330 60360 46150 47710 97040 67750 117740 110570 53670 36030 28950 46120 100770 115490 30400 0 153771 92980 145201 138640 67260 48250 83650 38460 146270 28830 83070 55220 140930 149760 101460 138110 81850 167080 108630 96590 121120 160870 162700 137181 121770 74320 78600 61670 133821 76640 42480 41910 48890 87790 25150 104590 84350 40350 62550 6650 155470 21310 170210 153031 149941 133800 92990 39110 34850 67610 140030 121490 37490 
97570 130721 112320 14310 115991 105021 161921 56200 96671 138651 159301 63240 185580 61860 44590 117990 139911 141241 122121 71280 177170 171061 153670 0 73700 17280 58920 141550 106550 70860 120181 125870 148981 72690 121000 41230 46110 58690 22820 103490 56920 54790 187510 53630 50220 12470 29640 33060 120010 76450 157400 23830 181100 131521 121661 132061 190430 156671 154340 176320 120621 141130 160040 5400 133660 69970 7060 11660 39870 62620 124251 120290 113580 37500 35480 145261 
28510 67040 39420 60360 52310 38480 108490 57750 32990 65810 87100 38220 112680 72640 37770 76230 70520 91720 55430 62310 113090 104010 92790 73600 0 70950 49080 70510 46770 22460 70580 77840 81470 26110 48100 51670 59460 39050 53900 82020 76620 53820 114930 64470 71510 76710 66480 47290 48970 28840 84500 62890 108200 61470 57620 59220 116040 102570 91640 103420 56940 69100 99160 74750 72760 80650 74870 74790 69450 32110 60270 60470 80980 72340 53090 97010 
96390 121872 109870 22830 107142 96172 153072 45040 87822 129802 150452 54410 177272 49770 37650 106940 131062 132392 113272 61390 175990 162212 144821 17210 71250 0 65030 140370 97701 62011 111332 128410 140132 63841 112612 43650 54320 49580 25240 94310 65130 45680 185492 41620 58430 29290 17550 26120 118830 67601 152912 16380 176642 122672 112812 123212 186102 147822 153160 173252 111772 138932 151191 22220 124811 78180 11210 6930 27780 53771 115402 111441 104470 23770 26370 133840 
64060 112050 81000 49260 99390 85590 156450 83020 80940 110420 131710 70800 154010 94350 55170 120910 115130 138581 100040 95250 132680 148700 138740 59370 49110 65380 0 106090 94720 64460 117521 70930 126080 68630 92710 25070 16980 68230 41580 121680 33900 81590 144890 83730 30070 47000 68680 52440 85160 72920 123340 62070 147040 106080 102290 103830 154380 151070 111230 141400 101950 106620 144630 56840 118710 33270 63770 68090 77330 64380 104880 108120 124350 76540 63380 142601 
45120 44130 32530 127940 50160 47190 90500 118740 55680 21830 32130 95930 48760 129440 105200 90740 32270 84340 38140 113530 52990 58260 67700 141180 70640 139810 105970 0 56410 80551 74910 79110 40950 80440 30030 114550 117090 99570 121480 114810 134750 113040 44560 125530 130700 139590 134342 116200 22450 78400 19730 130982 41790 30010 41550 24260 49020 89340 37330 35310 43920 5240 66100 142330 57000 133540 142450 143650 134041 90950 42650 54010 103340 139852 118651 91250 
45080 26570 38840 95150 12480 15560 61640 71220 14110 41440 59640 49690 86020 81570 63220 42190 39180 46300 22300 65580 109980 66060 47970 106420 46730 97851 94740 57030 0 36300 26810 109110 46250 35720 26960 93410 105120 54110 90760 58690 120050 65520 99810 78010 113350 115120 89831 74420 47870 31250 65271 86471 88211 32510 20250 36400 98762 57150 94360 87570 18530 53280 54340 108040 27960 126620 105680 102591 89060 45640 22160 14590 54120 95341 74140 51590 
46290 60231 52140 59460 45501 34531 95251 38730 26181 68161 88811 16480 115631 53620 27530 56680 69421 74571 51631 40390 129160 100571 83430 70730 22350 62161 64390 81041 36310 0 53511 99220 78491 5250 50971 58030 70600 19880 55070 60100 84570 34390 123851 45450 77870 79430 54141 38730 62330 9620 91271 50781 115001 61031 51171 61571 124231 90001 107710 111611 50131 77281 89800 72350 63420 95340 69990 66901 53840 11260 53761 50050 60560 59651 38450 78591 
71600 34230 63820 109401 29340 42130 43250 76810 39640 55330 69160 61750 94730 80220 77201 19690 47960 22960 38630 63250 127300 68360 38010 120671 70620 111832 117210 74740 26860 53301 0 137140 52880 49041 47570 110341 124131 66170 105011 45600 138101 71110 111690 83600 131401 129601 103090 88401 69180 44141 76770 100452 99590 46400 33480 51360 110391 38390 112180 99450 31820 70600 44610 122371 25840 149250 119932 116572 96280 58531 33750 20850 32290 102510 87170 28150 
64210 116430 77650 112780 106290 95530 162930 137780 99600 100580 111110 118460 121520 152670 110770 151830 110190 151770 102790 142430 78080 137680 145060 126020 78020 128900 70960 78980 109050 99880 135650 0 119930 106230 92490 88590 83810 116590 105100 162140 101470 133850 94570 143260 97420 113830 132200 113710 70760 108960 96610 125590 112800 102510 107480 96760 115460 159440 60160 98640 108510 84220 145610 123670 125030 96770 127290 131610 138600 109650 108730 115100 161220 140730 124650 158630 
65100 19610 50620 137910 34520 47670 52080 115660 52830 22500 21410 93970 44390 125600 105980 70300 12320 53320 29210 108700 87530 23800 29260 149180 81710 140611 126000 41150 46080 78941 53690 120260 0 78480 33810 130460 137120 97610 131750 95380 154440 109960 69240 122450 150170 155500 132591 117180 50840 75690 34320 129231 50560 20950 28690 25340 62200 52770 78480 57000 29110 36440 27320 150880 29020 157570 148440 145351 132290 88990 25270 34160 82900 138101 116900 61870 
48130 60130 53850 61300 45400 34700 91341 39230 26080 68330 89000 15730 115820 52770 29370 52770 69610 70661 51820 38290 131000 100470 83060 72570 26290 64001 68160 81210 35940 4940 49601 103160 78390 0 51140 61700 74270 20020 56910 58000 88240 33530 124020 46020 81540 81270 55981 40570 64150 5710 91440 52621 115170 61220 51070 61740 124400 86091 109550 111780 50030 77460 89430 74190 63050 99110 71830 68741 55100 11400 53660 49680 56780 61390 40290 74681 
32080 24570 18260 108210 21090 17700 72830 89250 26190 17820 39110 66440 65780 99950 78241 63750 22530 62170 10890 84040 83130 56100 54860 121442 48650 112872 92940 30180 26920 51061 47920 93380 33560 50950 0 97400 104060 70080 101750 85320 121220 83550 72990 96040 116950 122440 104852 89441 22490 48910 40410 101492 64140 13750 15390 11230 73370 69530 67510 60750 16900 26430 54310 122600 34830 124510 120702 117612 104551 61460 16530 27020 76350 110362 89161 69080 
70780 114910 86920 27620 100180 88690 152211 62790 80860 114590 135880 59070 161330 74120 37250 113860 119300 131531 104210 77870 147280 152870 140780 40860 51530 43740 25090 114760 93490 57920 110471 88470 130250 62090 96880 0 15720 54640 19940 109690 27680 61380 159180 63500 20980 29490 47040 32210 93220 66220 131060 40430 154760 110250 105850 108000 162100 146961 125830 149480 104810 114340 147150 39330 120600 39440 42130 46450 56611 55860 108440 107230 117000 54900 43150 135551 
75040 122930 91980 37500 110270 96470 165401 75610 91170 121300 142590 71890 164990 86121 50070 127050 126010 144721 110920 90880 145420 159580 149620 46250 59340 53910 16920 117070 104950 70740 123661 83870 136960 74910 103590 15720 0 67460 32180 123760 19260 74200 157630 76320 15110 33880 57450 45030 96140 79040 134320 50730 158020 116960 113170 114710 165360 160151 123970 152380 112830 117600 155510 43720 129590 26440 52030 56350 66731 68680 115760 118650 130490 65310 55970 148741 
65390 79330 71730 47940 64600 53900 107740 20170 45280 87530 108200 6140 135020 35060 18960 60010 88810 87060 71020 28100 148750 119100 101010 58480 39030 50080 68210 100410 53890 20070 66230 116390 97590 20000 70340 55000 67570 0 45740 53190 81540 16070 143220 26890 74840 67910 40160 26940 81920 22900 110640 36930 134370 80420 70270 80940 143830 102490 127300 130980 69230 96650 107380 60830 81000 93300 57740 54820 35510 10340 72860 67630 59960 41800 23470 86910 
77810 113310 92560 9510 98580 87090 146831 50680 79260 118950 140240 50360 165820 57891 28920 108150 122550 126151 104760 65760 157410 153650 138580 22750 53940 25630 41620 121790 91460 55530 105091 105000 131570 57600 101240 20240 32150 45930 0 97970 42960 49270 167750 49261 36260 30980 28930 20110 100250 61360 137640 22320 161340 114160 104250 112360 170670 141581 134580 156560 103210 121370 144950 23900 118570 56010 24020 28340 38501 47530 106840 105200 108060 36790 30670 130171 
95080 75870 93550 98170 69020 70980 77800 50030 62260 96970 110800 52100 136370 46340 70210 29400 89600 56810 80270 33950 169700 111410 81060 102360 80990 93960 121070 115360 58620 59120 46160 157870 95180 56680 85290 109340 122220 52180 96530 0 136190 49210 153330 56360 129490 113640 78770 77980 104390 53790 118410 80770 141230 88040 75120 93000 152031 71230 153420 141090 73460 111610 87660 105810 71060 147950 101620 98700 69230 58030 75390 62490 16630 73780 67260 54390 
92580 140570 109520 48140 126830 114110 181531 89060 107430 138940 160230 85640 182530 96761 63820 140800 143650 158471 128560 104630 163160 177220 167260 56750 77240 64550 33710 134610 120140 84490 137411 101410 154600 88660 121230 27710 19520 81210 42820 137510 0 87640 175370 88131 6730 44380 68090 58470 113680 92790 151860 61370 175560 134600 130810 132350 182900 176281 141510 169920 130470 135140 173150 54220 147230 18950 62670 66990 77371 82430 133400 133880 144240 75950 69410 162491 
80040 91200 86220 50240 76790 67010 112400 6660 57950 100640 121310 19030 148130 20590 28160 64670 101570 91720 83430 17760 164620 130520 108330 54430 53680 46030 81070 113520 65480 34560 71260 131040 109780 33550 83450 61420 73990 16100 48600 49970 87520 0 156330 13450 80820 65670 33090 30120 96410 35820 123750 32840 147480 93530 82460 94050 156940 107150 141790 144090 81420 109760 114930 57880 92420 99720 53690 50770 26130 25910 85050 78600 60060 32360 19330 91570 
89590 78380 77000 174410 89661 89740 120820 161290 98230 59631 53110 138480 41370 172130 149590 127900 64540 118032 78890 156080 25210 75120 96950 187650 115030 184912 144820 44550 98960 123101 112070 94580 69260 122990 72580 159020 157670 142120 167950 152980 175330 155590 0 168201 171280 186060 176892 160590 66570 120950 35390 173532 32960 68161 81051 64270 22050 121510 35760 14260 83421 46460 95010 188800 91390 172100 188960 189020 176591 133500 80760 91760 140500 182402 161201 124912 
90730 103810 97070 49701 89400 79571 125010 8280 70560 113201 133851 31640 160671 11650 34910 76810 114180 104140 96040 23390 178280 143130 120940 53630 64370 42650 83280 126081 78090 45410 83870 141730 122390 46160 96011 63630 76200 26890 48501 56310 88371 13570 168891 0 81671 64870 26680 32330 107260 48430 136311 30120 160041 106071 95070 106611 169501 119670 152640 156651 94030 122331 127540 57080 105030 101421 51390 47390 17930 36600 97660 91210 67540 24020 21220 103860 
89400 135630 106340 42210 120900 109330 173221 83120 101500 135090 156600 79710 179350 90831 57890 134870 140020 152541 124710 98700 159980 173590 161500 50820 72170 58620 30900 131430 114210 78560 131481 98230 150970 82730 117380 21780 16000 75280 36890 131580 7130 81710 172190 82201 0 38450 62160 52540 110500 86860 148680 55440 172380 130750 126490 128500 179720 167971 138330 166740 125530 131960 167870 48290 141490 24330 56740 61060 71441 76500 129160 127950 138310 70020 63480 156561 
95690 138670 111830 23330 123940 112450 172261 68280 104620 139500 160790 73580 186370 73940 54290 130070 144210 151581 129120 83360 175200 177780 164540 13370 76440 30270 46500 139670 116830 81140 130521 113450 155160 82970 121790 29240 33690 69150 31840 115570 44500 66870 185630 65710 37800 0 41720 43330 118130 86730 155970 35910 181210 135160 129610 132910 188550 167011 151500 175930 128570 139250 170910 10840 144360 57550 20050 24650 51950 72900 132200 130570 125660 49580 47560 155601 
94210 113872 104320 27390 99142 88172 144270 30270 79822 121802 142452 45100 169272 34000 31320 96540 123062 123590 105272 46620 175850 154212 136821 29730 66720 18420 68110 134682 89701 54011 103130 131490 132132 55841 104612 46730 57750 40270 28320 78730 68560 33010 177492 26390 61860 40970 0 19810 114510 59601 144912 6890 168642 114672 104812 115212 178102 139020 153020 165252 103772 130932 143191 33180 116811 81610 27160 23160 11180 45771 107402 103441 90770 7850 17060 123440 
74950 98731 85100 22080 84001 73031 129931 31520 64681 106661 127311 31250 154131 42850 12100 85630 107921 109251 90131 46600 156480 139071 121680 32990 47460 26050 52320 116430 74560 38870 88191 113730 116991 40700 89471 32670 45240 26820 20130 78810 58470 30110 160850 32230 51770 42050 19800 0 95290 44460 129771 16210 153501 99531 89671 100071 162961 124681 133650 149100 88631 114780 128050 34970 101670 70970 32250 29890 25320 30630 92261 88300 85580 27660 11880 112530 
23480 46250 12860 106300 42180 35590 95300 100660 43040 30680 49250 78410 69760 115520 84350 84840 40290 83850 32270 99610 68760 73170 75240 119540 49630 118170 85220 22790 47650 62470 69010 70940 51420 63950 21970 92910 96340 81810 99840 104340 114000 96320 66580 107380 109950 117950 114540 95350 0 64360 39090 110950 62790 32520 36960 26860 70130 91210 47310 57510 37990 22370 73640 120690 56510 112790 120810 122010 115770 73190 38210 48110 97440 120400 100210 90760 
48260 56980 53980 65170 42570 32420 86581 41750 23730 66050 86720 18660 113540 53670 33240 48010 67330 65901 49210 37760 131130 96470 78380 76440 28740 67871 72570 78930 31260 9410 44841 105610 75560 5080 48860 66110 78680 23080 60780 54100 92650 36050 121740 48540 85950 85140 59851 44440 64280 0 89160 56491 112890 58940 48240 59460 122120 81331 109680 109500 47200 75180 84750 78060 58370 103520 75700 72611 58030 14570 50830 45000 52760 64320 44160 69921 
61590 43280 47600 144090 54561 57840 84670 129390 66330 24531 18010 106580 31010 140090 118381 92800 29440 82932 44461 124180 53520 44500 61850 157330 84530 153012 123330 20010 64771 91201 76970 96610 34160 91090 40680 131020 134450 110220 137630 117880 152550 123690 35230 136180 148500 156060 144992 129581 38920 89050 0 141632 24040 33061 45951 30441 34591 85360 49900 22990 48321 17030 59910 158480 56290 151440 158600 157752 144691 101600 45660 56660 105400 150502 129301 89812 
89880 110512 100730 20660 95782 84812 141712 33020 76462 118442 139092 41770 165912 38460 27730 94300 119702 121032 101912 49370 169480 150852 133461 23600 63130 16660 61310 131322 86341 50651 99972 124690 128772 52481 101252 39930 51020 36940 21520 81740 61830 33040 174132 29900 55130 34840 6890 16220 110920 56241 141552 0 165282 111312 101452 111852 174742 136462 146650 161892 100412 127572 139831 27050 113451 74880 22860 20500 17120 42411 104042 100081 91830 14750 13730 121200 
85350 66240 71570 168060 78101 81931 93450 153481 90421 48071 31810 130671 11900 164321 142472 115760 52400 103130 68001 148271 56970 47330 77780 181300 108500 177103 147090 42050 88311 115292 99930 113030 51040 115181 64810 154780 158210 134311 161600 140840 176680 147781 32920 160392 172630 181820 169083 153672 62680 113141 24420 165723 0 56601 69491 53981 18100 98800 59370 27370 71861 40790 71630 182450 78430 175200 182570 181843 168782 125691 68620 79620 128360 174593 153392 111152 
45230 15690 31170 120101 21780 29300 65120 99220 36160 9180 28490 76410 55420 109920 88171 62360 9910 55900 11770 94010 82300 43320 43100 131372 61740 122802 106030 29910 31990 60991 46530 102480 20780 60920 13990 110490 117150 80050 113800 87440 134310 93520 67931 106010 130040 135530 114782 99371 32300 58880 33011 111422 55951 0 13170 7750 66502 62800 67240 55691 15540 25600 41610 132991 28560 137600 130632 127542 114481 71430 13240 25630 74960 120292 99091 62810 
43870 12270 32510 110640 9060 20060 59750 88390 25560 22610 40810 66700 67460 99090 78710 49600 20530 48590 5560 83180 94230 50940 41880 121911 57510 113341 102060 41670 20270 51671 33770 107400 28860 51210 15770 106260 113180 70340 104480 74680 130340 82690 81361 95180 126070 130050 105321 89910 37380 48420 46441 101961 69381 13680 0 18290 79932 56260 79000 69121 2820 37530 43840 123530 21850 133630 121171 118081 105020 61720 3810 12870 62200 110831 89630 55500 
41810 22550 27130 118780 26880 28160 71790 99710 36650 6810 28830 76900 54770 110410 88701 67460 14160 62760 15590 94500 76850 47490 49570 131902 59220 123332 103510 24290 36280 61521 51630 96730 25290 61410 11320 107970 114630 80540 112320 92540 131790 94010 64320 106500 127520 133010 115312 99901 26550 59370 30791 111952 53731 7690 18270 0 64282 69470 61620 52080 20640 20150 47970 133170 35420 135080 131161 128072 115011 71920 19370 30730 80060 120822 99621 69670 
92360 77211 78910 177180 88372 90400 104450 162140 98890 58342 43450 139140 21900 172980 151131 126731 63371 114770 78272 156930 46090 58330 88780 190420 115840 185762 154100 49060 98582 123761 110901 115460 62680 123650 73240 161790 165220 142970 170720 151811 183690 156440 22040 169051 179640 188830 177742 162331 69690 121610 34781 174382 18110 66872 79762 64252 0 109800 56640 22880 82132 47800 82630 191570 90070 182210 191730 190502 177441 134160 79591 90591 139331 183252 162051 122792 
95320 47750 86970 145871 55080 70330 7730 112230 69950 68220 71840 98220 90950 113340 113671 43990 58520 16160 60590 96370 141160 53600 25010 157141 102570 148302 151260 89330 57170 89771 38370 161120 52960 85511 70020 146811 160601 102190 141481 70760 176201 106850 121650 119060 167871 166071 138830 124871 91720 80611 85800 136420 99840 62510 56380 69260 110990 0 126810 108480 54820 84620 31470 158841 35990 188871 156401 153042 132020 95001 53580 48000 57930 138250 122910 18370 
64820 81410 60170 140990 87440 82900 128620 145770 90350 59110 67830 123520 67870 160660 126060 129420 69550 121970 75420 145150 22280 93320 105330 154230 91720 152860 111110 37280 93690 107580 112260 60160 78230 109140 67310 125970 123960 126920 134530 153140 141620 141430 35760 152490 137570 151540 152800 133430 47370 109550 49980 146620 59460 67290 78830 61540 56650 127290 0 38980 81200 42520 103730 155380 94280 138390 155500 156700 157160 118300 79930 91290 142020 160050 140800 129322 
79810 66150 66360 162850 77431 77850 107540 149400 86340 47401 40880 126590 36010 160240 137850 115670 52310 105802 66660 144190 35410 62890 84720 176090 103290 173022 141300 35330 87070 111211 99840 98700 57030 111100 60690 149240 152420 130230 156390 140750 170890 143700 14340 156311 166840 176280 165002 148850 57140 109060 23160 161642 27600 55931 68821 52040 22870 108230 39080 0 71191 35250 82780 177240 79160 169410 177360 177280 164701 121610 68530 79530 128270 170512 149311 112682 
44670 12330 33550 109770 6640 19680 58210 87520 24690 24990 42420 65830 68060 98220 77840 47950 21220 47050 7930 82310 96610 51370 40340 121040 57130 112471 101800 44050 18500 50801 32120 108440 29290 50340 16810 105390 112920 69470 103610 73030 130240 81820 83741 94310 125330 129180 104451 89040 38420 47550 48821 101091 71761 16060 2830 20670 82312 54720 81380 71501 0 39910 44270 122660 20310 133370 120301 117211 104150 60850 4200 11220 60550 109961 88760 53960 
44690 39630 32060 127510 46140 43550 86000 115100 52040 17330 27030 92290 47530 125800 103550 86720 27770 79840 34500 109890 57170 53160 63200 140750 68990 138722 106430 5310 52770 76911 70890 84420 36450 76800 26390 114120 117550 95930 121050 111170 135210 109400 47080 121890 131160 139160 130702 114550 22020 74760 16860 127342 40560 25580 37530 20240 47900 84840 42640 35280 39900 0 61600 141900 52500 134000 142020 142980 130401 87310 38630 49990 99320 136212 115011 86750 
85651 32820 71971 148280 46390 61640 26990 120350 66140 45071 46040 102820 62680 123760 116350 59690 34951 34970 46331 106790 113820 25330 7780 159550 98760 150981 144420 66181 54030 89430 44480 145191 27160 88850 54551 146710 155540 107240 143890 87870 172860 114650 94920 127140 166650 168480 142961 127550 73251 84380 60000 139601 71570 41461 44071 47811 82720 31270 103511 82680 44491 61471 0 161250 27090 175990 158810 155721 139820 98770 40651 40630 73630 146050 127270 43510 
98880 133291 113630 15620 118561 107591 164491 59790 99241 140020 161310 65870 186890 65450 46580 121580 143620 143811 124691 74870 178480 175150 157500 5690 75010 22590 56800 142860 109120 73430 122751 123750 152640 75260 122310 39540 43990 61440 24130 107080 54800 58380 188820 57220 48100 10350 33230 35620 121320 79020 158710 27420 182410 134091 124231 133430 191740 159241 155650 177630 123191 142440 163870 0 137120 67850 12370 16970 43460 65190 126821 122860 117170 41090 39070 147831 
60760 13190 52410 122410 20520 35770 39220 98250 40270 36000 47870 76950 71680 104550 90480 44770 27630 30910 26030 87580 109100 44020 21250 133680 72890 125111 118550 57110 28160 63560 26020 126560 28830 62980 35460 120670 129670 81370 118020 70680 146990 92550 91170 105040 140780 142610 117091 101680 57160 58510 56250 113731 77870 29040 21820 35210 89510 36130 94440 78930 20260 52400 27620 135380 0 150120 132940 129851 116320 72900 19020 14760 57370 122601 101400 37860 
95430 143420 112370 61140 130760 116960 194371 100790 112770 141790 160580 97070 181090 109761 75250 152230 146500 169901 131410 116060 159660 180070 170110 69750 80480 77550 33060 133170 126550 94950 148841 96490 157450 99120 124080 39140 26110 92640 55820 148940 19030 99380 171870 101131 23850 57380 81090 70210 112240 103410 150420 74370 174120 137450 133660 135200 181460 189121 138210 168480 133320 133700 176000 67220 150080 0 75670 79990 90371 93860 136250 139490 155670 88950 81150 176551 
99210 130061 113960 15950 115331 104361 161261 54600 96011 137991 158641 62570 185461 59330 43930 117040 139251 140581 121461 70330 178810 170401 153010 7380 75340 11240 64250 143190 105890 70200 119521 127630 148321 72030 120801 42870 53100 57740 24460 102540 63900 53840 189190 51180 57200 19460 27110 32400 121650 75790 159040 22880 183090 130861 121001 131401 192110 156011 155980 178310 119961 142770 159380 12390 133000 76950 0 5520 37340 61960 123591 119630 112630 32620 34530 144480 
100210 127172 113690 19980 112442 101472 158372 50340 93122 135102 155752 59710 182572 55070 41470 112240 136362 137692 118572 66690 179810 167512 150121 11730 75070 6920 68280 144190 103001 67311 116632 131660 145432 69141 117912 46900 57120 54880 28490 99610 67930 50980 189790 46920 61230 23810 22850 29940 122650 72901 158212 20320 181942 127972 118112 128512 191402 153122 156980 178040 117072 143370 156491 16740 130111 80980 5530 0 33080 59071 120702 116741 109770 27840 31670 139680 
96960 113801 105600 37610 99071 88101 137710 22470 79751 121731 142381 40710 169201 24620 34070 89980 122991 117030 105201 38820 178930 154141 133640 39950 69470 28640 76841 134611 89030 53940 96570 138570 132061 55340 104541 55461 66111 35720 37051 69350 76921 26270 177421 17910 70221 51190 11170 25280 115790 58040 144841 17110 168571 114601 104741 115141 178031 132460 156150 165181 103701 130861 140240 43400 116140 89971 37380 33380 0 45130 107331 102770 82970 7690 18330 116880 
57310 70710 63160 51430 55980 45280 100021 29930 36660 78910 99580 8690 126400 44820 19500 61450 80190 79341 62400 37340 140180 110750 92660 62700 32060 54131 64400 91790 45540 11500 58281 109420 88970 11380 61720 56070 68640 10290 47040 59070 82610 26000 134600 36650 75910 71400 46111 30700 73350 14550 102020 42751 125750 71800 61650 72320 134980 94771 118730 122360 60610 88040 99030 64320 72650 94370 61960 58871 45040 0 64240 59280 62350 51330 30420 83361 
46390 9370 34560 113460 10330 23110 56980 91210 28380 22670 38450 69520 64090 101910 81530 50160 17250 46320 7590 86000 95390 47570 39010 124730 60360 116161 104650 42830 22190 54491 34330 109710 25490 54030 17140 109080 115770 73160 107300 75240 133090 85510 80980 98000 128820 132870 108141 92730 38840 51240 46060 104781 68880 13740 3820 19450 79681 53680 80160 68740 4260 38680 40470 126350 18980 136220 123991 120901 107840 64540 0 13990 62760 113651 92450 53230 
51070 14540 43290 108880 8810 24770 51470 84290 27780 35150 49470 63420 75040 93170 76950 37040 28270 38480 18100 76210 106770 53500 34630 120151 60400 111581 108200 54210 14630 50030 21210 116870 34220 49450 27040 107140 118790 67840 104490 62120 133780 78590 92000 91080 127080 128850 103561 88150 48650 44980 57080 100201 79900 26220 12950 30830 90701 47980 91540 79760 11290 50070 41000 121770 14800 139770 119411 116321 102790 59370 14000 0 49640 109071 87870 43840 
93810 63220 92060 109020 58330 69400 63510 61170 60770 84320 98150 58480 123720 61530 77920 15210 76950 42520 67620 44850 157630 97120 66770 113210 81010 104810 124860 103730 54130 60350 32300 157640 82530 56460 76560 117180 130970 59890 107380 16670 144940 60060 140680 67540 138240 124490 90910 85690 98170 52520 105760 91620 128580 75390 62470 80350 139381 58050 142970 128440 60810 99590 73370 116660 57200 156700 112470 109550 82870 62430 62740 49840 0 87690 78110 41510 
99860 119292 109970 35250 104562 93592 144080 28840 85242 127222 147872 47080 174692 29050 36970 96350 128482 123400 110692 43600 181830 159632 140010 37300 72370 23400 75970 140102 95121 59431 102940 139690 137552 61261 110032 54590 65610 42090 36180 73780 76420 32640 182912 24000 69720 48510 7860 27670 120160 64410 150332 14750 174062 120092 110232 120632 183522 138830 159050 170672 109192 136342 146610 40720 122231 89470 32290 27280 7770 51191 112822 108861 87750 0 22120 123250 
80480 98381 90040 31090 83651 72681 128440 20860 64331 106311 126961 28620 153781 31870 17040 80710 107571 107760 89781 35940 162450 138721 121330 35230 52990 26830 63070 119191 74210 38520 87300 124480 116641 40350 89121 43420 55990 23630 29650 68150 69220 19450 162001 21250 62520 46470 16820 11820 100230 44110 129421 13640 153151 99181 89321 99721 162611 123190 139670 149761 88281 115431 127700 38680 101320 81720 34490 31570 18340 30280 91911 87950 78240 21970 0 107610 
94140 47210 85790 134531 51630 66050 25620 96930 64130 70020 80041 85480 103811 98040 102331 28690 60871 8420 60050 81070 142971 66600 36250 145230 96750 134310 143151 91130 51350 78431 28020 159940 61261 74171 69480 135471 149261 86890 130141 54410 163231 91550 124411 103760 156531 154731 123530 112690 91150 69271 89491 121120 110001 63060 55200 69230 121641 18750 128681 112171 53640 86420 42850 147501 37540 176561 144490 139670 116720 83661 53040 43140 41830 122950 107610 0 

0 Ciudad_0 0 0 32400 0
1 Ciudad_1 304 2959 17559 608
2 Ciudad_2 205 3764 16013 410
3 Ciudad_3 232 10380 21617 464
4 Ciudad_4 686 10526 14733 1372
5 Ciudad_5 172 7733 15182 344
6 Ciudad_6 720 14950 26305 1440
7 Ciudad_7 798 4788 18168 1596
8 Ciudad_8 520 14677 21296 1040
9 Ciudad_9 824 8988 19939 1648
10 Ciudad_10 550 10542 24615 1100
11 Ciudad_11 252 5696 15038 504
12 Ciudad_12 354 22155 26270 708
13 Ciudad_13 180 18071 22412 360
14 Ciudad_14 361 16843 18884 722
15 Ciudad_15 704 11845 25339 1408
16 Ciudad_16 148 12699 20151 296
17 Ciudad_17 203 9605 23247 406
18 Ciudad_18 631 1777 7461 1262
19 Ciudad_19 496 4618 18224 992
20 Ciudad_20 251 15732 25839 502
21 Ciudad_21 516 4313 10896 1032
22 Ciudad_22 671 4181 18170 1342
23 Ciudad_23 318 16006 26472 636
24 Ciudad_24 537 4151 7763 1074
25 Ciudad_25 336 11082 22002 672
26 Ciudad_26 663 3857 13482 1326
27 Ciudad_27 500 6581 20935 1000
28 Ciudad_28 537 4019 7038 1074
29 Ciudad_29 168 4954 12009 336
30 Ciudad_30 477 5091 11563 954
31 Ciudad_31 273 19251 24072 546
32 Ciudad_32 181 3322 15493 362
33 Ciudad_33 306 15090 29715 612
34 Ciudad_34 781 3408 5808 1562
35 Ciudad_35 424 8689 21495 848
36 Ciudad_36 767 4822 13167 1534
37 Ciudad_37 354 9675 24235 708
38 Ciudad_38 191 7091 18502 382
39 Ciudad_39 699 15087 17088 1398
40 Ciudad_40 525 16875 26847 1050
41 Ciudad_41 119 6225 10992 238
42 Ciudad_42 672 9271 14514 1344
43 Ciudad_43 784 4254 9652 1568
44 Ciudad_44 112 15648 25525 224
45 Ciudad_45 377 15142 17995 754
46 Ciudad_46 109 7440 16971 218
47 Ciudad_47 815 11988 18791 1630
48 Ciudad_48 716 15966 18632 1432
49 Ciudad_49 458 13571 16657 916
50 Ciudad_50 129 13664 26851 258
51 Ciudad_51 609 22325 24958 1218
52 Ciudad_52 125 13295 20636 250
53 Ciudad_53 400 23027 25952 800
54 Ciudad_54 614 14988 20736 1228
55 Ciudad_55 476 6900 17205 952
56 Ciudad_56 220 5013 12390 440
57 Ciudad_57 103 12335 19712 206
58 Ciudad_58 525 16266 22519 1050
59 Ciudad_59 154 12564 27447 308
60 Ciudad_60 520 18682 28970 1040
61 Ciudad_61 539 17807 26816 1078
62 Ciudad_62 498 9088 24028 996
63 Ciudad_63 365 19166 24216 730
64 Ciudad_64 460 10979 24748 920
65 Ciudad_65 313 10873 18605 626
66 Ciudad_66 669 17236 26324 1338
67 Ciudad_67 315 13632 21179 630
68 Ciudad_68 349 18817 27375 698
69 Ciudad_69 441 16034 23275 882
70 Ciudad_70 573 16748 21676 1146
71 Ciudad_71 748 12653 14739 1496
72 Ciudad_72 371 16351 21028 742
73 Ciudad_73 743 11219 25675 1486
74 Ciudad_74 780 18271 25570 1560
75 Ciudad_75 803 4126 7716 1606

0 0.0807104 0.0646871 -0.0575528 0.00162659 -0.019794 0.0839344 0.0769545 0.0612562 0.0367476 0.0320548 0.0783709 -0.0956013 0.0795207 -0.0180495 0.040575 -0.0122386 0.00562206 0.0422749 0.0319361 -0.0488467 -0.0780021 -0.0268392 -0.0473412 -0.0303231 -0.063636 -0.0125256 -0.0262807 -0.0578348 0.0274505 -0.0778514 0.0924221 -0.0785967 -0.0498407 0.0449919 0.0649887 -0.0301864 0.0227544 -0.00957976 0.0422654 0.0746984 0.0547887 -0.0191989 -0.025316 -0.0518117 -0.0485624 0.0412784 -0.0743691 -0.0235409 -0.0687485 -0.00451603 0.0973793 -0.0181076 -0.0748414 0.0117656 -0.033917 0.00341751 0.00988472 0.0388711 0.0941537 -0.0209864 -0.0463811 0.0875809 -0.0014073 0.0676561 0.065964 -0.0564758 0.0187602 0.0664454 -0.0558285 0.0481599 0.00128034 -0.0945027 0.0108705 0.0578754 -0.0377355 
-0.0807104 0 -0.0718109 -0.0727261 -0.0136774 0.0371342 0.0138524 0.034075 -0.0128387 -0.00756369 -0.0764267 0.0209614 0.0344014 0.00403055 0.040567 0.0576577 -0.0481094 -0.0307223 -0.0608217 0.0144153 0.026527 -0.0274171 0.00687228 -0.0699671 -0.0937618 -0.020193 -0.0630378 -0.0223683 0.072025 -0.0428434 -0.0177849 -0.0473629 0.0899155 0.070775 0.0714677 -0.0339514 0.0422828 -0.0966639 -0.0742554 -0.0300589 0.0604577 -0.0258495 0.0541252 0.0968886 0.000506099 -0.0122972 -0.087985 0.0106229 0.0281144 -0.0265516 -0.0258298 0.0695911 0.0865716 -0.00752361 -0.0174949 0.00834964 4.64986e-05 0.00238709 -0.0121393 -0.00498157 0.0188639 0.0597667 -0.0313389 0.0359819 0.0291919 -0.0666159 0.0387071 0.0312211 0.0972477 -0.0354745 0.0584999 -0.0705132 0.0310653 -0.0319121 -0.00238567 0.0691489 
-0.0646871 0.0718109 0 0.00381089 0.0491655 -0.0131072 -0.018914 -0.086363 -0.0473579 -0.054822 0.0667548 -0.0837991 -0.0614565 0.0841695 0.0920448 0.0809273 0.0728733 0.0897363 0.0373402 -0.00833928 -0.0620072 -0.0309982 -0.0453077 0.0327809 -0.0728043 0.0268924 0.0656288 0.094241 0.0217694 0.0540001 0.0127715 0.0490314 -0.085764 0.0514431 -0.0983167 0.0418372 -0.0267133 -0.0312097 -0.0908771 0.0274736 0.081272 0.0749594 0.0812809 -0.0372967 -0.0951682 0.024915 0.0587932 0.0636829 -0.0802289 0.0632673 0.012952 0.03671 0.0735283 0.0772653 -0.0370547 0.0728833 -0.0573547 -0.0249696 0.0603714 -0.0557229 0.0990178 -0.0643096 -0.0540178 0.0334983 0.0760256 -0.0295966 -0.0585591 0.0384665 0.049461 -0.0548675 -0.00340241 -0.013913 -0.0534666 0.0844171 -0.0171501 -0.0358648 
0.0575528 0.0727261 -0.00381089 0 -0.00526883 0.077399 -0.055996 0.0697685 -0.087197 0.0762115 -0.0632218 -0.0348621 -0.0171195 0.0192478 -0.077153 -0.0709542 0.0216553 0.0440314 0.0768669 -0.0244509 0.0471494 -0.0601974 0.0332679 0.054121 0.0957207 0.0135323 0.0764379 -0.0871775 0.0383753 -0.0413588 -0.0322678 -0.075392 0.0379606 0.0580021 -0.0582054 0.0684704 0.0143083 0.0332076 -0.000751137 0.048693 0.0531372 0.0556311 -0.0869321 -0.00800002 -0.0193259 -0.023601 0.0302478 -0.0900919 -0.0996772 -0.021866 0.0308443 -0.0948991 0.00691477 -0.0123882 -0.0845842 -0.0745854 0.0403651 0.0610062 -0.0974128 -0.0523663 -0.0202323 -0.0520529 0.0430419 -0.0883565 -0.0957972 -0.0723604 0.0450775 0.00315537 0.0527125 -0.0432627 0.0352983 -0.0252591 -0.0655827 0.0475113 0.0212627 -0.0354392 
-0.00162659 0.0136774 -0.0491655 0.00526883 0 0.0902638 0.0723965 0.0377674 0.0998462 -0.0317579 0.0446073 -0.0766835 -0.0981127 0.00754509 0.0512459 0.0991612 0.0878203 0.0984683 0.069274 0.0838798 0.0588329 -0.0818418 0.0645507 -0.0769992 -0.0430172 0.0949964 -0.0273211 -0.00917198 -0.0878386 0.0532712 0.0387081 -0.0727814 -0.0505866 -0.0570168 -0.0365839 0.0235306 -0.0180687 0.0672317 0.0555525 -0.0538485 0.062504 0.0800791 0.0424722 -0.0695294 0.0664958 -0.00757322 0.0121138 0.0571007 0.0651478 0.0154014 -0.040607 0.0290452 0.0197821 0.0534077 -0.0350022 -0.0295627 0.0924445 -0.0586434 0.0835216 0.0855709 0.0912535 -0.0544771 -0.0556417 0.0880126 -0.0619381 0.0875523 -0.03126 0.0640623 0.0874887 0.0624748 0.0541258 -0.036947 -0.0933339 -0.0226104 -0.0622299 0.0317256 
0.019794 -0.0371342 0.0131072 -0.077399 -0.0902638 0 0.0626508 -0.020499 -0.0715391 0.0199743 0.0879347 -0.00614935 0.0648142 0.0220777 0.095656 0.073191 0.0459455 0.0676895 0.0618158 0.020587 0.0262615 -0.0322025 -0.0637083 -0.0862477 0.0862035 -0.0909837 0.0969658 -0.0738527 0.00192693 -0.0385518 -0.0557441 -0.0632054 -0.0875185 -0.0598808 0.0160429 -0.00870988 0.0983367 -0.00958729 -0.0177021 0.0605539 -0.0336412 0.0036185 0.0408911 -0.00592214 -0.0791178 0.0654853 -0.0712978 -0.0911744 0.0112279 0.0433788 -0.0254805 0.0281174 -0.0403811 0.0101442 0.0396394 -0.0183024 -0.0192325 0.00482547 0.00514608 0.0986931 -0.0108152 0.0846142 -0.0345834 -0.0687907 -0.0626857 0.072472 0.0533046 -0.0994054 -0.0339072 0.00833145 -0.0269701 0.0587063 -0.0250607 -0.0774781 -0.0628045 -0.0232761 
-0.0839344 -0.0138524 0.018914 0.055996 -0.0723965 -0.0626508 0 0.0243669 0.0724524 -0.0243809 -0.0963272 -0.0024254 -0.0203986 -0.0404093 -0.0868581 -0.0965177 0.0950505 0.0369978 -0.0436765 -0.0617305 0.0113261 0.0364577 -0.0277061 -0.00648231 0.0614037 0.0371594 0.0768009 -0.0492083 0.0478205 -0.0120814 0.017997 0.0650267 0.0532725 0.0292749 -0.0416017 0.0123883 0.00334551 0.0644825 0.00213465 -0.0842331 -0.0653071 -0.0283299 -0.0314851 0.0231437 0.00294658 0.0608243 0.0786253 0.0769549 0.0396043 0.0996294 -0.0283692 0.0340033 0.0361087 0.095962 0.0386055 0.0427846 -0.0372781 -0.0545962 0.0374546 0.0950659 -0.0494451 -0.0864101 0.0693021 -0.0643666 0.0502595 0.0921119 0.0627495 0.0563277 -0.0307362 -0.0545099 0.0410309 -0.0276499 0.00464642 0.0501017 -0.0864408 0.000106423 
-0.0769545 -0.034075 0.086363 -0.0697685 -0.0377674 0.020499 -0.0243669 0 0.00353573 0.0849491 -0.0439371 0.0626475 -0.0660282 0.0081515 -0.0704606 0.0516652 0.0886354 0.0600497 -0.0236 0.0473651 0.0706721 0.0353301 -0.017285 -0.0747089 -0.0413673 0.0473286 0.00264476 -0.0990726 -0.0917573 0.0464017 -0.0796626 0.0279488 0.0519302 -0.0389941 -0.0808465 0.020734 0.0963748 -0.022873 -0.0452822 0.0681816 -0.0178814 -0.0316814 0.0675264 -0.0638544 0.0427821 0.0912263 -0.070524 0.0214516 -0.0529922 0.0913865 -0.0479101 0.0918325 -0.0493989 0.0807934 0.0706001 -0.0909422 -0.0153276 -0.0675661 0.0339578 0.0509016 -0.0247204 0.0740599 -0.0452183 -0.0522665 -0.0454267 0.0611959 0.0178941 -0.00406072 0.0876393 -0.0372501 -0.0263929 0.00698343 -0.0618624 -0.0191678 0.0123362 -0.0934655 
-0.0612562 0.0128387 0.0473579 0.087197 -0.0998462 0.0715391 -0.0724524 -0.00353573 0 0.0997791 0.0650018 -0.0798318 0.0925495 0.0262308 -0.0500116 0.0898841 -0.0160625 0.0687667 0.0953213 -0.00104194 0.019731 -0.0680298 0.0485851 -0.026274 -0.0474072 0.0661488 -0.099454 -0.0266606 -0.0672375 0.0366687 0.0543369 0.0833883 0.0423639 0.092032 -0.0179991 0.00508123 -0.0901607 0.0360909 0.00221419 0.0951558 -0.0765218 0.097882 -0.01374 0.0951612 -0.0323661 -0.00517555 0.073699 -0.00375289 0.0900379 -0.0513421 -0.00965779 -0.0645394 -0.0033993 0.0407419 -0.0663986 -0.0156184 0.00424069 -0.0150419 -0.0938335 0.0813448 0.0635766 0.036121 0.00884018 -0.0496286 0.0511544 -0.0888125 -0.01838 -0.0833606 -0.0535176 -0.0169302 -0.0972173 0.0917433 -0.086436 -0.0548257 -0.00904076 0.0519698 
-0.0367476 0.00756369 0.054822 -0.0762115 0.0317579 -0.0199743 0.0243809 -0.0849491 -0.0997791 0 0.0035416 0.0636786 0.0855505 0.0980056 0.0852391 -0.00626253 -0.00541949 -0.0653367 -0.0479435 -0.0426818 0.0139618 -0.0569096 0.0951735 -0.0596708 -0.0538059 0.0301358 0.0854546 -0.010777 0.0667706 0.0561214 0.0611077 0.00338864 0.0920328 -0.0642861 0.0560056 -0.0246331 0.0304448 -0.0845401 0.0471495 0.0788521 -0.058385 -0.0993923 -0.0636914 0.0437627 -0.0141447 -0.0962511 -0.0241462 -0.0486342 -0.0103575 -0.0855635 0.0252085 0.0540937 0.0885682 -0.0989519 -0.0522468 0.0726708 -0.0638337 -0.0710216 0.0374055 0.0469619 -0.019697 -0.00916378 -0.0312769 -0.0876947 -0.0799679 0.0141971 -0.0276346 0.00285592 -0.0417746 -0.0494167 0.095347 -0.0554471 0.0297437 0.0939035 0.0240002 0.0931878 
-0.0320548 0.0764267 -0.0667548 0.0632218 -0.0446073 -0.0879347 0.0963272 0.0439371 -0.0650018 -0.0035416 0 -0.0733945 -0.0155151 -0.0230993 -0.0260694 0.0734976 -0.0873407 0.047131 -0.0708785 0.088587 -0.0277537 0.0590196 -0.0536042 0.0923984 0.0276385 0.00215162 0.0574881 -0.0816347 0.0972911 -0.0139046 -0.0823235 0.0940204 -0.0400997 0.0614533 0.0220794 0.0481647 0.0840454 -0.0195089 -0.00251415 0.0362168 -0.0768685 0.0361062 -0.0142562 -0.000340122 0.0589527 -0.095962 0.0253996 -0.0157191 -0.0812112 0.0301106 -0.0731882 0.00562299 -0.00113075 -0.0970757 -0.0176339 -0.0960069 -0.0191516 0.0106721 0.0903973 0.0164864 0.0937801 0.0689113 0.0589695 -0.0621577 -0.0542648 0.0563687 0.0305753 -0.0912822 0.00713592 0.00523132 0.014278 -0.00619644 -0.081779 -0.0172449 -0.0524387 0.0414859 
-0.0783709 -0.0209614 0.0837991 0.0348621 0.0766835 0.00614935 0.0024254 -0.0626475 0.0798318 -0.0636786 0.0733945 0 -0.0744353 0.0714214 0.049919 0.0322491 0.0180473 0.0414843 -0.0714532 -0.0717716 -0.0263505 -0.0470783 -0.0595924 0.00165384 0.0498376 0.0244965 -0.0148792 -0.0556399 -0.06773 0.0374827 0.00754617 -0.0140306 0.0525106 -0.0555833 0.0648596 -0.0969174 0.0717057 -0.0301486 0.047999 -0.0285776 0.0635906 0.0501217 -0.0824714 0.0250477 0.0830097 0.0511495 -0.0974717 -0.0540164 0.0428904 -0.0471112 0.0792034 -0.0795979 -0.0507722 -0.0689025 -0.0301778 0.0327858 -0.0176726 -0.0936935 -0.084777 0.0282603 0.0790923 -0.0762501 0.0950227 0.0743058 0.0403467 -0.00718908 0.0860054 -0.0629838 0.0499371 0.0758045 -0.0144962 0.0172331 0.0744024 -0.0706724 0.0527434 0.0266676 
0.0956013 -0.0344014 0.0614565 0.0171195 0.0981127 -0.0648142 0.0203986 0.0660282 -0.0925495 -0.0855505 0.0155151 0.0744353 0 -0.0944476 0.000424591 0.0140445 -0.0335126 -0.0215522 0.0108263 -0.013235 -0.0587518 -0.0806782 -0.0901101 -0.0815566 -0.0441076 -0.0430421 -0.013182 -0.0838696 -0.0139689 0.053804 -0.0798591 0.0365793 -0.0876152 0.0812052 -0.0446887 -0.0310093 -0.0351388 0.0255651 -0.0619433 -0.0809251 0.0632753 -0.0534383 -0.0432611 -0.00906061 0.0758341 0.0606103 0.0835181 -0.0121464 0.0627564 -0.0513712 0.0120221 -0.0744132 -0.0402959 -0.0540241 -0.000780122 0.0281925 0.0658357 -0.040802 -0.0209596 0.0913444 -0.0164944 -0.091678 -0.0334112 -0.0175227 0.096463 0.0753822 -0.069511 -0.0117903 0.00517697 -0.0383591 0.0719591 0.0481695 -0.0936683 0.0709176 -0.0833704 0.0735602 
-0.0795207 -0.00403055 -0.0841695 -0.0192478 -0.00754509 -0.0220777 0.0404093 -0.0081515 -0.0262308 -0.0980056 0.0230993 -0.0714214 0.0944476 0 -0.0155205 0.0800034 -0.00535598 -0.0841669 -0.0875565 -0.0525838 0.0176095 0.0990454 -0.0598845 -0.0656765 -0.00118858 0.0747533 -0.0718245 -0.0837754 0.0839843 0.0532189 -0.0101178 0.0664342 0.000816905 -0.058675 -0.0507703 0.0204177 0.056004 0.0644683 -0.0902425 -0.0335537 -0.0858109 0.0852567 0.0815824 -0.0776896 -0.0573872 -0.0750337 -0.0885361 0.01251 0.00621395 0.0120664 -0.052509 -0.0163096 -0.0383494 -0.0964477 0.088224 -0.016623 -0.038747 -0.0262075 0.0385099 -0.0694853 -0.0476135 -0.0200444 0.0245489 0.0266878 -0.0515132 0.0700295 -0.0299526 -0.0893881 -0.0155813 0.0636103 0.00769899 0.0529704 0.0850159 0.0491326 0.0293584 0.0991026 
0.0180495 -0.040567 -0.0920448 0.077153 -0.0512459 -0.095656 0.0868581 0.0704606 0.0500116 -0.0852391 0.0260694 -0.049919 -0.000424591 0.0155205 0 -0.0522389 -0.0327679 -0.0313034 0.096379 0.0998987 0.0986311 0.0413566 0.0960756 0.0948931 0.0294022 0.0719533 0.092249 0.055014 -0.0223569 -0.0338614 0.0652643 0.0202146 0.0106279 0.0881165 0.0457365 0.0596161 0.00689425 -0.0759672 0.0475363 0.00336645 -0.0894432 0.0326819 -0.0220454 0.088653 0.0928484 0.02085 0.0587536 -0.0326005 0.0681434 -0.0626243 -0.0749201 0.0965859 0.0240201 -0.0620598 -0.0655284 0.0326384 0.080351 -0.0995537 -0.0932781 0.0504897 -0.0694693 0.0537867 0.0146906 0.068517 -0.0526697 -0.018102 0.0137018 0.0434864 0.0121054 0.053523 -0.0440114 0.0515029 -0.0191719 0.0708744 -0.000182759 -0.0675299 
-0.040575 -0.0576577 -0.0809273 0.0709542 -0.0991612 -0.073191 0.0965177 -0.0516652 -0.0898841 0.00626253 -0.0734976 -0.0322491 -0.0140445 -0.0800034 0.0522389 0 -0.0250472 -0.0294658 0.0765482 0.034159 -0.0234102 0.056845 0.0818348 0.0964475 0.0180417 0.0413697 0.0643226 -0.0166085 0.0721205 0.0847754 0.0985748 -0.09918 0.0383458 -0.0281735 0.0594895 -0.04529 0.0888733 0.0178796 -0.0137495 0.0124656 -0.00176309 0.0690278 -0.0111269 -0.00902984 -0.0291098 -0.082993 -0.0467542 0.0939215 0.00516981 -0.075657 -0.090064 -0.0978327 -0.077992 0.0712961 0.0963487 -0.0180669 0.0568705 -0.0819402 0.0677627 0.0226348 0.036349 0.0638685 -0.0641832 0.0594593 -0.0037698 0.0918071 0.0371658 0.0768079 0.0536774 -0.0544657 0.025203 -0.0123012 -0.0175294 0.0495045 -0.0705487 -0.077622 
0.0122386 0.0481094 -0.0728733 -0.0216553 -0.0878203 -0.0459455 -0.0950505 -0.0886354 0.0160625 0.00541949 0.0873407 -0.0180473 0.0335126 0.00535598 0.0327679 0.0250472 0 0.0375833 0.0567857 -0.0113156 -0.0739675 -0.027107 -0.0383507 0.0496317 -0.048166 0.0429525 0.0307624 0.0645226 0.0981762 -0.00455612 0.0139053 0.0216167 -0.0724906 0.0381429 0.01619 -0.0413462 -0.0229616 -0.0509029 -0.0381235 -0.0680776 0.0569177 -0.0939658 0.0689055 -0.0810087 -0.0479136 0.00750819 -0.0440086 0.0175107 0.0806668 -0.045782 -0.076418 0.0458445 -0.0236853 0.0172383 0.0140448 0.0672038 -0.0696476 -0.0920582 0.0288164 -0.0983976 -0.0525013 0.0804483 -0.0569207 -0.0279919 -0.0763998 0.0441271 -0.0197208 0.0799287 -0.0657413 0.0250782 0.099114 -0.0904428 -0.0535536 -0.0160774 0.0977889 -0.0277065 
-0.00562206 0.0307223 -0.0897363 -0.0440314 -0.0984683 -0.0676895 -0.0369978 -0.0600497 -0.0687667 0.0653367 -0.047131 -0.0414843 0.0215522 0.0841669 0.0313034 0.0294658 -0.0375833 0 0.088951 0.0996493 0.0971129 -0.0661887 -0.0736286 -0.0810625 -0.00791953 0.0710518 -0.0850541 0.0506785 -0.0286512 -0.0707375 0.0972814 0.0322385 0.0715989 -0.0548231 0.0508395 -0.0700986 -0.000121093 0.0786789 -0.0439608 0.0949228 -0.0679874 0.0639911 -0.0643297 0.0312372 0.0870489 0.0715251 0.0461033 0.0811449 -0.0592325 -0.0855725 0.0618564 -0.0480193 -0.0191341 0.0136934 0.087202 0.012725 0.0160825 0.0900001 -0.0790839 0.0806096 0.00219107 0.0331368 0.0736776 0.0443844 -0.0892739 0.0352407 -0.0212227 -0.0592423 0.00810327 0.038711 -0.0763443 0.0407079 0.000103985 -0.0918383 -0.0895024 0.0924892 
-0.0422749 0.0608217 -0.0373402 -0.0768669 -0.069274 -0.0618158 0.0436765 0.0236 -0.0953213 0.0479435 0.0708785 0.0714532 -0.0108263 0.0875565 -0.096379 -0.0765482 -0.0567857 -0.088951 0 0.0726007 -0.0274172 0.0911778 -0.0713203 -0.056856 -0.0848055 0.0112949 -0.0375721 0.0715457 -0.0464867 -0.0819736 -0.0113899 0.0052081 -0.0502958 0.063668 -0.0958749 0.0944228 -0.0208905 0.0819875 0.0984922 0.0353015 -0.0906926 0.0386013 -0.00990264 -0.0183405 0.0860476 0.000175259 0.03595 -0.0373295 0.00743635 -0.0137866 -0.0853491 0.0482516 -0.0716512 0.0281432 -0.0858809 -0.058028 -0.0128084 -0.06766 -0.0222738 -0.078482 0.0148361 -0.098348 0.00678472 0.0087903 -0.00548118 0.0103141 0.07497 -0.0601425 0.00940354 -0.0644291 -0.0368323 -0.0514502 -0.0833007 -0.0508873 0.0463782 -0.0319896 
-0.0319361 -0.0144153 0.00833928 0.0244509 -0.0838798 -0.020587 0.0617305 -0.0473651 0.00104194 0.0426818 -0.088587 0.0717716 0.013235 0.0525838 -0.0998987 -0.034159 0.0113156 -0.0996493 -0.0726007 0 0.0855542 -0.0153389 -0.0765274 -0.0604421 -0.0271878 0.0153886 0.0243005 -0.0733692 -0.0201147 -0.0140164 0.0750715 0.00721236 -0.0544491 0.017244 -0.0640413 0.0307027 0.0104226 -0.0149433 -0.0329667 0.0585324 -0.0868087 -0.0885519 0.0467783 -0.0874416 -0.0374346 -0.0784276 0.0704403 0.0214403 -0.0704023 0.0562752 0.03603 -0.071128 -0.0369997 0.0500063 0.0410307 -0.0815584 0.0998331 0.0517914 0.0398419 0.0800784 0.0772148 -0.0572237 0.0695682 -0.0197855 -0.0599323 0.075969 -0.0545319 -0.0296957 -0.0312173 0.0017273 0.0478025 -0.0606786 0.0348512 0.0309255 0.0436841 -0.0734713 
0.0488467 -0.026527 0.0620072 -0.0471494 -0.0588329 -0.0262615 -0.0113261 -0.0706721 -0.019731 -0.0139618 0.0277537 0.0263505 0.0587518 -0.0176095 -0.0986311 0.0234102 0.0739675 -0.0971129 0.0274172 -0.0855542 0 -0.0510009 0.0677245 -0.0774518 -0.0959504 0.0862443 0.0288582 0.0175933 -0.0312366 0.0864412 0.036348 -0.00157007 0.00960959 -0.0509053 0.0456007 0.0619961 0.0489275 -0.0310372 -0.0187658 0.0145435 0.0128842 0.0058242 -0.0921459 0.0743076 0.0290722 -0.00668333 0.012873 0.0416735 -0.0607934 0.00325261 0.0618597 0.0497932 0.0115858 -0.000335445 0.0668839 0.0967876 -0.0189668 -0.0422265 0.0939701 -0.089939 -0.0864972 -0.0859507 -0.0785093 -0.0998364 -0.0856013 -0.0411802 0.0414912 -0.0774373 0.0383176 -0.0850602 0.0242777 -0.073472 -0.0569127 -0.0926002 -0.0520616 -0.0482412 
0.0780021 0.0274171 0.0309982 0.0601974 0.0818418 0.0322025 -0.0364577 -0.0353301 0.0680298 0.0569096 -0.0590196 0.0470783 0.0806782 -0.0990454 -0.0413566 -0.056845 0.027107 0.0661887 -0.0911778 0.0153389 0.0510009 0 0.0753821 0.0982104 0.038503 -0.0826359 -0.0551175 -0.0669256 -0.00801593 0.0198391 0.0107722 0.0933686 -0.0185046 -0.0373853 -0.0179954 0.0236512 0.0386388 0.0803025 0.0288918 0.0762265 -0.0584412 -0.0964465 -0.0561288 0.0453255 0.0273236 0.014629 0.0400678 0.0289186 0.0321211 -0.0601269 -0.0786179 -0.0597963 -0.0831574 0.0493197 -0.0657145 0.0833838 0.00339196 0.0437405 -0.0326744 -0.0331765 -0.044955 -0.0585038 0.095173 -0.0828414 -0.0600606 0.0733417 0.0999696 0.0372862 0.000561934 -0.0113594 -0.0418001 -0.0067895 0.0626366 0.0845612 -0.00246197 0.0966177 
0.0268392 -0.00687228 0.0453077 -0.0332679 -0.0645507 0.0637083 0.0277061 0.017285 -0.0485851 -0.0951735 0.0536042 0.0595924 0.0901101 0.0598845 -0.0960756 -0.0818348 0.0383507 0.0736286 0.0713203 0.0765274 -0.0677245 -0.0753821 0 0.0409406 0.0452751 0.0596355 0.0167565 -0.0385151 -0.0229017 0.0094565 -0.0801339 -0.052986 -0.0310714 -0.0618121 -0.0585469 -0.0510792 -0.0364185 0.0269539 -0.0107033 -0.0770742 0.0947338 -0.00931542 0.00124849 -0.0223201 0.0319778 0.0507739 -0.0486107 -0.0602681 -0.0663588 0.00682097 -0.0899052 -0.00365291 0.0444261 -0.0098612 -0.0196025 -0.0272886 -0.0920762 0.0973004 0.0187982 -0.0704835 -0.0448045 -0.0568183 0.0492965 0.0579223 -0.0977691 0.00163767 -0.0814641 -0.080011 -0.0578794 -0.0643333 -0.091598 -0.0394434 0.0864695 0.0695822 -0.0314652 0.0838723 
0.0473412 0.0699671 -0.0327809 -0.054121 0.0769992 0.0862477 0.00648231 0.0747089 0.026274 0.0596708 -0.0923984 -0.00165384 0.0815566 0.0656765 -0.0948931 -0.0964475 -0.0496317 0.0810625 0.056856 0.0604421 0.0774518 -0.0982104 -0.0409406 0 0.034504 -0.0547418 0.0322602 -0.000530697 0.046884 -0.0451649 -0.0234046 -0.0738191 0.000327865 0.0398475 0.0678335 -0.0780166 -0.0799978 0.0997145 0.0114449 -0.0813686 -0.0851466 0.0879276 0.00195593 0.0419237 0.00500123 0.0992043 0.0973124 0.0721643 -0.0113801 0.00369209 0.0452345 0.0187137 -0.075565 0.0296041 0.00858176 -0.0280606 0.0922913 -0.0741309 0.0782449 0.019816 0.0648265 0.0243331 0.0736927 -0.0394325 0.0609519 -0.00227917 0.00947085 -0.0240706 -0.0781211 -0.0657809 0.0583749 0.0464971 0.0189926 -0.025119 -0.0712927 -0.0997193 
0.0303231 0.0937618 0.0728043 -0.0957207 0.0430172 -0.0862035 -0.0614037 0.0413673 0.0474072 0.0538059 -0.0276385 -0.0498376 0.0441076 0.00118858 -0.0294022 -0.0180417 0.048166 0.00791953 0.0848055 0.0271878 0.0959504 -0.038503 -0.0452751 -0.034504 0 0.083487 0.0598919 -0.00703453 0.0173801 0.0432494 -0.099463 0.000711551 0.09001 -0.0362139 -0.0374894 -0.0339724 0.0730051 -0.0207912 0.0774862 0.00856581 0.070918 -0.0864682 -0.0331498 -0.00465221 0.0174265 -0.0159129 0.0321543 0.00603889 0.0346093 0.0292342 0.0259119 -0.0851018 0.073983 -0.069162 -0.0686359 0.00172773 -0.0944578 -0.0448962 0.055991 0.0795537 0.0789201 -0.0930922 0.0638909 0.0668859 0.033903 -0.0351928 -0.0659761 -0.0720742 -0.0702614 -0.0979351 -0.0842932 -0.0991985 -0.0794848 -0.0038881 -0.0479096 -0.0875486 
0.063636 0.020193 -0.0268924 -0.0135323 -0.0949964 0.0909837 -0.0371594 -0.0473286 -0.0661488 -0.0301358 -0.00215162 -0.0244965 0.0430421 -0.0747533 -0.0719533 -0.0413697 -0.0429525 -0.0710518 -0.0112949 -0.0153886 -0.0862443 0.0826359 -0.0596355 0.0547418 -0.083487 0 0.0152278 0.0271866 -0.0894175 0.067797 -0.0244059 0.0188913 0.043005 0.021731 -0.0267137 0.00206467 0.0536327 -0.064604 -0.0310036 0.0126681 -0.0200588 0.0630653 -0.0512391 0.0132418 -0.0380572 -0.0719324 0.0793329 0.0742866 0.0266649 0.0124506 -0.0948333 -0.0327945 -0.0366546 -0.0144531 -0.0224472 0.0238972 -0.024475 0.0584013 0.0286274 0.00433136 -0.072347 0.0820228 -0.0279105 -0.0425731 -0.0464936 -0.0656826 -0.0816588 0.0753455 -0.0574435 0.0252797 -0.045469 0.0697429 -0.0572151 -0.0492422 0.00323895 0.034573 
0.0125256 0.0630378 -0.0656288 -0.0764379 0.0273211 -0.0969658 -0.0768009 -0.00264476 0.099454 -0.0854546 -0.0574881 0.0148792 0.013182 0.0718245 -0.092249 -0.0643226 -0.0307624 0.0850541 0.0375721 -0.0243005 -0.0288582 0.0551175 -0.0167565 -0.0322602 -0.0598919 -0.0152278 0 0.0551249 -0.0820782 0.00690377 -0.0885846 -0.0227157 -0.0702222 0.0674935 -0.0468975 0.0808368 0.00798822 0.0644399 0.0122667 -0.0769741 0.0382553 -0.0977132 -0.07885 -0.00542242 0.0299436 -0.0334608 0.0180079 -0.0498619 -0.0095778 0.0120495 0.0501197 0.0623905 0.0222041 -0.0326107 -0.033216 0.0551735 -0.056733 -0.0619947 0.0404788 -0.0540539 -0.0998018 0.0244349 0.0635183 0.0127257 -0.0988072 -0.0460929 -0.0504703 -0.0846485 0.00353686 0.0520711 -0.0389192 -0.01347 -0.0846465 -0.0535824 -0.00265035 0.0677513 
0.0262807 0.0223683 -0.094241 0.0871775 0.00917198 0.0738527 0.0492083 0.0990726 0.0266606 0.010777 0.0816347 0.0556399 0.0838696 0.0837754 -0.055014 0.0166085 -0.0645226 -0.0506785 -0.0715457 0.0733692 -0.0175933 0.0669256 0.0385151 0.000530697 0.00703453 -0.0271866 -0.0551249 0 -0.0992263 -0.0219706 -0.0386726 -0.07097 0.001799 -0.00136031 0.0338018 -0.0764715 0.0215994 -0.0900444 -0.0444147 0.0431709 0.0872524 0.00605929 -0.0972075 -0.0732131 0.0722316 0.0683189 0.0585507 0.0649793 -0.0155396 -0.050951 0.0533771 0.0392942 -0.0725685 0.0527768 0.0994635 -0.0659451 -0.079886 0.0103339 0.0942852 0.0699613 0.0991687 -0.0848483 0.0803839 -0.0942022 -0.0470057 -0.0842807 -0.0930709 0.0285832 0.0277614 0.0884339 0.0625053 -0.0311554 -0.0949626 0.0509282 0.0450739 0.0349774 
0.0578348 -0.072025 -0.0217694 -0.0383753 0.0878386 -0.00192693 -0.0478205 0.0917573 0.0672375 -0.0667706 -0.0972911 0.06773 0.0139689 -0.0839843 0.0223569 -0.0721205 -0.0981762 0.0286512 0.0464867 0.0201147 0.0312366 0.00801593 0.0229017 -0.046884 -0.0173801 0.0894175 0.0820782 0.0992263 0 -0.0912708 0.0123505 -0.0693764 -0.051019 0.0561446 0.0896407 -0.00616708 -0.0729174 -0.0465709 -0.0349604 0.0329124 -0.0609876 -0.0252659 0.0793839 0.00386329 -0.0967027 -0.0970362 0.0230789 -0.0367952 -0.0930098 0.0309038 -0.079383 -0.082218 -0.0621842 -0.0693207 -0.0625246 0.0029252 0.0454187 0.00900458 0.0802642 -0.088478 0.00576332 0.034568 -0.0855112 0.0820455 -0.0920337 0.04349 0.0878629 -0.0605884 -0.0704592 0.0434452 0.0912106 -0.0599841 -0.00889382 0.0405301 -0.0783184 -0.0668975 
-0.0274505 0.0428434 -0.0540001 0.0413588 -0.0532712 0.0385518 0.0120814 -0.0464017 -0.0366687 -0.0561214 0.0139046 -0.0374827 -0.053804 -0.0532189 0.0338614 -0.0847754 0.00455612 0.0707375 0.0819736 0.0140164 -0.0864412 -0.0198391 -0.0094565 0.0451649 -0.0432494 -0.067797 -0.00690377 0.0219706 0.0912708 0 0.0821731 -0.0872055 0.0752726 0.0487424 -0.0989242 -0.0896555 -0.0589113 0.0456593 -0.0784204 -0.0247935 -0.0533588 0.0380205 0.0180809 -0.0153041 0.0223099 0.0201553 -0.0683557 0.0956409 -0.0689617 0.0140194 0.0630749 -0.0667002 -0.0364964 -0.0927754 0.0323584 -0.0494195 0.0897468 -0.0299894 0.0858324 -0.0424287 -0.0247543 -0.064861 -0.0958442 0.0794904 0.0760575 0.0334411 0.0952606 0.0348509 0.0964712 0.00176311 -0.0750539 -0.0271726 -0.0974734 -0.013704 -0.0189395 0.0647476 
0.0778514 0.0177849 -0.0127715 0.0322678 -0.0387081 0.0557441 -0.017997 0.0796626 -0.0543369 -0.0611077 0.0823235 -0.00754617 0.0798591 0.0101178 -0.0652643 -0.0985748 -0.0139053 -0.0972814 0.0113899 -0.0750715 -0.036348 -0.0107722 0.0801339 0.0234046 0.099463 0.0244059 0.0885846 0.0386726 -0.0123505 -0.0821731 0 0.02569 0.0658064 0.0324623 0.0523971 -0.069406 0.097856 0.074078 -0.089837 -0.0118412 0.0290529 -0.0672424 0.0984777 -0.0723289 0.0510328 0.0208559 -0.0760126 0.0184243 -0.0931659 -0.0219444 -0.057018 0.0201912 0.0424423 -0.0125513 -0.0801232 0.00245799 -0.040956 -0.0874286 -0.0422046 0.0747655 -0.0856279 -0.00353161 0.0217769 0.00442288 0.088797 0.0784097 -0.0363526 0.0599882 -0.0972667 -0.04222 0.0849864 0.0166049 -0.0677611 0.0783663 -0.0387225 0.0360848 
-0.0924221 0.0473629 -0.0490314 0.075392 0.0727814 0.0632054 -0.0650267 -0.0279488 -0.0833883 -0.00338864 -0.0940204 0.0140306 -0.0365793 -0.0664342 -0.0202146 0.09918 -0.0216167 -0.0322385 -0.0052081 -0.00721236 0.00157007 -0.0933686 0.052986 0.0738191 -0.000711551 -0.0188913 0.0227157 0.07097 0.0693764 0.0872055 -0.02569 0 0.0524082 -0.0767948 0.0258582 0.0846598 0.0228108 -0.0472621 0.000917427 -0.0469593 0.0703871 -0.0841918 -0.0569576 0.073621 0.0797466 -0.0731633 0.0663531 -0.0872183 0.0719476 -0.0772913 -0.00337564 -0.0708055 0.0616015 -0.0807031 0.0496654 0.0556409 0.0412503 0.0231724 -0.093184 -0.016847 0.00599211 -0.0973714 -0.00472959 0.0470463 -0.0789874 -0.0588521 -0.0225867 0.0983554 0.0957321 -0.0229355 0.0950428 -0.0251744 -0.0015528 0.0464138 -0.0168087 0.00323202 
0.0785967 -0.0899155 0.085764 -0.0379606 0.0505866 0.0875185 -0.0532725 -0.0519302 -0.0423639 -0.0920328 0.0400997 -0.0525106 0.0876152 -0.000816905 -0.0106279 -0.0383458 0.0724906 -0.0715989 0.0502958 0.0544491 -0.00960959 0.0185046 0.0310714 -0.000327865 -0.09001 -0.043005 0.0702222 -0.001799 0.051019 -0.0752726 -0.0658064 -0.0524082 0 -0.0501116 -0.0646297 -0.0963355 -0.0971298 -0.096043 -0.0385689 -0.0761887 -0.0772255 -0.0621799 0.0590809 0.0453005 -0.0140663 0.0648152 0.0105834 0.0673912 0.0903668 0.0212199 -0.0859844 0.0544375 -0.0395696 -0.0896512 -0.0265247 -0.0357281 0.0599688 0.0688752 -0.0885584 0.0798723 -0.0691087 0.0393031 -0.00935462 -0.0223609 0.0167018 0.0442141 -0.0480094 -0.0138111 -0.0884235 -0.0108643 -0.0388407 0.00828378 0.0771332 -0.052096 0.0330584 -0.0633056 
0.0498407 -0.070775 -0.0514431 -0.0580021 0.0570168 0.0598808 -0.0292749 0.0389941 -0.092032 0.0642861 -0.0614533 0.0555833 -0.0812052 0.058675 -0.0881165 0.0281735 -0.0381429 0.0548231 -0.063668 -0.017244 0.0509053 0.0373853 0.0618121 -0.0398475 0.0362139 -0.021731 -0.0674935 0.00136031 -0.0561446 -0.0487424 -0.0324623 0.0767948 0.0501116 0 -0.00244502 0.0383188 0.0365572 0.0939336 0.0873429 -0.0998682 0.00124649 -0.0194672 0.0764932 -0.0100605 -0.0174738 -0.0570237 0.0385759 0.00940066 -0.0644464 0.0663852 -0.0121702 0.0301349 -0.0536899 -0.0562634 0.0876657 0.036864 0.0165241 -0.076183 -0.0328042 0.0671081 0.0252978 0.0229282 0.063645 -0.0733592 -0.0049584 -0.0402569 0.0955863 0.0462063 -0.0817899 0.0300843 -0.039592 -0.0729925 0.0897857 -0.0265653 0.0583024 -0.0140618 
-0.0449919 -0.0714677 0.0983167 0.0582054 0.0365839 -0.0160429 0.0416017 0.0808465 0.0179991 -0.0560056 -0.0220794 -0.0648596 0.0446887 0.0507703 -0.0457365 -0.0594895 -0.01619 -0.0508395 0.0958749 0.0640413 -0.0456007 0.0179954 0.0585469 -0.0678335 0.0374894 0.0267137 0.0468975 -0.0338018 -0.0896407 0.0989242 -0.0523971 -0.0258582 0.0646297 0.00244502 0 0.0502133 -0.000300105 0.0639244 0.0181641 0.0586978 -0.0680168 -0.00264153 -0.0211192 0.0984577 -0.0105006 0.0431339 0.0423612 0.00522036 0.0662476 0.0196521 0.0451556 -0.0362516 0.0999387 0.0648751 -0.0837996 0.0110186 -0.0234072 0.0886431 -0.0463662 -0.0563988 -0.0828912 0.0828656 0.0221746 0.0949291 0.0406456 -0.00862272 0.0574762 -0.0245959 0.082765 -0.0025002 0.035325 0.0709944 0.0282858 -0.0129623 0.0869934 0.0536783 
-0.0649887 0.0339514 -0.0418372 -0.0684704 -0.0235306 0.00870988 -0.0123883 -0.020734 -0.00508123 0.0246331 -0.0481647 0.0969174 0.0310093 -0.0204177 -0.0596161 0.04529 0.0413462 0.0700986 -0.0944228 -0.0307027 -0.0619961 -0.0236512 0.0510792 0.0780166 0.0339724 -0.00206467 -0.0808368 0.0764715 0.00616708 0.0896555 0.069406 -0.0846598 0.0963355 -0.0383188 -0.0502133 0 -0.0232355 -0.0181575 0.000202044 -0.00654708 -0.0826019 0.00678052 0.0331188 -0.053282 0.0742512 -0.0625781 0.0526049 0.060202 -0.0443721 0.0011803 0.0699445 0.0204102 0.00557012 -0.0739068 0.0376954 -0.0231833 -0.051805 0.00241306 -0.0627432 -0.0482016 -0.0812615 -0.0232893 0.0952423 0.0210296 0.0754794 0.0148227 0.00553993 0.00994534 0.0578206 0.0262746 0.090615 -0.0826104 -0.0100988 0.0839113 0.000755559 -0.030579 
0.0301864 -0.0422828 0.0267133 -0.0143083 0.0180687 -0.0983367 -0.00334551 -0.0963748 0.0901607 -0.0304448 -0.0840454 -0.0717057 0.0351388 -0.056004 -0.00689425 -0.0888733 0.0229616 0.000121093 0.0208905 -0.0104226 -0.0489275 -0.0386388 0.0364185 0.0799978 -0.0730051 -0.0536327 -0.00798822 -0.0215994 0.0729174 0.0589113 -0.097856 -0.0228108 0.0971298 -0.0365572 0.000300105 0.0232355 0 0.0746512 0.069666 0.0184473 -0.0558477 0.0157366 -0.0433955 0.092287 -0.0679212 -0.0694874 0.0203591 0.0988763 -0.0495691 -0.0791365 0.0558478 -0.0518882 0.0184225 -0.0602471 0.0634104 -0.0386376 -0.0150327 -0.0158253 -0.0737793 -0.082713 0.0239106 0.0232728 0.0199477 -0.08918 0.0807916 -0.0418548 0.0596641 -0.0402959 0.0869328 0.0138904 -0.000634146 -0.0510706 -0.0314899 -0.047975 0.0452692 0.0943774 
-0.0227544 0.0966639 0.0312097 -0.0332076 -0.0672317 0.00958729 -0.0644825 0.022873 -0.0360909 0.0845401 0.0195089 0.0301486 -0.0255651 -0.0644683 0.0759672 -0.0178796 0.0509029 -0.0786789 -0.0819875 0.0149433 0.0310372 -0.0803025 -0.0269539 -0.0997145 0.0207912 0.064604 -0.0644399 0.0900444 0.0465709 -0.0456593 -0.074078 0.0472621 0.096043 -0.0939336 -0.0639244 0.0181575 -0.0746512 0 -0.0127964 0.0355735 -0.0237197 -0.0684879 0.00874922 -0.0982194 0.0238274 0.0440369 -0.0351863 -0.0347177 -0.0992017 -0.0371759 -0.0543059 0.08941 -0.0952416 -0.0816711 0.0425444 -0.00193291 0.0694278 -0.0927956 0.0645353 0.075715 0.0907342 -0.0315791 -0.066981 0.0932008 0.0144421 0.0492838 0.0380343 0.00158083 -0.0924846 -0.0790608 0.0502413 0.0434111 -0.0754877 -0.0504688 0.0653163 0.054802 
0.00957976 0.0742554 0.0908771 0.000751137 -0.0555525 0.0177021 -0.00213465 0.0452822 -0.00221419 -0.0471495 0.00251415 -0.047999 0.0619433 0.0902425 -0.0475363 0.0137495 0.0381235 0.0439608 -0.0984922 0.0329667 0.0187658 -0.0288918 0.0107033 -0.0114449 -0.0774862 0.0310036 -0.0122667 0.0444147 0.0349604 0.0784204 0.089837 -0.000917427 0.0385689 -0.0873429 -0.0181641 -0.000202044 -0.069666 0.0127964 0 -0.0369701 -0.0431354 0.00213767 -0.0709632 0.044842 -0.0478878 0.0963797 -0.0446163 -0.0662804 0.0779207 -0.0484595 -0.0855174 -0.0389383 -0.0960081 -0.0622643 0.0766695 -0.0700884 0.07145 0.0786064 -0.0699976 -0.0340602 0.0971497 0.0479137 -0.0544976 -0.038756 0.0169661 -0.0252933 0.0252213 0.0898388 0.0879929 0.0501426 -0.027311 0.0788355 -0.0261464 -0.0896876 0.00571945 -0.0523076 
-0.0422654 0.0300589 -0.0274736 -0.048693 0.0538485 -0.0605539 0.0842331 -0.0681816 -0.0951558 -0.0788521 -0.0362168 0.0285776 0.0809251 0.0335537 -0.00336645 -0.0124656 0.0680776 -0.0949228 -0.0353015 -0.0585324 -0.0145435 -0.0762265 0.0770742 0.0813686 -0.00856581 -0.0126681 0.0769741 -0.0431709 -0.0329124 0.0247935 0.0118412 0.0469593 0.0761887 0.0998682 -0.0586978 0.00654708 -0.0184473 -0.0355735 0.0369701 0 -0.00444758 -0.0291032 -0.00132708 0.0120481 -0.0249633 0.00520067 -0.0263209 -0.0555304 0.0387548 0.0705538 0.0800561 -0.0513182 -0.0564182 -0.0182042 -0.0930029 -0.0667634 0.00557466 0.0583564 0.0917207 0.0814485 0.00877435 0.0905639 -0.0815947 0.0281894 -0.0724449 -0.0858665 0.0826131 -0.0242339 0.0710005 -0.0194038 0.0928031 -0.0991479 0.0635954 0.0159708 -0.0110948 -0.0334908 
-0.0746984 -0.0604577 -0.081272 -0.0531372 -0.062504 0.0336412 0.0653071 0.0178814 0.0765218 0.058385 0.0768685 -0.0635906 -0.0632753 0.0858109 0.0894432 0.00176309 -0.0569177 0.0679874 0.0906926 0.0868087 -0.0128842 0.0584412 -0.0947338 0.0851466 -0.070918 0.0200588 -0.0382553 -0.0872524 0.0609876 0.0533588 -0.0290529 -0.0703871 0.0772255 -0.00124649 0.0680168 0.0826019 0.0558477 0.0237197 0.0431354 0.00444758 0 -0.0876081 -0.0233203 -0.0755007 -0.0632429 0.0321504 -0.0199486 -0.0995056 -0.0583041 0.0671677 -0.035829 -0.0391805 -0.0112673 -0.0563276 0.0648787 -0.0011057 -0.0129822 -0.0338452 -0.00658299 0.0412715 -0.048092 0.093449 -0.0958165 0.00777759 -0.0395078 0.0193179 0.066995 -0.0435218 0.0321301 0.085312 -0.0849383 -0.00240816 0.06171 -0.0966127 0.0520953 -0.071974 
-0.0547887 0.0258495 -0.0749594 -0.0556311 -0.0800791 -0.0036185 0.0283299 0.0316814 -0.097882 0.0993923 -0.0361062 -0.0501217 0.0534383 -0.0852567 -0.0326819 -0.0690278 0.0939658 -0.0639911 -0.0386013 0.0885519 -0.0058242 0.0964465 0.00931542 -0.0879276 0.0864682 -0.0630653 0.0977132 -0.00605929 0.0252659 -0.0380205 0.0672424 0.0841918 0.0621799 0.0194672 0.00264153 -0.00678052 -0.0157366 0.0684879 -0.00213767 0.0291032 0.0876081 0 -0.0872972 0.0124524 0.0400557 -0.0313536 0.0854333 -0.0496323 -0.0307204 -0.00920108 0.0877697 -0.0405553 -0.0711603 -0.0630813 -0.0383353 -0.0309165 0.0655508 0.0584528 0.0616499 -0.0167797 -0.0498864 0.0486065 0.00653759 0.0435491 -0.00725414 -0.0654589 -0.0599882 -0.0317818 0.0755568 0.0806354 0.00494437 0.0145213 -0.0936192 -0.0480561 -0.0139159 -0.0781463 
0.0191989 -0.0541252 -0.0812809 0.0869321 -0.0424722 -0.0408911 0.0314851 -0.0675264 0.01374 0.0636914 0.0142562 0.0824714 0.0432611 -0.0815824 0.0220454 0.0111269 -0.0689055 0.0643297 0.00990264 -0.0467783 0.0921459 0.0561288 -0.00124849 -0.00195593 0.0331498 0.0512391 0.07885 0.0972075 -0.0793839 -0.0180809 -0.0984777 0.0569576 -0.0590809 -0.0764932 0.0211192 -0.0331188 0.0433955 -0.00874922 0.0709632 0.00132708 0.0233203 0.0872972 0 -0.0519518 -0.00305561 -0.0490441 0.0469201 0.0586918 -0.0404556 0.0753195 0.0710537 0.0424576 0.0459527 0.0260314 0.0308895 -0.0298983 -0.0413667 -0.0855952 -0.0698725 -0.0927054 -0.0959961 -0.0910089 -0.00288885 0.0312542 0.0371097 -0.01902 0.0913437 -0.0893791 -0.0802816 0.0643338 -0.0503552 0.0844839 -0.0794113 0.0952737 -0.0356636 0.0785491 
0.025316 -0.0968886 0.0372967 0.00800002 0.0695294 0.00592214 -0.0231437 0.0638544 -0.0951612 -0.0437627 0.000340122 -0.0250477 0.00906061 0.0776896 -0.088653 0.00902984 0.0810087 -0.0312372 0.0183405 0.0874416 -0.0743076 -0.0453255 0.0223201 -0.0419237 0.00465221 -0.0132418 0.00542242 0.0732131 -0.00386329 0.0153041 0.0723289 -0.073621 -0.0453005 0.0100605 -0.0984577 0.053282 -0.092287 0.0982194 -0.044842 -0.0120481 0.0755007 -0.0124524 0.0519518 0 -0.0685077 -0.0500676 -0.0666912 -0.00911745 -0.00995936 0.0361037 -0.0421548 0.0386298 0.0596304 0.0183998 0.0492674 -0.0635481 0.00511623 -0.0165943 -0.031569 0.0194238 0.0613346 -0.0539171 0.0895895 -0.0707539 0.0127419 -0.0707241 0.0167308 0.0996667 -0.0260252 -0.0698272 0.0738492 0.0733765 0.0998012 0.0211813 0.0590766 -0.0871142 
0.0518117 -0.000506099 0.0951682 0.0193259 -0.0664958 0.0791178 -0.00294658 -0.0427821 0.0323661 0.0141447 -0.0589527 -0.0830097 -0.0758341 0.0573872 -0.0928484 0.0291098 0.0479136 -0.0870489 -0.0860476 0.0374346 -0.0290722 -0.0273236 -0.0319778 -0.00500123 -0.0174265 0.0380572 -0.0299436 -0.0722316 0.0967027 -0.0223099 -0.0510328 -0.0797466 0.0140663 0.0174738 0.0105006 -0.0742512 0.0679212 -0.0238274 0.0478878 0.0249633 0.0632429 -0.0400557 0.00305561 0.0685077 0 -0.0340647 -0.0185186 -0.0861253 -0.0733123 0.0446593 -0.0607587 -0.0152095 0.0488984 -0.00103794 0.0935971 0.0382918 0.0425521 0.079988 0.0100818 -0.0206177 -0.0154523 0.0298886 0.0960188 0.0601418 0.0986043 0.075859 0.0610426 -0.0218889 -0.0461294 0.0749128 0.0660451 0.0560696 0.0847778 0.0151587 -0.00633729 0.00917675 
0.0485624 0.0122972 -0.024915 0.023601 0.00757322 -0.0654853 -0.0608243 -0.0912263 0.00517555 0.0962511 0.095962 -0.0511495 -0.0606103 0.0750337 -0.02085 0.082993 -0.00750819 -0.0715251 -0.000175259 0.0784276 0.00668333 -0.014629 -0.0507739 -0.0992043 0.0159129 0.0719324 0.0334608 -0.0683189 0.0970362 -0.0201553 -0.0208559 0.0731633 -0.0648152 0.0570237 -0.0431339 0.0625781 0.0694874 -0.0440369 -0.0963797 -0.00520067 -0.0321504 0.0313536 0.0490441 0.0500676 0.0340647 0 0.0566743 0.0961804 -0.0460692 -0.0681523 -0.0387228 0.00502755 0.0178609 0.0847638 0.0681109 0.0107659 0.0747372 0.0197904 -0.00894749 -0.0383827 -0.0733255 -0.017499 -0.0633598 0.0338553 -0.00582719 0.0566119 -0.0815003 -0.00718507 0.00385812 0.01375 0.0592553 0.0236248 0.0157039 0.0896492 0.00839146 0.0520221 
-0.0412784 0.087985 -0.0587932 -0.0302478 -0.0121138 0.0712978 -0.0786253 0.070524 -0.073699 0.0241462 -0.0253996 0.0974717 -0.0835181 0.0885361 -0.0587536 0.0467542 0.0440086 -0.0461033 -0.03595 -0.0704403 -0.012873 -0.0400678 0.0486107 -0.0973124 -0.0321543 -0.0793329 -0.0180079 -0.0585507 -0.0230789 0.0683557 0.0760126 -0.0663531 -0.0105834 -0.0385759 -0.0423612 -0.0526049 -0.0203591 0.0351863 0.0446163 0.0263209 0.0199486 -0.0854333 -0.0469201 0.0666912 0.0185186 -0.0566743 0 0.0814953 -0.0359578 -0.0435535 -0.0448768 -0.0247459 -0.0103468 -0.0510327 0.0436298 0.0130614 0.0424274 0.00999661 -0.0582678 0.0624386 0.0604737 0.0641186 -0.021752 -0.0422174 -0.0725462 -1.42561e-05 0.0541861 0.0568746 0.0826829 0.0232225 -0.0793372 -0.0951469 0.0649375 -0.0345405 0.0833534 -0.0334013 
0.0743691 -0.0106229 -0.0636829 0.0900919 -0.0571007 0.0911744 -0.0769549 -0.0214516 0.00375289 0.0486342 0.0157191 0.0540164 0.0121464 -0.01251 0.0326005 -0.0939215 -0.0175107 -0.0811449 0.0373295 -0.0214403 -0.0416735 -0.0289186 0.0602681 -0.0721643 -0.00603889 -0.0742866 0.0498619 -0.0649793 0.0367952 -0.0956409 -0.0184243 0.0872183 -0.0673912 -0.00940066 -0.00522036 -0.060202 -0.0988763 0.0347177 0.0662804 0.0555304 0.0995056 0.0496323 -0.0586918 0.00911745 0.0861253 -0.0961804 -0.0814953 0 -0.00544857 -0.0272919 -0.0937979 0.0939681 0.0350741 0.0808544 0.0788284 -0.0237506 0.00298824 -0.0700834 -0.0790949 -0.0666598 0.0701185 -0.0533103 -0.0976982 0.0550307 -0.0454368 0.0338611 -0.0630608 0.0821902 0.0442796 -0.0343058 0.0174607 0.014936 0.0255123 0.0876959 0.0641541 0.0368295 
0.0235409 -0.0281144 0.0802289 0.0996772 -0.0651478 -0.0112279 -0.0396043 0.0529922 -0.0900379 0.0103575 0.0812112 -0.0428904 -0.0627564 -0.00621395 -0.0681434 -0.00516981 -0.0806668 0.0592325 -0.00743635 0.0704023 0.0607934 -0.0321211 0.0663588 0.0113801 -0.0346093 -0.0266649 0.0095778 0.0155396 0.0930098 0.0689617 0.0931659 -0.0719476 -0.0903668 0.0644464 -0.0662476 0.0443721 0.0495691 0.0992017 -0.0779207 -0.0387548 0.0583041 0.0307204 0.0404556 0.00995936 0.0733123 0.0460692 0.0359578 0.00544857 0 0.0450492 -0.0618236 0.0215882 -0.0754241 0.0199816 0.0101411 0.0487173 -0.0476169 -0.078882 0.0919598 0.054491 0.0595587 0.0684641 -0.0679166 0.0834208 -0.0686276 -0.0433379 0.0657963 0.0868548 0.0268002 0.0102183 0.052748 0.0661816 -0.018579 0.0518412 -0.0256317 0.00200345 
0.0687485 0.0265516 -0.0632673 0.021866 -0.0154014 -0.0433788 -0.0996294 -0.0913865 0.0513421 0.0855635 -0.0301106 0.0471112 0.0513712 -0.0120664 0.0626243 0.075657 0.045782 0.0855725 0.0137866 -0.0562752 -0.00325261 0.0601269 -0.00682097 -0.00369209 -0.0292342 -0.0124506 -0.0120495 0.050951 -0.0309038 -0.0140194 0.0219444 0.0772913 -0.0212199 -0.0663852 -0.0196521 -0.0011803 0.0791365 0.0371759 0.0484595 -0.0705538 -0.0671677 0.00920108 -0.0753195 -0.0361037 -0.0446593 0.0681523 0.0435535 0.0272919 -0.0450492 0 0.0109863 0.0539324 0.0286649 -0.0793868 -0.0659806 0.0544566 0.0584072 0.0710982 0.0208503 0.0942756 0.0418801 0.0814974 -0.0126946 -0.0588057 0.0824961 -0.0112585 -0.0141812 0.0249767 -0.00240975 0.0295922 0.0476456 0.0208539 -0.0616545 -0.0737911 0.0764271 -0.03531 
0.00451603 0.0258298 -0.012952 -0.0308443 0.040607 0.0254805 0.0283692 0.0479101 0.00965779 -0.0252085 0.0731882 -0.0792034 -0.0120221 0.052509 0.0749201 0.090064 0.076418 -0.0618564 0.0853491 -0.03603 -0.0618597 0.0786179 0.0899052 -0.0452345 -0.0259119 0.0948333 -0.0501197 -0.0533771 0.079383 -0.0630749 0.057018 0.00337564 0.0859844 0.0121702 -0.0451556 -0.0699445 -0.0558478 0.0543059 0.0855174 -0.0800561 0.035829 -0.0877697 -0.0710537 0.0421548 0.0607587 0.0387228 0.0448768 0.0937979 0.0618236 -0.0109863 0 -0.0413629 -0.0405843 -0.0950387 0.0619556 -0.000953632 -0.0961021 -0.0769088 0.00634175 -0.0926468 0.0556228 -0.0904759 0.0992437 -0.0300884 -0.0918917 0.00619476 0.0453812 0.0999512 0.00498783 0.0581213 0.0854716 -0.0149518 0.0206793 0.0849629 0.0451773 0.029679 
-0.0973793 -0.0695911 -0.03671 0.0948991 -0.0290452 -0.0281174 -0.0340033 -0.0918325 0.0645394 -0.0540937 -0.00562299 0.0795979 0.0744132 0.0163096 -0.0965859 0.0978327 -0.0458445 0.0480193 -0.0482516 0.071128 -0.0497932 0.0597963 0.00365291 -0.0187137 0.0851018 0.0327945 -0.0623905 -0.0392942 0.082218 0.0667002 -0.0201912 0.0708055 -0.0544375 -0.0301349 0.0362516 -0.0204102 0.0518882 -0.08941 0.0389383 0.0513182 0.0391805 0.0405553 -0.0424576 -0.0386298 0.0152095 -0.00502755 0.0247459 -0.0939681 -0.0215882 -0.0539324 0.0413629 0 -0.0498277 0.0278969 -0.082467 0.0570384 0.00487252 0.0766052 -0.0332537 0.0154117 0.0559592 -0.0129019 -0.0631447 -0.0821754 -0.0697698 -0.0248897 -0.0239775 0.0588194 0.0586378 0.0332312 0.0102654 0.0587322 0.0563467 -0.0646997 0.0323342 -0.0617634 
0.0181076 -0.0865716 -0.0735283 -0.00691477 -0.0197821 0.0403811 -0.0361087 0.0493989 0.0033993 -0.0885682 0.00113075 0.0507722 0.0402959 0.0383494 -0.0240201 0.077992 0.0236853 0.0191341 0.0716512 0.0369997 -0.0115858 0.0831574 -0.0444261 0.075565 -0.073983 0.0366546 -0.0222041 0.0725685 0.0621842 0.0364964 -0.0424423 -0.0616015 0.0395696 0.0536899 -0.0999387 -0.00557012 -0.0184225 0.0952416 0.0960081 0.0564182 0.0112673 0.0711603 -0.0459527 -0.0596304 -0.0488984 -0.0178609 0.0103468 -0.0350741 0.0754241 -0.0286649 0.0405843 0.0498277 0 0.0231197 0.050157 0.0486629 0.0199529 0.0369323 -0.0272253 0.0875117 -0.0272318 -0.0780404 0.0620065 0.00794717 -0.0787885 0.0773734 -0.010027 0.0834991 0.092211 0.0463963 0.0428531 0.0625961 -0.00482246 0.0867637 -0.0792554 0.062572 
0.0748414 0.00752361 -0.0772653 0.0123882 -0.0534077 -0.0101442 -0.095962 -0.0807934 -0.0407419 0.0989519 0.0970757 0.0689025 0.0540241 0.0964477 0.0620598 -0.0712961 -0.0172383 -0.0136934 -0.0281432 -0.0500063 0.000335445 -0.0493197 0.0098612 -0.0296041 0.069162 0.0144531 0.0326107 -0.0527768 0.0693207 0.0927754 0.0125513 0.0807031 0.0896512 0.0562634 -0.0648751 0.0739068 0.0602471 0.0816711 0.0622643 0.0182042 0.0563276 0.0630813 -0.0260314 -0.0183998 0.00103794 -0.0847638 0.0510327 -0.0808544 -0.0199816 0.0793868 0.0950387 -0.0278969 -0.0231197 0 -0.0869024 0.0702259 0.056557 0.0286932 -0.0416001 -0.05394 0.0819302 0.0986548 -0.0397764 0.062197 -0.00122312 -0.0466571 0.0908211 -0.0942123 0.00684358 -0.0595024 -0.0131746 -0.00215099 0.015897 -0.0652 0.090711 -0.0615758 
-0.0117656 0.0174949 0.0370547 0.0845842 0.0350022 -0.0396394 -0.0386055 -0.0706001 0.0663986 0.0522468 0.0176339 0.0301778 0.000780122 -0.088224 0.0655284 -0.0963487 -0.0140448 -0.087202 0.0858809 -0.0410307 -0.0668839 0.0657145 0.0196025 -0.00858176 0.0686359 0.0224472 0.033216 -0.0994635 0.0625246 -0.0323584 0.0801232 -0.0496654 0.0265247 -0.0876657 0.0837996 -0.0376954 -0.0634104 -0.0425444 -0.0766695 0.0930029 -0.0648787 0.0383353 -0.0308895 -0.0492674 -0.0935971 -0.0681109 -0.0436298 -0.0788284 -0.0101411 0.0659806 -0.0619556 0.082467 -0.050157 0.0869024 0 0.0287654 -0.0626906 -0.0899821 0.0939343 0.0441673 -0.0802102 -0.0665472 -0.0867772 0.0366415 0.080246 0.0721111 0.0901013 -0.0742818 0.0569852 0.0262226 -0.0258883 0.0060348 -0.0981585 -0.0667123 -0.0063236 0.00956687 
0.033917 -0.00834964 -0.0728833 0.0745854 0.0295627 0.0183024 -0.0427846 0.0909422 0.0156184 -0.0726708 0.0960069 -0.0327858 -0.0281925 0.016623 -0.0326384 0.0180669 -0.0672038 -0.012725 0.058028 0.0815584 -0.0967876 -0.0833838 0.0272886 0.0280606 -0.00172773 -0.0238972 -0.0551735 0.0659451 -0.0029252 0.0494195 -0.00245799 -0.0556409 0.0357281 -0.036864 -0.0110186 0.0231833 0.0386376 0.00193291 0.0700884 0.0667634 0.0011057 0.0309165 0.0298983 0.0635481 -0.0382918 -0.0107659 -0.0130614 0.0237506 -0.0487173 -0.0544566 0.000953632 -0.0570384 -0.0486629 -0.0702259 -0.0287654 0 0.0790928 -0.0746053 0.0659691 0.031653 -0.0565027 0.0829452 -0.0533516 -0.0239456 -0.0476767 -0.0363808 0.00517899 0.00146082 -0.0727821 0.0541625 -0.0396746 0.0315501 0.0554912 -0.090164 -0.0494842 0.0452207 
-0.00341751 -4.64986e-05 0.0573547 -0.0403651 -0.0924445 0.0192325 0.0372781 0.0153276 -0.00424069 0.0638337 0.0191516 0.0176726 -0.0658357 0.038747 -0.080351 -0.0568705 0.0696476 -0.0160825 0.0128084 -0.0998331 0.0189668 -0.00339196 0.0920762 -0.0922913 0.0944578 0.024475 0.056733 0.079886 -0.0454187 -0.0897468 0.040956 -0.0412503 -0.0599688 -0.0165241 0.0234072 0.051805 0.0150327 -0.0694278 -0.07145 -0.00557466 0.0129822 -0.0655508 0.0413667 -0.00511623 -0.0425521 -0.0747372 -0.0424274 -0.00298824 0.0476169 -0.0584072 0.0961021 -0.00487252 -0.0199529 -0.056557 0.0626906 -0.0790928 0 -0.0183215 0.0820384 -0.0297245 0.0643935 0.0914152 -0.0447159 -0.0158936 -0.0540646 0.0402794 -0.0199199 0.00868065 -0.0263097 -0.00356601 -0.0290039 0.0227777 0.0847469 -0.013341 -0.002274 -0.0413565 
-0.00988472 -0.00238709 0.0249696 -0.0610062 0.0586434 -0.00482547 0.0545962 0.0675661 0.0150419 0.0710216 -0.0106721 0.0936935 0.040802 0.0262075 0.0995537 0.0819402 0.0920582 -0.0900001 0.06766 -0.0517914 0.0422265 -0.0437405 -0.0973004 0.0741309 0.0448962 -0.0584013 0.0619947 -0.0103339 -0.00900458 0.0299894 0.0874286 -0.0231724 -0.0688752 0.076183 -0.0886431 -0.00241306 0.0158253 0.0927956 -0.0786064 -0.0583564 0.0338452 -0.0584528 0.0855952 0.0165943 -0.079988 -0.0197904 -0.00999661 0.0700834 0.078882 -0.0710982 0.0769088 -0.0766052 -0.0369323 -0.0286932 0.0899821 0.0746053 0.0183215 0 -0.0294212 0.0837741 -0.0833942 -0.016859 -0.0390409 0.0497127 -0.0617544 0.0133074 -0.054735 0.0762101 -0.0433699 -0.0384355 0.00331875 -0.0968854 0.0644156 0.0976737 0.056716 0.0703547 
-0.0388711 0.0121393 -0.0603714 0.0974128 -0.0835216 -0.00514608 -0.0374546 -0.0339578 0.0938335 -0.0374055 -0.0903973 0.084777 0.0209596 -0.0385099 0.0932781 -0.0677627 -0.0288164 0.0790839 0.0222738 -0.0398419 -0.0939701 0.0326744 -0.0187982 -0.0782449 -0.055991 -0.0286274 -0.0404788 -0.0942852 -0.0802642 -0.0858324 0.0422046 0.093184 0.0885584 0.0328042 0.0463662 0.0627432 0.0737793 -0.0645353 0.0699976 -0.0917207 0.00658299 -0.0616499 0.0698725 0.031569 -0.0100818 0.00894749 0.0582678 0.0790949 -0.0919598 -0.0208503 -0.00634175 0.0332537 0.0272253 0.0416001 -0.0939343 -0.0659691 -0.0820384 0.0294212 0 0.0140405 -0.0725795 -0.083758 0.0964613 -0.089863 -0.0681744 0.0409726 0.000327383 0.0909312 0.0672082 0.0893937 0.0403948 -0.0976342 0.0423286 0.062909 -0.0824264 -0.0138689 
-0.0941537 0.00498157 0.0557229 0.0523663 -0.0855709 -0.0986931 -0.0950659 -0.0509016 -0.0813448 -0.0469619 -0.0164864 -0.0282603 -0.0913444 0.0694853 -0.0504897 -0.0226348 0.0983976 -0.0806096 0.078482 -0.0800784 0.089939 0.0331765 0.0704835 -0.019816 -0.0795537 -0.00433136 0.0540539 -0.0699613 0.088478 0.0424287 -0.0747655 0.016847 -0.0798723 -0.0671081 0.0563988 0.0482016 0.082713 -0.075715 0.0340602 -0.0814485 -0.0412715 0.0167797 0.0927054 -0.0194238 0.0206177 0.0383827 -0.0624386 0.0666598 -0.054491 -0.0942756 0.0926468 -0.0154117 -0.0875117 0.05394 -0.0441673 -0.031653 0.0297245 -0.0837741 -0.0140405 0 0.0753982 -0.0990586 0.00795197 -0.0082187 0.0227383 0.0514019 0.0869395 0.0175597 -0.0427852 0.0640204 0.0619407 -0.0291812 -0.0894551 -0.0517306 0.0782926 -0.0403811 
0.0209864 -0.0188639 -0.0990178 0.0202323 -0.0912535 0.0108152 0.0494451 0.0247204 -0.0635766 0.019697 -0.0937801 -0.0790923 0.0164944 0.0476135 0.0694693 -0.036349 0.0525013 -0.00219107 -0.0148361 -0.0772148 0.0864972 0.044955 0.0448045 -0.0648265 -0.0789201 0.072347 0.0998018 -0.0991687 -0.00576332 0.0247543 0.0856279 -0.00599211 0.0691087 -0.0252978 0.0828912 0.0812615 -0.0239106 -0.0907342 -0.0971497 -0.00877435 0.048092 0.0498864 0.0959961 -0.0613346 0.0154523 0.0733255 -0.0604737 -0.0701185 -0.0595587 -0.0418801 -0.0556228 -0.0559592 0.0272318 -0.0819302 0.0802102 0.0565027 -0.0643935 0.0833942 0.0725795 -0.0753982 0 0.000723252 -0.00313457 0.0402638 -0.0851282 0.0231844 0.0976183 -0.0840107 -0.0618739 -0.0333439 0.0627208 0.0301096 -0.00948426 0.0316957 -0.0228136 -0.0579832 
0.0463811 -0.0597667 0.0643096 0.0520529 0.0544771 -0.0846142 0.0864101 -0.0740599 -0.036121 0.00916378 -0.0689113 0.0762501 0.091678 0.0200444 -0.0537867 -0.0638685 -0.0804483 -0.0331368 0.098348 0.0572237 0.0859507 0.0585038 0.0568183 -0.0243331 0.0930922 -0.0820228 -0.0244349 0.0848483 -0.034568 0.064861 0.00353161 0.0973714 -0.0393031 -0.0229282 -0.0828656 0.0232893 -0.0232728 0.0315791 -0.0479137 -0.0905639 -0.093449 -0.0486065 0.0910089 0.0539171 -0.0298886 0.017499 -0.0641186 0.0533103 -0.0684641 -0.0814974 0.0904759 0.0129019 0.0780404 -0.0986548 0.0665472 -0.0829452 -0.0914152 0.016859 0.083758 0.0990586 -0.000723252 0 -0.0751662 0.0784548 0.0203994 0.0228165 -0.0954536 0.0863327 0.0897769 0.0054357 0.0205969 0.000511617 -0.0382678 0.00207778 -0.0403446 -0.0704445 
-0.0875809 0.0313389 0.0540178 -0.0430419 0.0556417 0.0345834 -0.0693021 0.0452183 -0.00884018 0.0312769 -0.0589695 -0.0950227 0.0334112 -0.0245489 -0.0146906 0.0641832 0.0569207 -0.0736776 -0.00678472 -0.0695682 0.0785093 -0.095173 -0.0492965 -0.0736927 -0.0638909 0.0279105 -0.0635183 -0.0803839 0.0855112 0.0958442 -0.0217769 0.00472959 0.00935462 -0.063645 -0.0221746 -0.0952423 -0.0199477 0.066981 0.0544976 0.0815947 0.0958165 -0.00653759 0.00288885 -0.0895895 -0.0960188 0.0633598 0.021752 0.0976982 0.0679166 0.0126946 -0.0992437 0.0631447 -0.0620065 0.0397764 0.0867772 0.0533516 0.0447159 0.0390409 -0.0964613 -0.00795197 0.00313457 0.0751662 0 -0.0735436 -0.0186831 -0.0400177 0.0183709 0.0767148 -0.0425158 -0.0772934 0.022045 -0.0133418 -0.0770886 0.0740876 -0.0875819 0.098971 
0.0014073 -0.0359819 -0.0334983 0.0883565 -0.0880126 0.0687907 0.0643666 0.0522665 0.0496286 0.0876947 0.0621577 -0.0743058 0.0175227 -0.0266878 -0.068517 -0.0594593 0.0279919 -0.0443844 -0.0087903 0.0197855 0.0998364 0.0828414 -0.0579223 0.0394325 -0.0668859 0.0425731 -0.0127257 0.0942022 -0.0820455 -0.0794904 -0.00442288 -0.0470463 0.0223609 0.0733592 -0.0949291 -0.0210296 0.08918 -0.0932008 0.038756 -0.0281894 -0.00777759 -0.0435491 -0.0312542 0.0707539 -0.0601418 -0.0338553 0.0422174 -0.0550307 -0.0834208 0.0588057 0.0300884 0.0821754 -0.00794717 -0.062197 -0.0366415 0.0239456 0.0158936 -0.0497127 0.089863 0.0082187 -0.0402638 -0.0784548 0.0735436 0 -0.0277464 -0.0314601 0.0660157 -0.0344558 0.0732094 -0.0194557 0.0212747 0.01821 -0.0389409 -0.0964348 0.0713617 0.00866423 
-0.0676561 -0.0291919 -0.0760256 0.0957972 0.0619381 0.0626857 -0.0502595 0.0454267 -0.0511544 0.0799679 0.0542648 -0.0403467 -0.096463 0.0515132 0.0526697 0.0037698 0.0763998 0.0892739 0.00548118 0.0599323 0.0856013 0.0600606 0.0977691 -0.0609519 -0.033903 0.0464936 0.0988072 0.0470057 0.0920337 -0.0760575 -0.088797 0.0789874 -0.0167018 0.0049584 -0.0406456 -0.0754794 -0.0807916 -0.0144421 -0.0169661 0.0724449 0.0395078 0.00725414 -0.0371097 -0.0127419 -0.0986043 0.00582719 0.0725462 0.0454368 0.0686276 -0.0824961 0.0918917 0.0697698 0.0787885 0.00122312 -0.080246 0.0476767 0.0540646 0.0617544 0.0681744 -0.0227383 0.0851282 -0.0203994 0.0186831 0.0277464 0 -0.0168977 -0.0531971 -0.0550711 0.0873315 0.0149613 0.0701903 0.0431084 -0.0414985 -0.00963283 0.00983243 -0.0871289 
-0.065964 0.0666159 0.0295966 0.0723604 -0.0875523 -0.072472 -0.0921119 -0.0611959 0.0888125 -0.0141971 -0.0563687 0.00718908 -0.0753822 -0.0700295 0.018102 -0.0918071 -0.0441271 -0.0352407 -0.0103141 -0.075969 0.0411802 -0.0733417 -0.00163767 0.00227917 0.0351928 0.0656826 0.0460929 0.0842807 -0.04349 -0.0334411 -0.0784097 0.0588521 -0.0442141 0.0402569 0.00862272 -0.0148227 0.0418548 -0.0492838 0.0252933 0.0858665 -0.0193179 0.0654589 0.01902 0.0707241 -0.075859 -0.0566119 1.42561e-05 -0.0338611 0.0433379 0.0112585 -0.00619476 0.0248897 -0.0773734 0.0466571 -0.0721111 0.0363808 -0.0402794 -0.0133074 -0.0409726 -0.0514019 -0.0231844 -0.0228165 0.0400177 0.0314601 0.0168977 0 -0.0665658 -0.0477714 0.00379966 -0.0629059 0.083354 0.098359 -0.0769737 0.0295365 0.0825509 0.0878882 
0.0564758 -0.0387071 0.0585591 -0.0450775 0.03126 -0.0533046 -0.0627495 -0.0178941 0.01838 0.0276346 -0.0305753 -0.0860054 0.069511 0.0299526 -0.0137018 -0.0371658 0.0197208 0.0212227 -0.07497 0.0545319 -0.0414912 -0.0999696 0.0814641 -0.00947085 0.0659761 0.0816588 0.0504703 0.0930709 -0.0878629 -0.0952606 0.0363526 0.0225867 0.0480094 -0.0955863 -0.0574762 -0.00553993 -0.0596641 -0.0380343 -0.0252213 -0.0826131 -0.066995 0.0599882 -0.0913437 -0.0167308 -0.0610426 0.0815003 -0.0541861 0.0630608 -0.0657963 0.0141812 -0.0453812 0.0239775 0.010027 -0.0908211 -0.0901013 -0.00517899 0.0199199 0.054735 -0.000327383 -0.0869395 -0.0976183 0.0954536 -0.0183709 -0.0660157 0.0531971 0.0665658 0 0.0051681 0.069916 -0.0991657 0.0714138 0.0541644 -0.0497777 -0.0140103 -0.0917699 0.0983992 
-0.0187602 -0.0312211 -0.0384665 -0.00315537 -0.0640623 0.0994054 -0.0563277 0.00406072 0.0833606 -0.00285592 0.0912822 0.0629838 0.0117903 0.0893881 -0.0434864 -0.0768079 -0.0799287 0.0592423 0.0601425 0.0296957 0.0774373 -0.0372862 0.080011 0.0240706 0.0720742 -0.0753455 0.0846485 -0.0285832 0.0605884 -0.0348509 -0.0599882 -0.0983554 0.0138111 -0.0462063 0.0245959 -0.00994534 0.0402959 -0.00158083 -0.0898388 0.0242339 0.0435218 0.0317818 0.0893791 -0.0996667 0.0218889 0.00718507 -0.0568746 -0.0821902 -0.0868548 -0.0249767 -0.0999512 -0.0588194 -0.0834991 0.0942123 0.0742818 -0.00146082 -0.00868065 -0.0762101 -0.0909312 -0.0175597 0.0840107 -0.0863327 -0.0767148 0.0344558 0.0550711 0.0477714 -0.0051681 0 0.0325532 -0.0164526 0.0691351 0.0340609 0.0121789 -0.0743964 0.00018324 -0.0670479 
-0.0664454 -0.0972477 -0.049461 -0.0527125 -0.0874887 0.0339072 0.0307362 -0.0876393 0.0535176 0.0417746 -0.00713592 -0.0499371 -0.00517697 0.0155813 -0.0121054 -0.0536774 0.0657413 -0.00810327 -0.00940354 0.0312173 -0.0383176 -0.000561934 0.0578794 0.0781211 0.0702614 0.0574435 -0.00353686 -0.0277614 0.0704592 -0.0964712 0.0972667 -0.0957321 0.0884235 0.0817899 -0.082765 -0.0578206 -0.0869328 0.0924846 -0.0879929 -0.0710005 -0.0321301 -0.0755568 0.0802816 0.0260252 0.0461294 -0.00385812 -0.0826829 -0.0442796 -0.0268002 0.00240975 -0.00498783 -0.0586378 -0.092211 -0.00684358 -0.0569852 0.0727821 0.0263097 0.0433699 -0.0672082 0.0427852 0.0618739 -0.0897769 0.0425158 -0.0732094 -0.0873315 -0.00379966 -0.069916 -0.0325532 0 0.0810573 -0.0688682 -0.0387815 -0.0576871 -0.038798 -0.0841153 -0.00433167 
0.0558285 0.0354745 0.0548675 0.0432627 -0.0624748 -0.00833145 0.0545099 0.0372501 0.0169302 0.0494167 -0.00523132 -0.0758045 0.0383591 -0.0636103 -0.053523 0.0544657 -0.0250782 -0.038711 0.0644291 -0.0017273 0.0850602 0.0113594 0.0643333 0.0657809 0.0979351 -0.0252797 -0.0520711 -0.0884339 -0.0434452 -0.00176311 0.04222 0.0229355 0.0108643 -0.0300843 0.0025002 -0.0262746 -0.0138904 0.0790608 -0.0501426 0.0194038 -0.085312 -0.0806354 -0.0643338 0.0698272 -0.0749128 -0.01375 -0.0232225 0.0343058 -0.0102183 -0.0295922 -0.0581213 -0.0332312 -0.0463963 0.0595024 -0.0262226 -0.0541625 0.00356601 0.0384355 -0.0893937 -0.0640204 0.0333439 -0.0054357 0.0772934 0.0194557 -0.0149613 0.0629059 0.0991657 0.0164526 -0.0810573 0 -0.0288179 -0.00636662 0.00490413 -0.0262799 0.0342241 0.0962437 
-0.0481599 -0.0584999 0.00340241 -0.0352983 -0.0541258 0.0269701 -0.0410309 0.0263929 0.0972173 -0.095347 -0.014278 0.0144962 -0.0719591 -0.00769899 0.0440114 -0.025203 -0.099114 0.0763443 0.0368323 -0.0478025 -0.0242777 0.0418001 0.091598 -0.0583749 0.0842932 0.045469 0.0389192 -0.0625053 -0.0912106 0.0750539 -0.0849864 -0.0950428 0.0388407 0.039592 -0.035325 -0.090615 0.000634146 -0.0502413 0.027311 -0.0928031 0.0849383 -0.00494437 0.0503552 -0.0738492 -0.0660451 -0.0592553 0.0793372 -0.0174607 -0.052748 -0.0476456 -0.0854716 -0.0102654 -0.0428531 0.0131746 0.0258883 0.0396746 0.0290039 -0.00331875 -0.0403948 -0.0619407 -0.0627208 -0.0205969 -0.022045 -0.0212747 -0.0701903 -0.083354 -0.0714138 -0.0691351 0.0688682 0.0288179 0 -0.0666025 0.024519 0.0932153 0.0202206 -0.0116427 
-0.00128034 0.0705132 0.013913 0.0252591 0.036947 -0.0587063 0.0276499 -0.00698343 -0.0917433 0.0554471 0.00619644 -0.0172331 -0.0481695 -0.0529704 -0.0515029 0.0123012 0.0904428 -0.0407079 0.0514502 0.0606786 0.073472 0.0067895 0.0394434 -0.0464971 0.0991985 -0.0697429 0.01347 0.0311554 0.0599841 0.0271726 -0.0166049 0.0251744 -0.00828378 0.0729925 -0.0709944 0.0826104 0.0510706 -0.0434111 -0.0788355 0.0991479 0.00240816 -0.0145213 -0.0844839 -0.0733765 -0.0560696 -0.0236248 0.0951469 -0.014936 -0.0661816 -0.0208539 0.0149518 -0.0587322 -0.0625961 0.00215099 -0.0060348 -0.0315501 -0.0227777 0.0968854 0.0976342 0.0291812 -0.0301096 -0.000511617 0.0133418 -0.01821 -0.0431084 -0.098359 -0.0541644 -0.0340609 0.0387815 0.00636662 0.0666025 0 0.0997231 -0.00908372 0.0659816 -0.0121569 
0.0945027 -0.0310653 0.0534666 0.0655827 0.0933339 0.0250607 -0.00464642 0.0618624 0.086436 -0.0297437 0.081779 -0.0744024 0.0936683 -0.0850159 0.0191719 0.0175294 0.0535536 -0.000103985 0.0833007 -0.0348512 0.0569127 -0.0626366 -0.0864695 -0.0189926 0.0794848 0.0572151 0.0846465 0.0949626 0.00889382 0.0974734 0.0677611 0.0015528 -0.0771332 -0.0897857 -0.0282858 0.0100988 0.0314899 0.0754877 0.0261464 -0.0635954 -0.06171 0.0936192 0.0794113 -0.0998012 -0.0847778 -0.0157039 -0.0649375 -0.0255123 0.018579 0.0616545 -0.0206793 -0.0563467 0.00482246 -0.015897 0.0981585 -0.0554912 -0.0847469 -0.0644156 -0.0423286 0.0894551 0.00948426 0.0382678 0.0770886 0.0389409 0.0414985 0.0769737 0.0497777 -0.0121789 0.0576871 -0.00490413 -0.024519 -0.0997231 0 0.0707815 -0.0565005 -0.0310971 
-0.0108705 0.0319121 -0.0844171 -0.0475113 0.0226104 0.0774781 -0.0501017 0.0191678 0.0548257 -0.0939035 0.0172449 0.0706724 -0.0709176 -0.0491326 -0.0708744 -0.0495045 0.0160774 0.0918383 0.0508873 -0.0309255 0.0926002 -0.0845612 -0.0695822 0.025119 0.0038881 0.0492422 0.0535824 -0.0509282 -0.0405301 0.013704 -0.0783663 -0.0464138 0.052096 0.0265653 0.0129623 -0.0839113 0.047975 0.0504688 0.0896876 -0.0159708 0.0966127 0.0480561 -0.0952737 -0.0211813 -0.0151587 -0.0896492 0.0345405 -0.0876959 -0.0518412 0.0737911 -0.0849629 0.0646997 -0.0867637 0.0652 0.0667123 0.090164 0.013341 -0.0976737 -0.062909 0.0517306 -0.0316957 -0.00207778 -0.0740876 0.0964348 0.00963283 -0.0295365 0.0140103 0.0743964 0.038798 0.0262799 -0.0932153 0.00908372 -0.0707815 0 -0.0429928 0.0656757 
-0.0578754 0.00238567 0.0171501 -0.0212627 0.0622299 0.0628045 0.0864408 -0.0123362 0.00904076 -0.0240002 0.0524387 -0.0527434 0.0833704 -0.0293584 0.000182759 0.0705487 -0.0977889 0.0895024 -0.0463782 -0.0436841 0.0520616 0.00246197 0.0314652 0.0712927 0.0479096 -0.00323895 0.00265035 -0.0450739 0.0783184 0.0189395 0.0387225 0.0168087 -0.0330584 -0.0583024 -0.0869934 -0.000755559 -0.0452692 -0.0653163 -0.00571945 0.0110948 -0.0520953 0.0139159 0.0356636 -0.0590766 0.00633729 -0.00839146 -0.0833534 -0.0641541 0.0256317 -0.0764271 -0.0451773 -0.0323342 0.0792554 -0.090711 0.0063236 0.0494842 0.002274 -0.056716 0.0824264 -0.0782926 0.0228136 0.0403446 0.0875819 -0.0713617 -0.00983243 -0.0825509 0.0917699 -0.00018324 0.0841153 -0.0342241 -0.0202206 -0.0659816 0.0565005 0.0429928 0 0.0715698 
0.0377355 -0.0691489 0.0358648 0.0354392 -0.0317256 0.0232761 -0.000106423 0.0934655 -0.0519698 -0.0931878 -0.0414859 -0.0266676 -0.0735602 -0.0991026 0.0675299 0.077622 0.0277065 -0.0924892 0.0319896 0.0734713 0.0482412 -0.0966177 -0.0838723 0.0997193 0.0875486 -0.034573 -0.0677513 -0.0349774 0.0668975 -0.0647476 -0.0360848 -0.00323202 0.0633056 0.0140618 -0.0536783 0.030579 -0.0943774 -0.054802 0.0523076 0.0334908 0.071974 0.0781463 -0.0785491 0.0871142 -0.00917675 -0.0520221 0.0334013 -0.0368295 -0.00200345 0.03531 -0.029679 0.0617634 -0.062572 0.0615758 -0.00956687 -0.0452207 0.0413565 -0.0703547 0.0138689 0.0403811 0.0579832 0.0704445 -0.098971 -0.00866423 0.0871289 -0.0878882 -0.0983992 0.0670479 0.00433167 -0.0962437 0.0116427 0.0121569 0.0310971 -0.0656757 -0.0715698 0 
