75

16000 4500

30 55 80

8

0 97730 92280 95240 72220 89800 71020 71890 81340 27550 94320 99700 91320 86880 24260 27670 65270 86530 90820 94060 84822 66280 80210 84980 83490 95960 25080 95080 31230 59770 75260 34881 66520 55260 80442 70060 73700 43190 61070 66100 49312 53640 33570 91862 84760 74992 75650 62810 84410 75970 40700 75400 83920 97920 75460 96330 96300 87390 88420 67760 99550 44660 96152 82360 58030 45330 84800 91370 63360 67930 95780 21980 90180 76510 50320 51420 
97490 0 68980 185810 111890 99210 125440 30570 172410 111130 179460 141870 81710 118880 120970 75590 74480 171670 146020 186590 162800 118920 100420 67260 169140 24180 113950 189730 86760 118070 158060 119260 119840 139740 155730 104110 166530 120060 145560 89770 104640 44950 86180 111080 104870 107060 121500 81410 41050 130920 57930 80740 13740 79202 160600 173990 138100 157210 79010 105150 52700 135940 114190 96210 148500 134920 108220 183900 148380 51220 77980 118690 181250 94180 126540 143950 
92270 68620 0 198512 134350 132760 144480 54920 132180 78610 126571 166510 12730 51371 115450 71490 27970 128991 82381 162340 175740 139740 36780 112050 128780 83940 114420 175550 94960 133230 167121 123390 65890 145060 168670 126810 164690 74910 151391 35410 58700 57370 59710 42680 37151 46090 63071 34240 29310 72321 68510 22210 64500 10650 120280 113711 160510 98311 10030 127480 110870 105760 45210 29520 150592 137850 135440 153920 154150 29650 9000 113470 141020 30330 78870 132280 
95140 186190 196553 0 93090 124482 77270 164971 93950 104930 119850 97650 187001 154941 71100 120800 159720 107580 148290 69660 28780 76160 160791 141300 100620 172090 76340 28890 109040 75100 28030 70660 134700 48870 39880 96550 30270 116470 43370 151270 127430 146561 127800 165711 161231 150901 142340 151890 183790 138250 131000 163960 172380 193622 101570 131030 88300 132330 189091 93820 156680 82930 168951 168933 40990 54680 106442 75130 41490 165011 193772 73160 103280 161770 112940 61820 
72220 111970 134240 93040 0 35230 22000 93500 133390 89900 153960 32570 135330 148212 67800 76250 110611 144130 153680 140270 68180 18560 137391 56050 137300 96920 55750 110660 53870 22360 65820 50070 129010 56950 57350 8630 88900 105680 59640 122911 109832 80660 92170 149041 141941 135522 138140 114091 120140 138250 70230 121141 98160 141580 134360 155970 29170 149670 132080 10240 74270 101990 153821 138771 68020 62460 17190 137580 62290 107210 139440 69490 142960 132921 112600 97070 
89770 98740 134770 124250 35151 0 51040 86750 159680 112160 179520 50621 140140 157080 94090 85220 115421 170420 172260 166560 97690 51170 142201 34160 163590 78350 82040 140980 64480 52320 98120 76360 144840 86190 86390 30470 118280 126990 90580 127721 123050 76880 99160 153851 146751 143720 151080 118901 114450 155940 71030 125951 87060 144790 160650 181530 56740 172470 136890 34200 50990 128280 158631 143581 97400 89360 18100 163870 93230 103670 143140 95780 169250 137731 135000 123360 
70930 125430 144440 77230 21920 51120 0 106960 127390 88610 149180 39450 145530 146922 62510 79080 120811 138880 152390 124830 51420 7010 141852 73480 132050 111360 52100 94850 56910 12020 50010 43440 127720 41510 40350 26440 73090 104390 43830 128410 108542 93990 92980 151102 145442 134232 136850 124291 133600 136960 80430 131341 111620 151780 129110 151190 36050 148380 142280 25060 91700 97080 155392 147973 52210 48590 33080 124140 46480 117410 149640 64350 136720 140822 111310 86920 
71780 30800 54930 163000 93450 87030 107000 0 146130 85420 153180 123440 63580 96030 95260 49880 51560 145390 123100 160880 142900 100480 77890 60130 142860 37580 88240 161900 62800 99630 136641 93550 96920 115220 135830 85670 140820 92920 121551 66850 78350 19240 58450 89170 82340 84210 98580 58490 28280 108000 32220 58030 18980 64950 134320 147700 119670 133550 60280 86710 60050 110230 93860 74850 122790 109210 91500 158190 124810 28300 63300 92980 154970 71690 100750 118240 
79970 171251 130960 94250 133610 160150 127930 144661 0 65800 26590 161090 121661 87980 65960 95051 105280 14370 66710 33140 100650 125160 97222 159190 7410 169641 79410 68440 108770 118920 91330 85030 70990 87120 109640 131450 64620 59750 86700 96830 77360 126411 93350 101072 97662 87332 73460 97450 145170 65760 113391 109490 157441 128722 12710 38640 157690 47010 123751 129150 174050 36170 104230 107802 77940 82320 146190 24720 86130 128170 128851 68120 9830 102962 52150 44930 
27380 110990 79070 104830 89750 112180 88550 85150 67770 0 73390 117230 71820 60040 33800 35540 53390 66100 64840 88230 95740 83810 56380 106050 64370 109220 42610 91170 53610 77300 84850 51071 39680 64850 94870 87590 80310 16350 70660 44940 23070 66900 30660 65650 59990 48780 48810 45560 86000 49700 53880 57600 97180 78930 55830 72790 113830 62790 72480 85290 116340 31990 69940 61200 67620 54920 102330 85410 72950 68400 78350 33550 76610 55350 24360 50150 
93541 179041 125021 119980 153150 179321 147890 152451 27630 72850 0 180630 115780 78660 85500 102841 105340 12550 49430 59310 126380 144700 90590 173961 19220 177431 98950 94610 120751 138460 117060 104570 62600 112790 135370 150990 90350 62790 112430 94310 80270 134201 97700 92250 91030 80650 64300 97510 145230 54810 121181 106790 165231 122090 23520 14490 177230 28720 117870 148690 184631 52200 93540 101170 103670 104440 165730 50890 111860 128600 122240 87660 36470 96330 53960 67070 
99750 141960 165460 97750 32340 51322 39600 123490 160920 117430 181490 0 166551 175742 95330 105810 140171 171660 181210 160340 72300 41850 166951 80060 164830 124680 83280 123990 82820 47750 79710 77600 156540 79230 60690 37960 105580 133210 81550 152471 137362 110650 120770 180261 173431 163052 165670 143651 150510 165780 99790 150701 128150 176140 161890 183500 13350 177200 161640 41040 96890 129520 185041 168331 89930 85150 35830 161860 84200 136770 173340 97020 170490 162481 140130 123960 
90430 81510 12890 190031 134650 138240 144780 63170 123180 71490 116740 166711 0 42380 108803 70580 26220 119160 73390 152880 170743 140040 26260 117530 119780 96700 113490 166730 95260 133530 159853 121324 55900 139853 166885 127110 155870 66991 145663 28290 51580 62850 57870 32890 27410 36100 53240 28060 42200 62490 69150 15650 77260 8780 111280 103880 160810 88480 3020 127780 119330 97841 35990 18850 142623 129923 140920 144460 147953 35740 7790 107363 132020 19810 70951 124361 
86750 118590 51201 155120 147882 156630 146682 96030 89080 60000 79240 175362 42690 0 93170 75320 46210 81660 31260 119090 157252 141942 19820 140460 85330 131210 100043 136350 101020 135432 146362 107833 23710 126362 153394 143700 125490 48280 132172 30460 40930 89640 59710 14520 15160 14820 16270 38380 80080 25180 86570 38900 111770 47160 77180 66380 171962 50980 44141 143080 146820 74050 16930 27350 128540 116432 159040 110670 134462 68640 48170 92920 97920 25560 42140 95330 
24260 121220 115530 71200 67770 94310 62470 95380 65710 34010 86750 95250 107621 93480 0 51160 86830 76450 95600 73640 62110 59280 89820 93350 69620 114240 13530 72360 43860 53040 51220 19150 73120 31220 61240 65610 49660 49790 37030 78380 56510 77130 56880 99090 93430 82220 82250 79000 107900 81740 64190 91040 107410 114731 66680 88760 91850 85060 108821 63310 108210 34650 103380 95961 33990 21290 80350 70950 39320 91420 114521 2280 75280 88790 56090 30440 
27530 75930 71140 120760 76220 85240 79150 50090 96550 35840 103600 105780 70950 75110 51010 0 44700 95810 90070 116170 101961 74410 62840 71430 93280 74160 46640 117190 29290 67900 94141 51950 63000 73620 97581 68680 99220 48820 79951 48730 40340 31840 16400 74490 67390 61910 69240 44360 60590 74100 18820 55250 62120 77350 84740 105610 102380 95260 67850 69350 81280 60650 79270 64990 81190 67610 83420 113480 82710 44110 75210 48730 105390 59140 56830 73530 
65020 74850 27940 158862 110361 115151 120491 51620 106640 53070 106010 139921 27220 46030 86240 44720 0 104820 72810 135880 147541 115751 29390 99101 103240 86800 84440 146530 70971 109241 136391 92650 46630 114320 143161 102821 135670 49370 120651 16560 33160 44530 32460 40680 33840 34210 48290 8200 40860 57710 44861 11300 67360 33580 94740 98660 136521 83260 24080 103491 101710 80220 45450 29040 120690 107110 117561 127460 123410 24230 31440 85990 115480 23190 53330 101530 
86281 171781 127911 107890 144120 170660 138860 145191 15540 65860 12690 171600 118670 81710 76470 95581 105081 0 56080 47220 114290 135670 93480 166701 7130 170171 89920 82520 113491 129430 104970 95540 65160 100760 123280 141960 78260 59810 100340 96631 77420 126941 93410 95300 93920 83540 67190 97251 144971 59180 113921 109291 157971 124980 12330 25670 168200 36380 120760 139660 177371 44940 97960 104060 91580 94130 156700 38800 99770 128230 125130 78630 24380 99220 52031 55760 
90800 146980 82141 148550 155010 172310 153810 123750 68660 65090 50960 182490 73630 31300 95930 90710 73100 56690 0 100340 152880 149070 49050 156140 61420 157680 106030 129780 115570 142560 141470 114491 28200 127790 157180 152850 118920 50970 130030 58820 55070 113690 75020 45460 46100 42270 25170 65270 108840 17890 102250 67660 139490 78100 56300 36910 179090 21240 75081 150550 164990 67880 45980 58290 121970 117100 167590 91920 130160 96360 79110 95790 77500 54790 41290 86430 
93980 186770 162421 70520 139780 166320 124980 160930 33200 88110 59570 160520 152661 118980 73320 116210 136150 47350 99590 0 91010 123030 128222 166390 40390 187170 86290 40910 116900 118060 81690 89930 101860 84170 100000 137620 55250 90620 83750 127700 106670 142680 115060 132072 128662 118332 104460 128320 171530 96760 129740 140360 172960 159722 44760 71620 151170 79890 154751 135320 181250 57430 135230 138802 74990 80090 152360 8930 83180 153310 159851 75400 40720 133962 83020 44380 
85091 163010 175880 28740 68140 97810 51400 143190 100150 96290 126050 72140 171045 158334 62460 101931 146841 113780 152360 91060 0 51210 153264 118120 106820 148910 61441 53530 87980 50150 12050 51400 137370 31380 11620 71600 36300 112070 26820 141824 118790 125430 114541 162514 156854 145644 146410 142444 164681 142320 111870 154484 149200 178155 107770 137230 62790 138530 172245 68870 133500 86860 166804 159385 31270 41370 79770 96790 25400 144701 177945 64520 109480 152234 116870 68020 
66240 118980 139660 76060 18680 51220 7040 100510 124990 83920 146030 41900 140750 142232 59360 74390 116031 135730 147700 123310 51200 0 137162 68120 128900 104910 48950 93680 52220 8090 48840 40290 123030 39990 44040 21840 71920 99700 42660 123720 103852 87670 88290 146412 140752 129542 132160 119511 127150 132270 75650 126561 105170 147000 125960 148040 38500 143690 137500 18610 87060 93930 150702 143283 51040 45500 33590 122620 45310 112630 144860 61200 134570 136132 106620 84310 
79930 99930 36820 161010 137091 141881 141642 77890 98690 55510 91500 166651 26200 19750 88680 62980 28930 93920 48730 128400 152212 136902 0 125831 95290 113070 95003 142240 91130 130392 141322 102793 31090 121322 148354 129551 131380 50280 127132 15030 35600 73130 47370 12770 5670 12760 28000 22950 61420 37250 71591 20240 93630 33250 86800 78640 163251 63240 28720 130221 130310 78690 17550 11630 124092 111392 144291 119980 129422 50460 33330 88430 107530 6630 46780 100000 
84970 67510 112760 141180 56010 34180 73000 60220 158280 107020 174720 80160 119030 140670 92690 72100 99411 166930 155900 166030 118170 68200 126191 0 162190 44980 82680 150480 59790 69350 113430 84200 128830 95690 108490 48400 127780 118460 100960 111711 107040 55840 83150 137841 130741 127310 135070 102891 87060 139930 55020 109941 59090 122780 155860 176390 81260 162260 115730 51230 19000 126300 142621 127571 106900 97720 45280 163340 103780 82940 121130 94380 167850 121721 126740 122830 
83490 169231 128940 100930 137400 163940 132140 142641 8580 63780 19680 164880 119641 85370 69750 93031 103260 7460 61000 40260 107330 128950 95202 162980 0 167621 83200 75560 110941 122710 98010 88820 68820 93800 116320 135240 71300 57730 93380 94810 75340 124391 91330 98960 95642 85312 70850 95430 143150 63150 111371 107470 155421 126702 9140 32120 161480 41300 121731 132940 174821 39690 101620 105782 84620 87410 149980 31840 92810 126150 126831 71910 17420 100942 50130 49040 
96311 24280 84210 171740 96760 77780 111400 37590 171231 109951 178281 123810 96940 131200 113650 74411 86730 170491 157751 185631 148730 104880 113060 44760 167961 0 103640 178920 78730 104030 143990 108070 130681 126250 141660 89150 156220 120311 131520 102020 108891 45460 85001 124340 117510 119380 133750 93660 56280 141781 56751 93200 19430 94860 159421 178241 123420 164111 94240 91110 30200 134761 129030 110020 137310 123730 87530 182941 134340 63470 93210 115340 180071 106860 128591 142771 
25070 113900 114390 76470 55330 81870 51610 88060 79160 42750 100200 82810 113684 100973 13530 46670 84700 89900 105950 86600 61261 48420 95903 82640 83070 103530 0 77630 35250 41590 52460 11250 81860 31710 56881 53170 54930 58530 38270 84463 62593 69810 53000 105153 99493 88283 90990 82240 103750 91100 56870 94830 100090 120730 80130 102210 79410 98510 111230 50870 97500 48100 109443 102024 36960 23380 67910 83910 40800 87270 118590 15370 88730 94873 65450 43400 
94740 189770 175060 29830 110970 141020 95150 161690 68470 91040 94840 123990 166670 136381 72340 116970 146940 82620 125260 40990 53610 94040 142231 150370 75660 178900 77580 0 110620 89370 46970 73790 116140 55270 63620 112110 22940 97910 52580 138490 112120 143440 117990 146081 142671 132341 123780 139110 178880 119690 130500 151820 175960 173731 76880 106200 114640 109170 168311 108880 165750 64370 149321 152811 44330 57810 125270 46460 49960 161640 173860 74400 76700 147881 94380 44610 
31240 86770 94930 108780 53900 64570 56880 62820 109140 53630 120990 83360 96020 101390 43550 29450 71301 113200 115430 116890 87860 52140 91570 59860 110670 78730 35150 110430 0 45630 81030 40230 88860 60650 81070 46360 87730 68460 67130 77460 64670 44570 44930 103220 96120 88740 95520 73330 83900 99460 30920 81831 72960 102270 102130 123000 79960 113940 92770 47030 74720 73390 108000 93720 69470 55890 61100 114200 69740 67900 100130 45240 118710 87870 76470 73690 
59740 118060 133250 75060 22350 52400 12080 99590 118700 77420 139740 47770 134340 135732 53070 67890 109621 129440 141200 118260 50250 8090 130662 69300 122610 103990 42040 89730 45720 0 47310 34000 116530 34940 43100 23020 67030 93200 38540 116620 97352 82800 81790 139912 134252 123042 125660 113101 122630 125770 69240 120151 104250 140590 119670 141750 44370 137190 131090 19790 88240 87640 144202 136580 46150 40450 37890 117570 41190 106220 138450 54910 128270 129400 100120 79260 
75510 158240 168200 28350 65600 97940 49780 136780 91000 85300 116850 79720 160971 147611 51470 94291 138960 104630 140960 81910 12000 48670 143170 113350 97670 144140 52610 46510 81090 47480 0 42810 126380 20920 19200 69060 27150 101080 15420 131640 107800 118370 106660 152432 146772 135510 135010 132260 156800 130920 104491 144330 144430 168081 98620 128030 70370 128050 162163 66330 128730 75460 156722 149303 19870 30380 79900 87640 14000 136820 167863 53530 100330 142140 105470 57510 
35400 119360 123520 70700 49920 76460 43390 93600 84770 51161 105810 77400 121354 108643 19140 52210 93070 95510 114361 90270 51400 40200 103573 84380 88680 107980 11720 73750 40190 33960 42950 0 90271 22280 48810 47760 51050 66941 28760 92133 70263 75350 61370 112823 107163 95953 99401 90610 112370 99511 62410 104793 105550 128464 85740 107820 74000 104120 120360 45460 99240 53710 117113 109694 29760 16180 62500 87580 31370 92810 127720 20980 94340 102543 73861 47070 
66420 120290 65661 134530 128790 144900 127590 97060 72210 39670 62870 156270 55780 23850 72840 63420 46410 65010 27930 101780 134780 122850 31230 128850 68680 130390 81650 115760 88480 116340 123890 90111 0 103890 133910 126630 104900 26230 109700 33220 28230 86380 47730 34970 31670 21290 9380 38580 86300 11960 74960 46690 112800 62730 60310 53320 152870 37920 57870 124330 137420 53040 37880 41810 106660 93960 141370 93360 111990 69670 62880 72590 81050 36970 21130 74350 
55450 139860 145320 48590 56700 86280 41450 115400 86960 65240 112380 79250 140911 128192 31410 74010 114870 100590 127560 84400 31370 39600 123110 95630 93630 126420 31910 55280 60840 34630 20840 22410 106320 0 30500 57370 32580 81020 6650 111580 87740 97150 83170 132372 126712 115450 115450 112200 134590 115560 84210 124270 126050 148013 92640 116170 75850 114650 142103 54140 111010 62060 136662 129243 11700 10320 71560 83710 9180 114610 147803 33470 96290 122080 87320 46490 
80542 155900 168770 39820 57120 86320 40341 136080 108870 95370 134770 60650 166496 153785 61540 97382 142292 122500 156560 99780 11740 43980 148715 108671 115540 141800 56892 63430 81240 42930 19150 48801 135413 30460 0 61631 45020 111150 28980 137275 115405 118320 109992 157965 152305 141095 144543 137895 158150 144653 104760 149935 142090 173606 116490 145170 51300 143650 166610 61650 126390 91060 162255 154836 35470 40450 68280 105510 28890 140152 173396 63600 118200 147685 117450 74660 
70330 104530 127150 96490 8640 30160 25950 86060 131500 88010 152070 38030 128240 144520 65910 69160 103521 142240 151790 138380 71630 21740 130301 48070 135410 88940 53860 112270 46780 22890 69270 48180 127120 57480 61440 0 89570 103790 61150 115821 106400 73220 85080 141951 134851 131820 136250 107001 112700 136360 63140 114051 90720 134490 132470 154080 34630 147780 124990 4770 67000 100100 146731 131681 68690 61180 15240 135690 63800 100010 132350 67600 141070 125831 110710 95180 
73760 166650 163840 30330 88820 118400 73040 140810 64170 79820 90020 105860 155450 125161 49720 99420 135720 77800 118010 55310 36350 71720 131011 127750 70840 156280 54960 22910 88000 66750 27030 51170 104920 32650 45340 89490 0 86690 29960 127270 100900 122560 105180 134861 131451 121121 112560 127890 158890 108470 109620 140600 152840 162511 71790 101110 96510 101370 157091 86260 143130 53150 138101 141591 21710 35190 103160 60810 28760 140020 162640 51780 73500 136661 83160 32040 
43070 120160 74950 116630 105440 127020 104240 92700 61480 16320 63310 132920 67001 48310 49490 49130 49270 59810 50770 90620 111430 99500 50900 118330 58080 119870 58300 97860 68450 92990 100540 66761 26160 80540 110560 103280 87000 0 86350 40820 19630 77550 36930 56020 51810 40890 35290 41440 89160 35630 64440 53480 107830 74111 49540 61810 129520 48720 68201 100980 126900 35530 60020 55341 83310 70610 118020 82200 88640 71580 73901 49240 70320 48861 10290 56840 
61250 145550 151341 43100 59580 90840 43760 121421 86210 71040 112060 81570 146703 133992 37210 80031 120891 99840 129640 83650 26760 42650 128910 100690 92880 131480 38350 52620 66980 38720 15350 28550 112120 6660 28980 61460 29940 86820 0 117380 93540 103171 89191 138180 132512 121250 121250 118000 140611 119600 90231 130070 131740 153813 93830 118190 77960 116730 147903 58230 116070 64140 142462 135051 9060 16120 73880 82960 3610 120631 153603 39270 95540 127880 93120 48250 
66530 90450 35170 150692 123411 128201 128980 67220 98260 44900 94740 152971 27780 30330 78070 49580 17100 96440 58900 127500 141602 124240 15340 112151 94860 102400 84393 138360 77730 116990 130712 92183 33450 110712 137744 115871 127500 41200 116522 0 24990 60530 33970 26990 19890 18510 34600 9270 55370 44020 57911 14360 82960 34890 86360 85410 149571 70010 28440 116541 117710 72050 31770 17160 113482 100782 130611 119080 118812 39830 34310 77820 107100 11310 44950 93360 
49790 104780 59140 127240 110372 122990 109172 78210 79070 23040 80600 137852 51890 41730 56210 40790 33460 77400 54840 106830 118150 104432 36450 106940 75670 108480 62533 112340 64700 97922 107260 70323 28510 87260 115884 106020 101480 19600 93070 25010 0 64920 25820 45950 40290 29080 35600 25630 72910 38870 53050 37670 93860 59000 67130 75330 134452 61200 52550 105912 115510 50010 50240 41270 90030 77330 120760 99790 95360 55310 58420 55960 87910 35420 27470 71320 
53330 45280 57240 144050 80330 76660 93720 19440 127680 66970 134730 110310 63510 89490 76810 31430 44770 126940 113380 142430 124980 87360 73390 55960 124410 45710 69790 143450 44350 82470 117691 75100 86300 96770 117910 72550 122370 77330 103101 60020 64960 0 42020 84670 77840 77670 89520 51200 42000 97410 13770 55300 31470 67260 115870 134310 106540 120180 60210 73590 57760 91780 89450 73040 104340 90760 78760 139740 105860 28320 65610 74530 136520 67190 85610 99790 
33560 86500 59730 127820 91910 99240 92940 58400 94270 30790 98240 120740 58770 59840 56790 16830 32720 93380 74800 114610 115531 88200 47660 83190 91000 84730 52980 117550 44950 81690 104381 61190 47730 82860 111151 84370 105000 37110 89191 33550 25940 42410 0 59310 52210 46730 53970 30260 58210 58830 29300 42850 72690 65370 82460 95290 117340 81160 55870 85040 91760 58370 64090 49810 89230 75650 99110 111790 91950 40990 63230 54760 103110 43960 45390 76360 
91532 110960 42780 166670 148951 153741 150862 89280 102120 64790 92980 179811 32350 14510 99492 74840 40320 95400 45520 132130 161432 146122 12850 137691 98720 124460 104223 145670 102990 139612 150542 112013 34670 130542 157574 141411 134810 55980 136352 26890 45210 84520 59230 0 7090 18570 30010 34810 72090 38920 83451 31630 105020 34120 90220 80120 175111 64720 34670 142081 141700 83250 5120 19360 133312 120612 156151 123710 138642 61850 35280 98052 110960 18020 51340 104610 
84700 104380 36841 161260 141861 146651 145462 82340 98940 59390 91800 172871 27520 14970 94092 67750 33380 94220 45980 128810 156032 140722 5760 130601 95540 117520 98823 142490 95900 134212 145142 106613 31490 125142 152174 134321 131630 51820 130952 19800 39810 77580 52140 7090 0 13170 28410 27720 65870 37660 76361 24690 98080 32990 87040 78940 168021 63540 29781 134991 134760 79100 11870 12990 127912 115212 149061 120390 133242 54910 33150 92652 107780 11080 47190 100460 
74932 106710 46130 151060 135462 143540 134262 84150 88740 48190 81550 162942 36010 14780 81360 62230 34260 83970 42010 118450 144832 129522 12770 127370 85340 119330 87623 132290 88700 123012 133942 95413 21140 113942 140974 131210 121430 40620 119752 18580 28610 77690 46620 18870 13210 0 18050 26430 68200 27300 73480 27020 99890 43120 76840 68690 159542 53290 38100 130760 134870 68740 23160 22490 116712 104012 145950 110030 122042 56760 43200 81110 97580 17280 36830 90050 
75350 122920 62761 142190 140302 152190 139102 99690 75130 48600 65290 167782 53520 16380 81770 70720 49040 67710 25080 105140 146520 134362 28330 136140 71380 134870 90580 123420 95990 127852 135110 99041 9250 118600 145814 138142 112560 35160 123670 34500 35840 90640 55030 29960 28650 18390 0 41210 85710 11040 82250 44530 115430 59830 63230 52430 164382 37030 55610 135842 144710 61080 32620 38910 115610 108610 152882 96720 123800 72300 59980 81520 83970 34070 29170 82390 
62820 81980 34260 151122 114141 118931 124271 58750 98900 45330 98270 143701 28980 38290 78500 44920 8100 97080 65070 128140 142032 119531 23300 102881 95500 93930 82240 138790 73070 113021 131142 90450 38890 111142 138174 106601 127930 41630 116952 8820 25420 51260 30260 34950 27850 26470 40550 0 47990 49970 48641 13060 74490 36080 87000 90920 140301 75520 27990 107271 108440 72480 39730 24950 113912 101212 121341 119720 119242 31360 34450 78250 107740 19100 45590 93790 
84550 40690 29300 182180 120010 114440 133560 28240 146220 86180 145590 150370 42030 80180 108030 61040 40850 144400 108780 171070 165220 127040 61720 86930 142820 56010 103970 177980 83730 122710 155821 112420 86210 134400 158150 112230 158950 88950 140731 55710 72740 42010 58260 71980 66170 68360 85850 47780 0 95100 53150 42040 36570 39950 134320 136490 146600 121090 39330 113270 82940 114210 74510 57510 140980 127400 118440 167960 143700 18130 38300 105750 155060 55480 92910 130470 
76190 131690 71721 138170 138560 155810 137360 108460 66360 49440 55390 166040 62480 25200 81450 74330 57810 58940 17800 96370 142500 132620 37290 139760 62610 141300 91420 119400 99190 126110 131090 99881 11820 113660 143680 136400 108540 35320 119470 43460 38690 97310 58640 38790 37730 27350 11000 49980 94670 0 85870 53490 124200 68790 54460 42530 162640 27130 64570 134100 148330 57270 41450 47870 111590 102570 151140 87950 119780 81070 68940 81310 75200 43030 26200 78380 
40870 57980 68460 131450 70210 71060 80340 32140 114790 54080 121840 99770 69810 86650 64350 18540 45091 114050 101880 129970 111600 75600 71871 55010 111520 56210 57330 130990 30820 69090 104831 62640 74810 84310 104530 62670 109910 64440 90641 57391 53020 13890 29130 83521 76421 73290 81050 48571 53220 85910 0 55621 44170 76060 102980 122370 96370 108240 66560 63340 62640 78890 88301 73251 91880 78300 72320 127280 93400 39540 73920 62070 123630 67401 72720 87330 
75360 80570 22270 162932 121181 125971 131311 58320 110710 57140 107830 150741 16530 39020 90310 55540 11150 108890 67620 139950 153842 126571 20560 109921 107310 93500 94780 150600 81791 120061 142952 104423 46540 122952 149984 113641 139740 53440 128762 14730 37230 55350 42800 31840 25010 27200 44690 12990 42060 53940 55681 0 74060 23630 98810 95330 147341 79930 15540 114311 112530 84290 36620 19050 125722 113022 128381 131530 131052 30890 22000 90060 119550 14360 57400 105600 
83750 14390 64780 172070 98150 87340 111700 18760 158670 97390 165720 128130 77510 111770 107230 61850 67300 157930 138840 172850 149060 105180 93630 59120 155400 19440 100210 175990 73020 104330 144320 105520 112660 126000 141990 90370 152790 107750 131820 82590 93770 31210 72440 104910 98080 99950 114320 74230 36850 123740 44190 73770 0 75430 146860 163120 124360 148990 74810 91410 46370 122200 109600 90590 134760 121180 94620 170160 134640 44040 73780 104950 167510 87430 116030 130210 
98080 79140 11390 195151 141850 143750 151980 65910 130360 78670 123210 177680 8520 47090 115983 77780 33780 125630 78100 160060 178945 147240 33440 123040 126960 94460 120710 173910 102460 140730 167033 128504 62800 147033 174565 134310 163050 74171 152843 35470 58760 68360 65520 34130 32870 43280 59710 35880 40700 68960 76350 23470 75020 0 118460 110350 174280 94950 10620 134980 121390 105021 35950 24470 149803 137103 146430 151640 155133 40640 3260 114543 139200 26990 78131 131710 
75261 160761 120470 101790 134250 160790 128990 134171 13890 55310 23570 161730 111341 77660 66600 84561 94790 12130 55970 44820 108190 125800 86902 155681 9030 159151 80050 76800 102471 119560 98870 85670 60500 93790 117180 132090 72160 49260 94240 86340 66870 115921 82860 90752 87342 77012 63140 86960 134680 55440 102901 99000 146951 118402 0 30460 158330 36270 113431 129790 166351 33920 93910 97482 85480 85540 146830 36400 93670 117680 118531 68760 22730 92642 41660 47430 
95961 174800 113651 131100 155610 181741 150310 148230 39800 72410 14660 183090 104410 67290 87920 105261 99320 25630 38060 71480 137500 147120 79220 176381 32130 178500 101370 106110 123171 140880 128180 106990 53580 115210 144600 153450 101020 61900 117450 85390 75860 134940 95840 80880 79660 69280 52930 91490 136600 43440 123070 95420 163880 110720 29970 0 179690 17350 106500 151150 185810 54620 82170 89800 109140 106860 168190 63060 117330 122580 110870 90080 48640 84960 52850 70860 
96490 138350 160540 88170 29080 56710 36340 119880 157660 114170 178230 13480 161630 172482 92070 102550 136911 168400 177950 150760 62720 38590 163691 81230 161570 123580 80020 114410 79560 44490 70130 74340 153280 75970 51110 34700 96000 129950 77540 149211 134102 107040 117510 175341 168241 159792 162410 140391 146900 162520 96530 147441 124540 172880 158630 180240 0 173940 158380 37780 98060 126260 181781 165071 85750 81890 38670 156490 78270 133510 170080 93760 167230 159221 136870 120700 
87750 157640 97571 132100 149930 172870 148730 133550 48340 62770 30170 177410 88330 51130 85040 95740 83240 36370 21160 80020 138500 143990 63140 162280 41100 163820 98490 109330 114300 137480 127880 104110 37500 114200 143590 147770 101590 48810 116440 69310 61180 120260 81160 64800 63580 53200 36850 75410 120520 27360 108390 79340 149200 94640 36030 16120 174010 0 90420 145470 171130 53610 65270 73720 108380 105850 162510 71600 116570 106500 94790 85210 57180 68880 39760 70400 
88410 79000 10380 191232 132180 135650 142310 60580 125080 71870 118990 161740 3780 44091 110032 68110 24110 121410 75101 154780 171972 137570 28690 114940 121680 94110 111040 168630 92790 131060 161082 120010 57800 141082 166500 124640 157770 68170 146892 28670 51960 60260 55850 34990 29871 38000 55490 27880 39690 64740 66680 15470 74670 10540 113180 106130 158340 90730 0 125310 116740 99020 38090 21430 143852 131152 138330 146360 149182 33150 8400 108592 133920 22240 72130 125540 
67570 105100 127370 93710 10230 34220 25100 86630 128740 85250 149310 41290 128460 143490 63150 69380 103741 139480 149030 135620 68850 18580 130521 51120 132650 91030 51100 109110 47000 19730 66490 45420 124360 54320 61700 4840 86410 101030 57990 116041 105182 73790 85300 142171 135071 130840 133490 107221 113270 133600 63360 114271 91290 134710 129710 151320 37890 145020 125210 0 70060 97340 146951 131901 65530 58420 19710 132930 60640 100340 132570 64840 138310 126051 107950 92420 
99300 52840 111240 156110 74360 51140 91350 60041 172960 116510 185400 97170 119940 146620 107370 80970 101900 177610 164870 180710 133100 87230 130520 19080 175080 30310 97360 165410 74470 88380 128360 98880 137240 110620 126030 67430 142710 126870 115890 117150 115450 57650 91560 141800 134970 134800 143480 108330 83310 148340 62610 112430 46460 121890 166540 185360 98270 171230 116640 70260 0 140980 146580 130170 121830 112400 62290 178020 118710 84750 120240 109060 182530 124320 135150 137510 
45080 136300 106000 83510 102280 128820 97490 110460 37460 32390 52950 129760 98051 73371 35100 60850 80320 44910 66720 57480 87440 94300 79221 126670 39610 134530 48550 64740 74050 88060 76030 54170 53130 62390 91740 100120 53880 36030 64630 71870 50240 92210 59340 83071 79661 69331 60770 72490 115190 56680 79190 84530 122490 105161 34090 54960 126360 53440 99251 97820 141530 0 86311 86391 56570 54040 114860 54030 64760 97590 104951 36710 46300 79911 32500 23720 
95382 113840 45260 170170 153701 158491 154712 93850 105440 68640 95150 184561 35390 16770 103342 79590 45070 98020 45540 135450 165282 149972 17600 142441 101690 129030 108073 149170 107740 143462 154392 115863 37570 134392 161424 146161 138310 59830 140202 31640 49060 89270 63980 5060 11840 22420 32630 39560 74570 41540 88201 36380 109590 35850 93540 81190 181161 65520 37710 146831 146450 86870 0 23130 137162 124462 160901 127030 142492 66420 37760 101902 114280 22770 54960 108150 
82470 95980 29640 168073 138551 143341 148413 75100 109260 60840 102070 168111 18810 27690 97043 65520 28710 104490 58700 138970 158983 143673 11590 127291 105860 110280 101774 152810 93670 136540 148093 109564 41660 128093 155125 131011 141950 55231 133903 17640 40930 72910 49910 19280 13470 22390 38570 25010 57470 47820 73051 18970 90840 24360 97360 89210 164711 73810 21540 131681 130090 86081 23710 0 130863 118163 145751 130550 136193 47670 24440 95603 118100 6760 57350 110620 
58030 148650 151440 41140 67930 97510 52150 122810 77460 67820 103310 89960 143491 128051 33990 81420 120990 91090 121400 74900 31180 50830 125690 106860 84130 137190 36960 44280 69400 45860 19770 29760 107810 11760 35480 68600 21580 83600 9070 114160 90320 104560 89290 134962 129292 118030 115450 114780 140890 111360 91620 126850 134760 150593 85080 109440 86180 108490 144683 65370 122240 55900 139242 131831 0 13780 82270 74210 8500 122020 150383 36050 86790 124660 85910 39500 
45350 135010 136840 54860 62190 89530 48220 109250 82260 55140 104920 84740 128841 116130 21310 67860 107430 93480 116730 80180 41040 45090 111040 97830 86650 123630 23400 57790 55840 40120 30150 16200 94250 10150 40170 60830 35090 70920 15960 99510 77640 91000 75730 120310 114650 103380 103380 100130 127330 102870 78060 112200 121200 135951 85180 107680 81340 106160 130041 58530 112690 53570 124600 117181 13800 0 75570 79420 18490 108460 135741 23370 91590 110010 77220 39030 
84700 107730 137310 106210 17270 18110 33000 91440 145870 102380 166440 35820 142610 159550 80280 83530 117891 156610 166160 152750 79650 33610 144671 45160 149780 87590 68230 124920 61150 37860 80080 62550 141490 71580 68350 15430 103160 118160 73900 130191 120770 78840 99390 156321 149221 146190 150620 121371 118320 150730 72150 128421 94580 147330 146840 168450 38700 162150 139360 19740 61990 114470 161101 146051 82280 75550 0 150060 76550 106210 145680 81970 155440 140201 125080 109550 
91540 184330 153961 76100 137340 163880 124140 158490 24740 85260 51110 161840 144201 110520 70880 113720 127690 38890 91130 8970 96790 122190 119762 163950 31930 184730 83850 46490 114460 117220 87470 87490 93400 83330 105780 135180 60760 82160 82910 119240 99770 140240 112210 123612 120202 109872 96000 119860 167790 88300 127300 131900 170520 151262 36300 63160 156950 71430 146291 132880 178810 53810 126770 130342 74150 79250 149920 0 82340 150190 151391 72960 32360 125502 74560 41940 
63350 148530 154300 41470 62390 93650 46570 124880 85630 73140 111480 84380 148803 136092 39310 82990 123850 99260 129570 83070 25300 45460 131010 103670 92300 134460 40890 49870 69820 41530 13890 31390 114220 9200 28890 64270 28570 88920 3730 119480 95640 106130 92150 140280 134612 123350 123350 120100 143750 119530 93190 132170 134720 155921 93250 117610 78690 116660 150003 61040 119050 64070 144562 137151 8480 18660 76690 82380 0 124090 155703 41370 94960 129980 94080 47670 
68110 51620 29420 162350 107460 103780 117590 28390 129610 68550 128980 137020 36260 68710 91590 44600 24240 127790 95780 152820 147141 112850 50570 83070 126210 63570 87530 160780 68070 106340 135991 92900 69600 114570 141780 99670 140170 71780 120901 39530 55480 28390 41010 61850 55020 56890 71260 31170 18270 80680 39530 30710 44130 39440 117710 121630 133620 106230 32960 100590 84870 96580 66540 47530 122140 108560 106460 150000 124160 0 37790 89310 138450 44370 76300 114030 
95350 77300 8680 194751 139120 141040 149250 63200 129890 77510 122810 174220 7070 47440 115293 75050 31050 125230 78450 159590 177755 144510 32970 120330 126490 92620 117980 173440 99730 138000 166343 126950 62400 146343 173375 131580 162580 73481 152153 34310 57600 65650 62790 34840 32470 42810 59310 33840 37990 68560 73620 21430 73180 3660 117990 109950 170820 94550 7890 132250 119550 104331 37370 24000 149113 136413 143720 151170 154443 37930 0 113853 138730 26520 77441 131240 
21980 118940 113490 73260 69460 96000 64310 93100 67870 33740 88820 96940 107351 93210 2280 48880 86480 78610 95770 75700 64170 61120 89550 95040 71780 115930 15370 74420 45550 54880 53280 20990 72850 33280 63300 67300 51720 49520 39090 78110 56240 74850 54780 98820 93160 81950 81980 78730 105620 81580 61910 90770 105130 114461 68840 90830 93540 85230 108551 65000 109900 36420 103110 95691 36050 23350 82040 73010 41380 89140 114251 0 77440 88520 55930 32500 
89870 181151 140860 103490 143180 169720 137170 154561 9890 75700 36490 170660 131561 97880 75530 104951 115180 24270 76610 41090 109890 134730 107122 168760 17310 179541 88980 76730 118670 128490 100570 94600 80890 96360 118880 141020 73860 69650 95940 106730 87260 136311 103250 110972 107562 97232 83360 107350 155070 75660 123291 119390 167341 138622 22610 48540 167260 56910 133651 138720 183620 46070 114130 117702 87180 91560 155760 33010 95370 138070 138751 77690 0 112862 62050 54170 
76630 93870 30460 160792 132711 137501 141132 71830 104310 55000 97120 162271 19840 25370 88170 59680 22870 99540 54350 134020 151702 136392 6640 121451 100920 107010 94493 147751 87830 129430 140812 102283 36710 120812 147844 125171 136891 48761 126622 11800 35090 67070 44070 17920 11090 17230 33620 19170 55360 42870 67211 14180 87570 26950 92410 84260 158871 68860 22360 125841 124250 79611 22700 6770 123582 110882 139911 125600 128912 44400 27030 87920 113150 0 52400 103650 
50480 127360 79160 113010 112850 135050 111650 100840 53660 24350 53480 140330 71211 42481 55610 57160 53480 51840 40850 82900 116940 106910 47450 126540 50260 128080 65710 94240 76480 100400 105530 74171 21720 86660 116680 110690 83380 10230 92470 45030 27480 85760 45140 52100 47890 37510 29840 45650 93370 27030 72650 57690 116040 78321 41760 51870 136930 38780 72411 108390 135110 31910 55421 58030 86070 76730 125430 74480 94260 76740 78111 55470 62500 52920 0 53220 
51450 144240 127030 61770 96910 123450 87020 118400 43710 48420 65890 123540 119081 93761 30450 73680 99580 54450 84990 44640 68150 83890 98630 123520 47620 142470 43420 44610 74030 78920 57400 47060 72900 46360 74840 94750 32140 55290 48430 91130 69500 100150 75370 103461 100051 88690 81020 91750 130420 77080 87210 103790 130430 128031 46150 69990 120140 68900 120281 92450 138380 21750 106701 107421 39670 39020 109490 41950 47860 113620 127821 32530 53280 99851 51760 0 

0 Ciudad_0 0 0 32400 0
1 Ciudad_1 363 7872 22472 726
2 Ciudad_2 663 8793 21042 1326
3 Ciudad_3 825 13492 24729 1650
4 Ciudad_4 813 17042 21249 1626
5 Ciudad_5 777 9143 16592 1554
6 Ciudad_6 374 16721 28076 748
7 Ciudad_7 165 15268 28648 330
8 Ciudad_8 428 15196 21815 856
9 Ciudad_9 343 15813 26764 686
10 Ciudad_10 207 12600 26673 414
11 Ciudad_11 359 12372 21714 718
12 Ciudad_12 710 3986 8101 1420
13 Ciudad_13 798 7658 11999 1596
14 Ciudad_14 318 23446 25487 636
15 Ciudad_15 442 9163 22657 884
16 Ciudad_16 633 11664 19116 1266
17 Ciudad_17 717 13163 26805 1434
18 Ciudad_18 490 7552 13236 980
19 Ciudad_19 711 7834 21440 1422
20 Ciudad_20 420 6437 16544 840
21 Ciudad_21 734 4082 10665 1468
22 Ciudad_22 568 7908 21897 1136
23 Ciudad_23 211 14780 25246 422
24 Ciudad_24 666 18551 22163 1332
25 Ciudad_25 135 5386 16306 270
26 Ciudad_26 354 1016 10641 708
27 Ciudad_27 455 10297 24651 910
28 Ciudad_28 526 20250 23269 1052
29 Ciudad_29 539 7018 14073 1078
30 Ciudad_30 529 11189 17661 1058
31 Ciudad_31 241 3131 7952 482
32 Ciudad_32 781 9896 22067 1562
33 Ciudad_33 216 13881 28506 432
34 Ciudad_34 730 3965 6365 1460
35 Ciudad_35 117 10639 23445 234
36 Ciudad_36 206 20416 28761 412
37 Ciudad_37 541 11354 25914 1082
38 Ciudad_38 457 5916 17327 914
39 Ciudad_39 397 20121 22122 794
40 Ciudad_40 182 7276 17248 364
41 Ciudad_41 340 7112 11879 680
42 Ciudad_42 824 22243 27486 1648
43 Ciudad_43 784 18286 23684 1568
44 Ciudad_44 495 7550 17427 990
45 Ciudad_45 713 3233 6086 1426
46 Ciudad_46 206 14027 23558 412
47 Ciudad_47 352 18740 25543 704
48 Ciudad_48 307 7924 10590 614
49 Ciudad_49 575 15240 18326 1150
50 Ciudad_50 195 5781 18968 390
51 Ciudad_51 330 13488 16121 660
52 Ciudad_52 155 19582 26923 310
53 Ciudad_53 560 16028 18953 1120
54 Ciudad_54 504 7686 13434 1008
55 Ciudad_55 359 10662 20967 718
56 Ciudad_56 162 11514 18891 324
57 Ciudad_57 474 19645 27022 948
58 Ciudad_58 305 5359 11612 610
59 Ciudad_59 389 3751 18634 778
60 Ciudad_60 129 11580 21868 258
61 Ciudad_61 683 6668 15677 1366
62 Ciudad_62 732 11719 26659 1464
63 Ciudad_63 343 7550 12600 686
64 Ciudad_64 360 2632 16401 720
65 Ciudad_65 685 13560 21292 1370
66 Ciudad_66 603 18014 27102 1206
67 Ciudad_67 336 3982 11529 672
68 Ciudad_68 631 10658 19216 1262
69 Ciudad_69 809 2858 10099 1618
70 Ciudad_70 437 11718 16646 874
71 Ciudad_71 749 5164 7250 1498
72 Ciudad_72 218 19375 24052 436
73 Ciudad_73 605 12162 26618 1210
74 Ciudad_74 520 19669 26968 1040
75 Ciudad_75 357 19373 22963 714

0 -0.00449161 -0.0573904 -0.0189741 0.0337726 -0.0752308 0.0820055 -0.0287122 0.031143 0.0751237 0.0668951 0.00432929 0.0418081 0.030901 -0.00962148 0.0145583 -0.0997368 -0.00035019 0.0295361 0.0774302 -0.048368 -0.0996741 -0.0622565 0.0955845 0.0549627 0.0946478 0.0185116 0.0932866 -0.0313304 -0.000272946 -0.0768888 0.0301797 -0.0269352 -0.00452504 -0.0462683 -0.0747924 -0.090838 -0.0930114 0.0322881 -0.0371768 0.063906 0.0440028 -0.0156854 -0.0621 -0.0655332 0.0425039 0.0756735 -0.0980045 0.0616732 -0.0353106 0.0907411 0.0194423 0.00634342 -0.0872337 -0.0224275 0.0857123 -0.007772 0.0853627 -0.0324174 -0.0787346 0.0237053 -0.0537035 0.000523814 -0.049504 0.0791586 -0.00962448 -0.0819394 -0.0173194 0.0165405 0.0919841 0.039572 -0.0406878 0.0270979 0.0836011 -0.0214293 0.0515192 
0.00449161 0 0.036677 -0.0492354 -0.0601441 -0.0975128 0.0967594 0.0868143 -0.033271 0.0792431 0.0218344 0.0306666 0.0100009 0.0135776 -0.0110388 -0.0914612 -0.044906 -0.0863898 -0.0864816 -0.0258359 0.0716888 -0.0759885 0.0567703 -0.0722567 -0.0787496 -0.00876323 0.0017766 0.0102653 -0.0844856 0.0613119 -0.0799958 0.0265811 -0.0509312 -0.0298876 0.0868322 0.0794087 0.0502498 -0.0767546 -0.0589863 0.012689 0.0983485 -0.0619397 -0.097742 -0.0857127 0.0527806 0.0289273 -0.0421109 -0.0635672 0.0781289 -0.00507377 -0.0977356 0.0469679 -0.0539936 -0.0312765 0.0632931 0.0443568 -0.0575526 -0.0319773 0.0481553 0.0887044 0.0187879 -0.0472871 0.083352 -0.0988242 -0.0709375 0.0622307 0.0754987 0.0324008 0.0946033 0.0371995 0.0507342 -0.0323139 -0.0190146 -0.0160847 -0.0177337 -0.0800687 
0.0573904 -0.036677 0 -0.0899781 -0.0352634 -0.0910943 -0.00997968 0.0820734 0.057148 -0.0674376 -0.0638079 -0.0384498 0.0883307 -0.0820012 0.022511 0.0497074 -0.0134616 0.0514101 -0.0399535 0.022046 6.83054e-05 0.0816178 -0.0694767 0.0922284 0.0161609 -0.0490071 -0.0802032 0.0483952 -0.0264827 -0.0226443 0.0965333 -0.0850124 0.0516478 0.0980552 0.0755114 0.00488175 0.0149929 0.0192321 0.0857293 -0.0640433 0.0160827 -0.0542112 -0.0143302 0.0176066 0.0782875 -0.0669855 0.0293572 -0.00978362 -0.0066752 0.0240051 -0.00553728 0.014419 0.082087 -0.0565583 0.0705088 -0.0128606 -0.0245132 -0.0971034 0.0979262 -0.00400328 0.0431358 -0.0253264 0.00914812 0.0730999 -0.0553952 0.0199542 -0.00860692 -0.0702055 0.0578117 -0.0187572 0.0959541 -0.0766619 -0.0987557 -0.071456 -0.0351557 0.0214808 
0.0189741 0.0492354 0.0899781 0 0.0162985 0.0172323 0.00164714 -0.0425565 -0.0412971 0.0854772 -0.0829496 -0.0458954 -0.060316 0.0140225 0.0239829 0.0230678 -0.0510757 -0.00734925 0.0519905 -0.000197252 -0.0459844 0.0337233 0.0512981 -0.0803157 0.00353852 0.0885249 -0.00865073 -0.0214932 0.025599 -0.0538715 -0.0737247 0.0743455 -0.0166588 -0.0498014 0.0837707 -0.0146876 0.0365878 0.0769279 -0.0264443 0.0328638 -0.0222785 -0.0698357 0.0854572 -0.0554561 0.0918432 0.0895431 0.00391086 -0.000883295 -0.0448821 -0.0937226 -0.00824777 0.0669649 -0.0121914 0.0206438 0.0707203 -0.0562501 -0.0819098 0.0565308 -0.0743649 0.0339261 0.0252285 -0.0423351 -0.0693845 -0.0534776 -0.0645996 0.0615535 -0.0844151 0.0847021 -0.0356801 0.0548294 -0.0263434 -0.0151319 -0.00280322 -0.092472 -0.03695 0.0710421 
-0.0337726 0.0601441 0.0352634 -0.0162985 0 -0.0959372 0.0437734 -0.0578084 -0.0985007 -0.0926005 -0.0765276 0.0521796 0.0669864 0.00031458 0.031568 0.0360373 -0.041312 -0.0677062 -0.0890579 0.0389624 -0.0527847 -0.0796345 -0.0112806 -0.0567839 -0.0201863 -0.0477101 -0.0914675 0.0291156 -0.0855437 0.0427079 0.0470328 0.0471623 -0.0415558 -0.0877687 -0.042973 0.0765954 0.0362506 -0.0562565 0.0408999 0.0925816 -0.0198177 -0.0775878 0.0017817 0.0404584 0.0151174 -0.0447676 0.0534101 -0.0819118 -0.0369594 0.0883342 -0.0977469 -0.0392483 -0.0559921 0.0722318 0.0724575 0.0276197 0.000314366 0.0965057 -0.098823 0.0729014 0.0230384 0.0203276 0.086116 0.0175207 -0.0850246 -0.0401117 -0.0148999 0.0493689 -0.0678984 -0.0681631 -0.0176264 0.0116683 0.0789125 -0.0986963 0.0879121 0.00839795 
0.0752308 0.0975128 0.0910943 -0.0172323 0.0959372 0 -0.0516489 -0.0708638 -0.0770977 0.0352537 -0.0134191 -0.0312446 -0.0750772 -0.0768794 0.0813744 -0.00660411 -0.0502082 -0.0467625 0.00203192 0.00907036 0.0590387 0.0148171 -0.0413045 -0.0388241 0.00702359 0.0937503 0.0393102 0.0367209 0.0761365 0.00487418 -0.0207181 -0.0183129 -0.0589332 -0.0205224 -0.00269598 -0.0815769 0.00958716 0.053694 0.046911 0.0910458 -0.0230372 -0.0614664 0.0778811 -0.065795 0.0327977 0.0882781 -0.0745568 -0.0295653 -0.0575232 0.0225854 -0.0234613 -0.004017 -0.0704398 0.0957017 0.0978083 0.0732694 0.000868622 -0.0192339 0.0979668 -0.00753156 0.0277509 0.00274697 -0.069881 -0.0886014 -0.0632401 0.0927981 0.0359462 0.0995028 -0.0642753 -0.00714607 -0.0339668 0.0981649 -0.0601493 0.0624008 -0.0760551 0.00472216 
-0.0820055 -0.0967594 0.00997968 -0.00164714 -0.0437734 0.0516489 0 0.00265715 0.017462 0.0979195 0.0606507 0.0611857 -0.0371771 0.0538283 -0.0514536 0.0191963 0.082483 0.0789562 0.0564125 -0.0231076 -0.0713339 -0.0558792 -0.0747924 -0.0318953 0.0870243 0.0348417 -0.0688126 -0.0707242 0.0801856 0.0126079 -0.0101655 0.0159395 0.0798673 -0.0930731 -0.0669086 -0.00160971 -0.0361846 -0.0664592 0.0108989 0.0571559 0.0302442 0.0426148 -0.0420174 0.0879489 0.00303543 -0.0287915 0.0499141 -0.0112063 0.0553126 -0.0520445 -0.0262758 -0.0821641 0.0360528 -0.0424736 0.0971469 0.00267477 -0.0936736 0.0268158 -0.087947 0.0281181 0.0374604 0.0444312 -0.0667446 0.0807597 -0.0579602 0.0754381 -0.0308126 -0.0589409 -0.0854911 -0.0456664 -0.0143636 0.00403264 0.0562526 0.0432253 0.0274078 -0.0475218 
0.0287122 -0.0868143 -0.0820734 0.0425565 0.0578084 0.0708638 -0.00265715 0 -0.00135494 -0.098504 -0.0579696 0.0532324 -0.0905704 -0.0191641 -0.0409904 -0.0692362 -0.0479328 0.0766438 0.0694398 0.0669573 0.0360562 -0.0392658 0.0584181 0.0911608 0.0489873 0.0887444 0.0413171 -0.0840042 -0.0469243 0.0668761 -0.0767007 -0.038932 -0.0708424 -0.0352171 -0.0780621 -0.0792008 -0.0113008 -0.081589 0.0311525 -0.0444073 0.0429024 0.0913559 -0.0250387 -0.00734912 0.0663539 0.0870433 -0.0802387 -0.0731559 0.0112892 0.0451399 0.0864092 0.0600638 -0.0370581 0.0607603 -0.0182931 -0.0924231 0.0710426 -0.00568469 0.060071 0.0741227 -0.0921075 0.0732786 0.0260369 -0.0866487 -0.0114974 -0.0493379 0.0651935 -0.0018348 0.0105634 0.0518626 0.0128943 0.0600594 0.0665504 0.0590374 0.043845 0.0393085 
-0.031143 0.033271 -0.057148 0.0412971 0.0985007 0.0770977 -0.017462 0.00135494 0 -0.072513 0.075672 0.0218615 0.0809099 -0.00360467 -0.0792013 0.0465782 -0.0440698 -0.0855057 -0.091749 -0.0249654 0.08894 0.032449 -0.0419492 -0.0698637 0.010195 0.00382141 -0.0917078 -0.0162271 -0.00703541 0.0817961 -0.0849821 0.0411454 -0.0919821 0.0544421 -0.0164183 0.0903455 -0.0678464 -0.0904515 0.0286209 -0.012702 -0.0896023 0.0490411 0.0254217 0.0893789 -0.027557 0.0627543 0.0312261 0.0338458 -0.0012345 0.00235957 0.0870093 -0.00967941 -0.0184255 -0.0801694 0.0241104 -0.0151946 -0.0112329 0.057002 0.0110785 0.01747 0.0436978 -0.0833818 -0.0417657 -0.00203075 0.0282222 -0.0874639 0.0662914 0.0221071 0.0400401 -0.0800569 -0.0502544 0.0535439 -0.060224 0.0962762 -0.083558 0.0369148 
-0.0751237 -0.0792431 0.0674376 -0.0854772 0.0926005 -0.0352537 -0.0979195 0.098504 0.072513 0 -0.0609491 -0.0581476 0.0984251 -0.0700646 0.0649496 -0.00111156 0.000781659 0.00616888 -0.0812324 0.0637785 0.0402196 0.0354797 0.0401342 -0.0739398 0.0292619 0.0859156 0.0954943 0.0717434 0.0690197 -0.025605 -0.0844423 0.0693898 0.00698977 0.028937 0.0830584 0.0201241 -0.0532374 0.00804146 0.0975602 0.0243221 -0.0226926 -0.0986274 0.0566966 0.0668224 -0.0354114 0.0703629 -0.0102827 -0.0940772 -0.0131391 -0.0701428 -0.0209732 -0.0375347 0.0315929 -0.036921 -0.000150942 0.052155 0.0855583 -0.0790564 0.0767693 0.0558052 0.0453557 -0.0490879 -0.0282217 0.0896904 0.0215615 -0.0577051 0.0117185 0.00646913 -0.0905447 0.0060579 -0.0124619 -0.0364976 -0.0667645 0.0563905 0.0447342 0.0182437 
-0.0668951 -0.0218344 0.0638079 0.0829496 0.0765276 0.0134191 -0.0606507 0.0579696 -0.075672 0.0609491 0 0.0533183 -0.0238637 0.0523442 0.0973963 -0.0692928 0.0784961 -0.00043063 0.0948317 -0.0554254 0.0379459 0.0999927 -0.0767823 0.0778444 0.0695763 0.0312974 -0.0522845 0.0766782 0.0344704 0.0335197 0.0883219 0.0651499 -0.0737125 0.0614177 -0.0973244 -0.0457212 -0.0633549 -0.0965684 -0.0685636 -0.0821196 -0.0194549 -0.0828801 0.0258126 0.0457567 0.0609146 0.0571129 0.051937 0.0729308 0.0668535 -0.0914098 -0.0531086 -0.0517752 0.0819186 0.0303558 0.0188335 0.0394853 -0.0799411 -0.0315584 0.0197033 -0.0375326 0.0671038 0.00568351 0.0493872 -0.0621933 -0.0166585 -0.0500046 -0.0925812 -0.0778569 0.0311071 0.0972684 -0.00478233 0.055846 0.0272182 -0.0809795 0.00287501 0.0552224 
-0.00432929 -0.0306666 0.0384498 0.0458954 -0.0521796 0.0312446 -0.0611857 -0.0532324 -0.0218615 0.0581476 -0.0533183 0 0.0824095 0.00414345 0.0989565 0.0617712 0.0327321 -0.0185711 -0.0518848 0.00401558 0.0372174 -0.0565169 -0.0907323 0.0519564 0.0410682 0.0822168 0.0856391 0.0462844 -0.091382 -0.0642034 0.0300365 0.0187144 -0.0199799 -0.0061577 0.0771257 0.0482966 0.0556576 0.0843444 0.062583 -0.03427 -0.016603 0.0305237 0.0691413 -0.0970693 0.00385646 0.0415188 0.0302827 -0.0238872 -0.084422 -0.0876762 -0.0122674 -0.0961779 0.022031 0.0343313 -0.0804524 -0.0193884 0.0170369 -0.0252673 0.051909 0.0366429 0.0676701 0.0518108 0.0919802 0.0364558 0.0189157 -0.0813035 0.0895106 0.0924469 -0.0406797 -0.0902282 -0.0119249 0.0503495 0.0790656 -0.0421728 0.00691872 0.0163052 
-0.0418081 -0.0100009 -0.0883307 0.060316 -0.0669864 0.0750772 0.0371771 0.0905704 -0.0809099 -0.0984251 0.0238637 -0.0824095 0 0.0928993 -0.0268736 0.0794347 -0.0641731 0.0500983 0.0273427 -0.0175873 -0.0544618 -0.00266839 0.0312666 0.00651233 -0.0706087 -0.0667525 -0.0597512 0.0506546 0.00949674 -0.00666012 0.061026 0.0689621 -0.0394961 0.00317979 -0.0532633 -0.0485495 0.0132155 -0.0937232 0.0639194 0.0537179 -0.0178879 0.0569373 -0.0152454 0.0839426 0.0205117 -0.070487 0.00972759 -0.00614664 0.0364213 0.0676383 0.0890268 0.0304798 -0.0175308 0.0690534 0.0287715 0.0858345 0.0612103 0.0824856 -0.0798352 0.0434807 0.0384498 0.0996095 -0.0975736 -0.0254797 -0.0716001 -0.00407282 0.0907314 -0.0309101 -0.0720332 0.0773612 0.0583626 0.0794405 0.0290072 -0.0693501 -0.0126469 0.053335 
-0.030901 -0.0135776 0.0820012 -0.0140225 -0.00031458 0.0768794 -0.0538283 0.0191641 0.00360467 0.0700646 -0.0523442 -0.00414345 -0.0928993 0 -0.00760817 0.00120658 0.0773153 0.00753674 0.00467527 -0.0516382 0.0746784 -0.0292098 -0.0378315 -0.0221455 0.0469408 0.0840227 -0.0135348 0.0952463 0.0524425 0.0258159 -0.0861274 0.00293123 0.0583714 -0.00605294 -0.0511783 0.0406267 0.0941711 0.0965349 0.0846641 0.0298988 0.095842 0.0771896 0.0778651 -0.00581981 0.0827566 -0.0482653 0.0702914 -0.0965989 0.0192177 0.0101358 -0.0576345 -0.0864541 0.0738933 0.0100001 -0.0413981 -0.039385 0.0503404 0.00398589 -0.0958776 -0.0105847 0.0992252 0.043202 0.0846142 -0.0272038 0.0226032 -0.0517229 -0.0205227 0.0500032 0.0358658 0.0933542 0.0242776 -0.054714 -0.0475845 0.0590249 -0.00802168 -0.0810899 
0.00962148 0.0110388 -0.022511 -0.0239829 -0.031568 -0.0813744 0.0514536 0.0409904 0.0792013 -0.0649496 -0.0973963 -0.0989565 0.0268736 0.00760817 0 0.0688224 0.0314047 -0.00284722 0.0642652 -0.0101259 -0.0345141 -0.0464517 -0.0358084 -0.0153714 0.0776746 -0.0210891 -0.0518937 0.0510529 0.0154692 -0.0254026 0.0764693 -0.0746768 -0.0016015 0.00922278 0.0690382 -0.00732627 -0.0521016 -0.0885729 -0.00736033 0.0890991 0.0252763 0.0937178 0.00289232 0.0375432 -0.04454 -0.00682133 -0.00543369 -0.00167846 0.0205688 0.07387 -0.0923969 0.045688 0.03982 0.046792 -0.083224 -0.0775144 0.0500985 0.0296758 -0.0439351 -0.0602395 0.0640053 0.0445319 -0.0709622 -0.0400189 -0.0402337 0.0245799 -0.0273319 -0.0876294 -0.0627898 0.0281389 0.0206293 0.0472253 0.0979292 -0.0612256 -0.0444969 0.0106777 
-0.0145583 0.0914612 -0.0497074 -0.0230678 -0.0360373 0.00660411 -0.0191963 0.0692362 -0.0465782 0.00111156 0.0692928 -0.0617712 -0.0794347 -0.00120658 -0.0688224 0 0.0425322 0.0400648 -0.0233489 0.00238279 -0.0990594 0.0863668 -0.0161578 0.0398624 -0.0932171 -0.0270017 0.0392302 -0.023213 0.0332485 0.0576005 -0.0551925 0.0594199 -0.0295607 0.0509229 0.0108226 0.09336 0.0406749 -0.012046 -0.0436542 -0.0539912 -0.0723601 0.0221748 -0.0715585 0.0086786 -0.0729298 0.0290827 0.0807338 -0.0259134 0.0651013 0.0357989 0.0259832 0.0624229 -0.0446421 0.0243316 0.00622439 0.0743098 0.087621 0.0733384 -0.0843742 0.0473574 0.072315 0.0829562 -0.0983785 0.0713332 -0.061673 -0.0244041 -0.0902717 -0.0655987 -0.0230279 0.0428938 -0.0231421 0.0983261 -0.0654605 0.0492949 0.0799762 0.0398516 
0.0997368 0.044906 0.0134616 0.0510757 0.041312 0.0502082 -0.082483 0.0479328 0.0440698 -0.000781659 -0.0784961 -0.0327321 0.0641731 -0.0773153 -0.0314047 -0.0425322 0 0.0235064 -0.00170319 -0.0775608 -0.0791293 -0.0548059 -0.0753377 0.0454955 0.0441402 0.0621181 0.0777328 -0.0503142 0.0794612 0.0814396 -0.0668329 0.0915026 0.0303501 -0.0163254 -0.0691195 0.061714 -0.0596603 -0.0362129 0.00252472 -0.0469849 -0.0758447 0.0527702 -0.0453273 -0.0459203 -0.0300078 -0.0493732 0.0431196 0.0059693 0.0319882 -0.0756917 0.0520686 -0.0327257 -0.0508146 0.0187818 -0.0268956 -0.0260729 0.017289 -0.0941935 0.0376327 0.0461425 -0.00887815 0.0187882 0.0287092 0.0368367 -0.0824193 -0.0682377 0.0884915 -0.0331839 -0.0139773 0.0427472 -0.0637091 -0.0458386 0.0173725 0.0732383 0.0191865 0.039183 
0.00035019 0.0863898 -0.0514101 0.00734925 0.0677062 0.0467625 -0.0789562 -0.0766438 0.0855057 -0.00616888 0.00043063 0.0185711 -0.0500983 -0.00753674 0.00284722 -0.0400648 -0.0235064 0 -0.0795712 -0.0517738 0.0754976 0.0281121 -0.056532 -0.00746593 -0.069461 -0.0235728 0.0705961 0.0404766 -0.028435 0.053804 -0.0742194 -0.0103198 -0.096591 -0.0854901 0.00169572 0.0749747 -0.0563378 0.00660448 0.00852289 -0.0976462 0.0579409 0.0144454 0.080944 -0.0941385 -0.0683911 0.00203045 0.0533778 0.0684379 -0.0350236 -0.0265609 -0.07187 -0.0587305 -0.0408471 0.0533825 -0.0313653 -0.0198731 0.0731959 -0.044753 0.0893527 -0.0985251 -0.0120516 -0.0451509 -0.0988898 -0.0968909 0.033882 -0.0425507 -0.010919 0.00247257 0.0380971 0.0941317 -0.0343029 0.0202692 0.0470145 0.0599969 -0.077013 -0.00318496 
-0.0295361 0.0864816 0.0399535 -0.0519905 0.0890579 -0.00203192 -0.0564125 -0.0694398 0.091749 0.0812324 -0.0948317 0.0518848 -0.0273427 -0.00467527 -0.0642652 0.0233489 0.00170319 0.0795712 0 -0.0378224 0.0801243 0.030552 0.0651679 0.0939836 0.0315211 -0.0266046 0.0461248 -0.0913047 0.0677882 0.0444187 0.0318711 -0.0865869 -0.0939044 0.0504458 -0.0633513 0.0337475 -0.0360521 -0.0747024 -0.0768041 -0.0436035 0.0675269 0.0770746 0.0494796 0.0138479 0.0291917 0.0430558 -0.0608212 0.0699987 -0.0693504 0.00812038 0.0882061 -0.0754869 0.0328744 0.0522927 -0.0300163 -0.0930285 0.0169188 -0.0383431 -0.0299662 0.0313248 0.0244358 0.0136481 0.0239059 0.095491 -0.00958344 -0.0602307 0.0655744 0.0166286 -0.0357953 0.0114399 -0.0875347 0.0612291 -0.0985654 0.0493438 0.0149357 -0.0404482 
-0.0774302 0.0258359 -0.022046 0.000197252 -0.0389624 -0.00907036 0.0231076 -0.0669573 0.0249654 -0.0637785 0.0554254 -0.00401558 0.0175873 0.0516382 0.0101259 -0.00238279 0.0775608 0.0517738 0.0378224 0 -0.0690613 0.0492381 0.0186296 -0.0717827 0.099435 -0.0373701 0.0871971 0.0831343 0.0190131 0.0376289 0.0468807 -0.058513 -0.0591311 -0.0563263 0.0877613 -0.0560823 -0.0394363 0.0890756 -0.0792225 0.0796469 0.0621179 -0.00591638 0.0737205 0.0999517 -0.0421833 0.0800654 -0.0570254 -0.0412302 -0.0670693 0.0918874 0.0091984 -0.0939173 0.00263438 -0.0253172 0.0713184 0.0294988 0.0933196 -0.0669206 -0.0892686 0.0194749 0.0541676 0.0431827 0.0266728 -0.0980408 0.0486886 0.00757674 0.0792839 -0.0962291 -0.0576484 0.0776809 -0.0348082 0.00299835 0.0698568 -0.0057064 -0.0771216 -0.00362228 
0.048368 -0.0716888 -6.83054e-05 0.0459844 0.0527847 -0.0590387 0.0713339 -0.0360562 -0.08894 -0.0402196 -0.0379459 -0.0372174 0.0544618 -0.0746784 0.0345141 0.0990594 0.0791293 -0.0754976 -0.0801243 0.0690613 0 0.0886616 -0.097922 -0.0749381 -0.00662795 -0.0614167 -0.0921912 -0.0871389 0.0226829 -0.0679672 -0.0833799 0.0528553 -0.0812548 -0.0712809 -0.0338447 0.0659742 0.0196828 -0.0989716 0.0719321 -0.0702189 -0.0215412 -0.0569536 -0.0907876 0.0390039 -0.0888703 -0.0286965 -0.0637484 -0.00470481 0.0638428 -0.00319833 0.0951839 -0.0960308 0.0987418 -0.0207086 0.0198133 0.0370286 0.0756083 -0.0223929 -0.0329417 0.0626088 0.0922944 0.0102323 0.0261318 -0.00310043 0.0895907 -0.0334594 0.0521665 0.0966795 0.0759381 0.0453743 -0.0303732 0.0548412 -0.0406868 0.0468068 -0.0616023 -0.0398146 
0.0996741 0.0759885 -0.0816178 -0.0337233 0.0796345 -0.0148171 0.0558792 0.0392658 -0.032449 -0.0354797 -0.0999927 0.0565169 0.00266839 0.0292098 0.0464517 -0.0863668 0.0548059 -0.0281121 -0.030552 -0.0492381 -0.0886616 0 -0.0124848 0.0254443 0.0941723 -0.00575675 0.00502788 -0.066205 -0.0650945 -0.0830759 -0.0402998 -0.0823968 -0.0511126 0.0786258 0.0399005 -0.0739647 -0.0562297 0.0694191 -0.0107182 0.0921515 0.00984208 -0.00539546 0.0149937 -0.0792211 0.0562403 0.0791693 0.00287554 -0.0265358 -0.0566271 -0.000714516 -0.0680859 -0.0982778 -0.0741828 0.0480272 0.0467592 -0.0155128 -0.0387932 -0.0453925 -0.0425899 0.0894536 0.0909316 -0.0735337 0.0305748 0.0622602 0.0806271 0.0828912 -0.0707197 0.0934488 -0.0715679 0.00088647 -0.0176787 -0.0200393 -0.0573334 0.0142426 0.0543448 0.0923933 
0.0622565 -0.0567703 0.0694767 -0.0512981 0.0112806 0.0413045 0.0747924 -0.0584181 0.0419492 -0.0401342 0.0767823 0.0907323 -0.0312666 0.0378315 0.0358084 0.0161578 0.0753377 0.056532 -0.0651679 -0.0186296 0.097922 0.0124848 0 0.0100375 0.0666579 -0.0977322 0.0237024 0.0615322 0.0601555 -0.086606 -0.0470296 0.0678473 -0.0820876 0.0648832 0.0853328 -0.0151463 -0.0610402 0.050911 0.0129431 -0.0053331 0.0941426 0.0369712 0.0552293 0.0431337 0.096687 -0.0255457 0.020487 0.0989601 -0.0281986 -0.0760229 -0.00701549 -0.0430283 -0.0509146 -0.0977586 0.0630517 -0.0721075 0.0222474 0.0123898 -0.0103546 -0.0348301 0.0243392 -0.0105692 0.0144716 0.09448 -0.0279599 0.038197 -0.0370777 -0.0169397 0.0100949 -0.0944866 -0.0425292 0.0505153 0.0712209 0.0696258 -0.0937577 0.0371 
-0.0955845 0.0722567 -0.0922284 0.0803157 0.0567839 0.0388241 0.0318953 -0.0911608 0.0698637 0.0739398 -0.0778444 -0.0519564 -0.00651233 0.0221455 0.0153714 -0.0398624 -0.0454955 0.00746593 -0.0939836 0.0717827 0.0749381 -0.0254443 -0.0100375 0 -0.0600307 0.0488724 0.0303482 -0.0168328 -0.0361961 0.0272164 0.0241176 -0.0905042 -0.0263064 -0.0685514 -0.0168887 0.0285914 0.0871646 -0.0167643 -0.0732719 0.0765416 0.0827498 -0.0541507 -0.0930824 0.0848517 -0.0339779 0.0234969 -0.0831296 0.0153359 -0.0279114 0.00990739 -0.0820463 -0.0842955 -0.0163009 -0.0388724 -0.0692577 0.0341839 -0.0195403 0.0137756 -0.0455089 0.0721272 0.0427532 -0.0334606 -0.0814029 0.0736786 0.0944521 0.0727464 0.0774571 0.0296349 0.0613638 -0.0863255 -0.0132583 -0.00819283 -0.000506257 0.0755552 0.0433256 -0.0311714 
-0.0549627 0.0787496 -0.0161609 -0.00353852 0.0201863 -0.00702359 -0.0870243 -0.0489873 -0.010195 -0.0292619 -0.0695763 -0.0410682 0.0706087 -0.0469408 -0.0776746 0.0932171 -0.0441402 0.069461 -0.0315211 -0.099435 0.00662795 -0.0941723 -0.0666579 0.0600307 0 0.0725186 -0.00416349 -0.0899692 0.00967023 -0.0973055 -0.0791317 -0.00329525 0.0461541 0.0981286 0.0746069 0.0210719 0.0148564 0.00166097 0.00428264 -0.0290512 -0.016716 -0.0671835 -0.0115627 0.0859659 0.0241801 -0.0502315 0.0647756 0.030076 0.0924744 -0.023986 0.010884 -0.0362711 -0.0327558 -0.0152656 0.0063708 0.0145737 -0.0767549 0.00707203 -0.0929449 -0.0723857 -0.0429771 0.0481185 -0.0618388 0.0763363 0.030419 -0.044442 -0.0506176 -0.0346047 0.090957 0.0953733 0.0687314 -0.0817217 0.0701012 0.0249413 0.0156204 0.00886672 
-0.0946478 0.00876323 0.0490071 -0.0885249 0.0477101 -0.0937503 -0.0348417 -0.0887444 -0.00382141 -0.0859156 -0.0312974 -0.0822168 0.0667525 -0.0840227 0.0210891 0.0270017 -0.0621181 0.0235728 0.0266046 0.0373701 0.0614167 0.00575675 0.0977322 -0.0488724 -0.0725186 0 0.0308278 -0.0636055 -0.0249317 0.0551632 0.0441603 0.0685068 -0.0692105 -0.00578638 0.00434572 -0.0280579 0.0378056 -0.048852 0.067962 0.00299532 0.0677261 0.0935083 -0.0354293 0.0580368 0.0783653 -0.0834251 -0.00350156 -0.000992717 -0.000220607 0.0108318 -0.0891429 0.0101966 0.0333743 -0.092054 -0.0740282 -0.0657716 0.0463536 0.0520584 0.038662 0.0511425 -0.0445565 0.0838898 -0.000234771 0.073977 -0.0428304 -0.02912 0.0325433 0.0980247 0.0194522 0.0143091 0.0799733 -0.00881529 -0.061428 0.0154373 -0.0926057 -0.0970896 
-0.0185116 -0.0017766 0.0802032 0.00865073 0.0914675 -0.0393102 0.0688126 -0.0413171 0.0917078 -0.0954943 0.0522845 -0.0856391 0.0597512 0.0135348 0.0518937 -0.0392302 -0.0777328 -0.0705961 -0.0461248 -0.0871971 0.0921912 -0.00502788 -0.0237024 -0.0303482 0.00416349 -0.0308278 0 -0.0768339 -0.0573614 0.0226394 0.0487602 -0.0517249 0.0439998 0.0779724 0.0933875 0.0697108 -0.0204301 -0.07877 0.0636997 -0.0287046 0.0196298 -0.0546721 0.0980685 0.0992642 -0.0617622 0.0688389 0.0996421 0.00446461 -0.0552762 0.00684578 0.0246126 0.0709178 -0.00186665 0.0983192 -0.0751305 0.0700526 -0.0956904 0.00929977 0.0151658 0.0515501 -0.0541415 0.0527263 0.0588694 0.0705252 -0.0318338 -0.0230385 -0.00706418 0.0751803 -0.0657427 -0.0490979 -0.00657521 -0.0818782 -0.0596865 0.0119835 0.0198686 -0.0306485 
-0.0932866 -0.0102653 -0.0483952 0.0214932 -0.0291156 -0.0367209 0.0707242 0.0840042 0.0162271 -0.0717434 -0.0766782 -0.0462844 -0.0506546 -0.0952463 -0.0510529 0.023213 0.0503142 -0.0404766 0.0913047 -0.0831343 0.0871389 0.066205 -0.0615322 0.0168328 0.0899692 0.0636055 0.0768339 0 0.0556442 -0.0478208 -0.0362929 0.0230242 -0.0474984 0.0612922 -0.0378198 -0.0228958 -0.0959671 -0.00561401 0.0884314 -0.0229236 -0.0916349 -0.0747937 0.00793375 -0.0806059 0.0244974 -0.0605965 0.0620403 0.0999881 0.077816 0.0588393 -0.0858763 -0.0316197 -0.01985 -0.0133578 0.0139784 0.042326 0.0799582 -0.0287392 -0.0219489 0.0973415 0.0352871 -0.0164628 -0.068968 -0.0695027 -0.0483397 0.0786468 0.0254893 0.0634885 0.0880928 0.0587437 0.00296026 -0.00564339 -0.0233582 -0.0676479 0.00697883 -0.0819532 
0.0313304 0.0844856 0.0264827 -0.025599 0.0855437 -0.0761365 -0.0801856 0.0469243 0.00703541 -0.0690197 -0.0344704 0.091382 -0.00949674 -0.0524425 -0.0154692 -0.0332485 -0.0794612 0.028435 -0.0677882 -0.0190131 -0.0226829 0.0650945 -0.0601555 0.0361961 -0.00967023 0.0249317 0.0573614 -0.0556442 0 -0.0419798 -0.00281451 -0.0347023 -0.0460323 -0.0320569 0.0753734 0.0465796 0.0105643 0.0344995 -0.0154935 0.00387693 0.0780253 0.0770372 0.00409634 0.0327832 -0.0554003 -0.0059722 -0.0104554 0.0398518 0.0670072 -0.0231316 0.0067775 0.00773374 -0.0214402 0.0679606 -0.0573054 -0.0668974 0.00355408 0.0546978 -0.0370308 0.0645604 0.0893059 0.0899744 0.0387881 -0.00987265 -0.0997298 -0.0549938 0.0424908 -0.0819172 0.0495287 0.0444968 -0.00222469 0.00896557 -0.0758628 0.000256151 0.0975548 0.0594243 
0.000272946 -0.0613119 0.0226443 0.0538715 -0.0427079 -0.00487418 -0.0126079 -0.0668761 -0.0817961 0.025605 -0.0335197 0.0642034 0.00666012 -0.0258159 0.0254026 -0.0576005 -0.0814396 -0.053804 -0.0444187 -0.0376289 0.0679672 0.0830759 0.086606 -0.0272164 0.0973055 -0.0551632 -0.0226394 0.0478208 0.0419798 0 -0.0210881 0.0700169 -0.0582217 -0.0724363 -0.0422776 0.0505363 0.0681469 -0.07442 -0.0205129 0.0680598 0.0867022 -0.0701724 0.0772857 0.0128491 0.0671517 -0.0849118 0.0125742 0.0410967 -0.0465349 0.0508796 -0.0545477 0.0464488 -0.0803225 0.0244933 0.0786741 0.0973698 -0.0413787 0.065991 0.0128144 -0.087925 0.0751211 0.00200273 0.0367772 -0.0744803 -0.0579951 -0.0129978 0.0953567 -0.00340123 0.083332 -0.0723129 0.0750058 -0.0206714 -0.0427993 -0.0455486 -0.0794976 0.0751623 
0.0768888 0.0799958 -0.0965333 0.0737247 -0.0470328 0.0207181 0.0101655 0.0767007 0.0849821 0.0844423 -0.0883219 -0.0300365 -0.061026 0.0861274 -0.0764693 0.0551925 0.0668329 0.0742194 -0.0318711 -0.0468807 0.0833799 0.0402998 0.0470296 -0.0241176 0.0791317 -0.0441603 -0.0487602 0.0362929 0.00281451 0.0210881 0 0.0061073 0.0335452 0.0634399 -0.088394 0.0461609 -0.00216086 0.0235258 -0.0416424 -0.0774829 -0.0136465 -0.0445355 0.0755419 0.0563061 -0.0974155 -0.0338073 -0.07118 0.0490728 -0.033061 0.0740829 0.0585139 0.0606329 -0.0916451 0.0578426 0.00210673 -0.0135189 -0.0420486 0.0861016 -0.0868099 0.00446689 -0.0300489 -0.0926902 0.00917688 -0.01673 -0.0532738 0.010745 -0.0595409 0.0280558 -0.0866292 0.0130315 -0.040942 -0.0582126 -0.0244216 -0.0354095 -0.0576872 -0.026607 
-0.0301797 -0.0265811 0.0850124 -0.0743455 -0.0471623 0.0183129 -0.0159395 0.038932 -0.0411454 -0.0693898 -0.0651499 -0.0187144 -0.0689621 -0.00293123 0.0746768 -0.0594199 -0.0915026 0.0103198 0.0865869 0.058513 -0.0528553 0.0823968 -0.0678473 0.0905042 0.00329525 -0.0685068 0.0517249 -0.0230242 0.0347023 -0.0700169 -0.0061073 0 0.0676398 0.0459405 -0.00600615 0.0325907 -0.0264924 -0.00196896 -0.0651825 0.0244502 0.0932604 0.0790833 -0.0443065 -0.0835062 -0.0787828 0.0931831 0.0150529 -0.083906 0.00555328 -0.0144242 0.0471896 -0.0588704 -0.0479218 -0.074941 -0.0995238 -0.00116335 0.0705589 -0.0498889 0.0711849 0.0773001 -0.0113044 0.0803245 0.0624502 -0.0578702 0.0165388 0.0856083 -0.0968757 -0.00283148 -0.038992 0.0108825 -0.0742321 0.0617369 0.0785536 0.0826316 0.0737789 -0.0280108 
0.0269352 0.0509312 -0.0516478 0.0166588 0.0415558 0.0589332 -0.0798673 0.0708424 0.0919821 -0.00698977 0.0737125 0.0199799 0.0394961 -0.0583714 0.0016015 0.0295607 -0.0303501 0.096591 0.0939044 0.0591311 0.0812548 0.0511126 0.0820876 0.0263064 -0.0461541 0.0692105 -0.0439998 0.0474984 0.0460323 0.0582217 -0.0335452 -0.0676398 0 0.0906544 0.0124662 0.0114467 -0.029626 -0.0255657 -0.0778788 0.0317271 0.0860774 0.0370211 0.0694368 -0.093707 0.0312277 0.0882937 -0.00501315 -0.074553 -0.0347229 -0.095857 -0.00673439 0.0741716 -0.0168099 -0.0793184 0.0951012 0.047137 0.0563407 0.0274669 0.053891 -0.064409 0.0225161 -0.0820555 -0.0577755 0.0481849 -0.0458737 0.0266256 -0.000286982 -0.00500117 0.0168198 0.0588808 0.0892094 -0.00580132 -0.0739127 -0.0882604 0.0676216 -0.0712179 
0.00452504 0.0298876 -0.0980552 0.0498014 0.0877687 0.0205224 0.0930731 0.0352171 -0.0544421 -0.028937 -0.0614177 0.0061577 -0.00317979 0.00605294 -0.00922278 -0.0509229 0.0163254 0.0854901 -0.0504458 0.0563263 0.0712809 -0.0786258 -0.0648832 0.0685514 -0.0981286 0.00578638 -0.0779724 -0.0612922 0.0320569 0.0724363 -0.0634399 -0.0459405 -0.0906544 0 0.0826395 0.0294543 0.0208216 0.0432204 -0.0538532 0.0966488 -0.0348423 -0.0302428 0.0422778 0.0350649 -0.0887343 0.0894717 0.0061019 -0.0379875 0.0771885 0.0333814 0.0832866 -0.0126599 0.00715299 0.0477625 0.0609612 0.00872704 -0.093043 0.0624176 -0.0143281 0.0499359 0.00124708 0.0594085 0.0581418 -0.0232712 -0.0894696 -0.0523383 -0.0768388 0.0342188 0.0709206 -0.0624673 0.044851 0.0354663 0.0935244 0.0759549 0.0341411 -0.0331741 
0.0462683 -0.0868322 -0.0755114 -0.0837707 0.042973 0.00269598 0.0669086 0.0780621 0.0164183 -0.0830584 0.0973244 -0.0771257 0.0532633 0.0511783 -0.0690382 -0.0108226 0.0691195 -0.00169572 0.0633513 -0.0877613 0.0338447 -0.0399005 -0.0853328 0.0168887 -0.0746069 -0.00434572 -0.0933875 0.0378198 -0.0753734 0.0422776 0.088394 0.00600615 -0.0124662 -0.0826395 0 0.0514192 -0.073889 -0.0438865 -0.0573579 0.0579883 0.0758419 -0.0287288 -0.047838 0.0213545 -0.00473029 -0.0488592 0.0401396 -0.0181578 -0.0493898 0.0205335 -0.0196948 0.0126015 0.0212838 0.0247171 -0.0750067 0.0474704 -0.0617483 -0.0195166 -0.0663873 0.0381673 0.0981823 0.058311 0.0772714 -0.0129122 -0.0568921 -0.0445727 -0.0254997 -0.0574771 0.0304465 -0.0282808 -0.0897698 0.00066936 -0.0359639 -0.0447915 -0.0269312 0.0400694 
0.0747924 -0.0794087 -0.00488175 0.0146876 -0.0765954 0.0815769 0.00160971 0.0792008 -0.0903455 -0.0201241 0.0457212 -0.0482966 0.0485495 -0.0406267 0.00732627 -0.09336 -0.061714 -0.0749747 -0.0337475 0.0560823 -0.0659742 0.0739647 0.0151463 -0.0285914 -0.0210719 0.0280579 -0.0697108 0.0228958 -0.0465796 -0.0505363 -0.0461609 -0.0325907 -0.0114467 -0.0294543 -0.0514192 0 0.00986531 0.0890272 -0.0122033 0.0457978 -0.0302948 -0.00299885 0.0968176 -0.0750709 0.0858544 0.0644113 -0.0632216 0.0274494 0.0678533 -0.0911579 0.0833045 -0.0758936 0.020405 0.0569282 0.0273712 -0.0440146 -0.0471438 0.0538607 0.0231721 0.0987923 0.00881663 0.0763209 0.0333351 0.0744891 -0.0907949 -0.0137508 -0.057059 -0.00624372 0.0377683 -0.0553272 -0.0611475 -0.0532197 0.0493561 -0.0619441 -0.028339 0.0333341 
0.090838 -0.0502498 -0.0149929 -0.0365878 -0.0362506 -0.00958716 0.0361846 0.0113008 0.0678464 0.0532374 0.0633549 -0.0556576 -0.0132155 -0.0941711 0.0521016 -0.0406749 0.0596603 0.0563378 0.0360521 0.0394363 -0.0196828 0.0562297 0.0610402 -0.0871646 -0.0148564 -0.0378056 0.0204301 0.0959671 -0.0105643 -0.0681469 0.00216086 0.0264924 0.029626 -0.0208216 0.073889 -0.00986531 0 -0.00840343 0.0445862 -0.0939175 -0.0161155 -0.0023345 0.035977 -0.0200358 -0.0723741 -0.0402404 -0.0431432 -0.0114375 0.0165495 0.0094376 -0.0542815 -0.0418685 -0.0561933 0.0918719 -0.0497384 -0.0756393 -0.0698258 0.0334812 -0.0326796 -0.0439156 0.0663362 -0.0332654 -0.063575 0.052551 -0.0536729 0.0196864 0.0963204 -0.0497373 0.0185035 0.0608793 0.0788653 0.0657273 0.0873662 0.0757579 -0.0254557 -0.0148636 
0.0930114 0.0767546 -0.0192321 -0.0769279 0.0562565 -0.053694 0.0664592 0.081589 0.0904515 -0.00804146 0.0965684 -0.0843444 0.0937232 -0.0965349 0.0885729 0.012046 0.0362129 -0.00660448 0.0747024 -0.0890756 0.0989716 -0.0694191 -0.050911 0.0167643 -0.00166097 0.048852 0.07877 0.00561401 -0.0344995 0.07442 -0.0235258 0.00196896 0.0255657 -0.0432204 0.0438865 -0.0890272 0.00840343 0 0.0387196 -0.0277409 -0.042829 -0.0739584 0.0487249 0.0834715 0.0918973 -0.0986554 -0.0996334 0.0418952 0.0573797 0.0380361 -0.0999236 0.0510614 -0.059788 0.0425634 0.0265133 -0.00662294 0.00795427 -0.0018069 -0.0515502 -0.0764539 -0.0282919 0.0282448 -0.0517211 -0.0716741 -0.0566228 0.0382269 0.0887317 -0.0814071 -0.0660092 0.055258 -0.0910242 -0.0689384 0.0473717 0.0804429 0.0945272 0.0482189 
-0.0322881 0.0589863 -0.0857293 0.0264443 -0.0408999 -0.046911 -0.0108989 -0.0311525 -0.0286209 -0.0975602 0.0685636 -0.062583 -0.0639194 -0.0846641 0.00736033 0.0436542 -0.00252472 -0.00852289 0.0768041 0.0792225 -0.0719321 0.0107182 -0.0129431 0.0732719 -0.00428264 -0.067962 -0.0636997 -0.0884314 0.0154935 0.0205129 0.0416424 0.0651825 0.0778788 0.0538532 0.0573579 0.0122033 -0.0445862 -0.0387196 0 0.0732935 -0.00745855 0.0927105 -0.0022575 -0.0253943 -0.0945872 -0.0187396 0.0020136 0.0190613 0.0418857 -0.0511297 0.0814997 0.0808356 -0.037937 -0.000584975 0.0514602 0.0258933 0.0318149 0.0772173 -0.0927209 0.05821 -0.0615329 0.023776 -0.000558376 0.0593689 0.0219445 0.041884 -0.0370421 0.0942014 0.0524357 -0.0889416 0.0640967 -0.0366877 -0.000808914 0.075339 0.0762238 -0.0837412 
0.0371768 -0.012689 0.0640433 -0.0328638 -0.0925816 -0.0910458 -0.0571559 0.0444073 0.012702 -0.0243221 0.0821196 0.03427 -0.0537179 -0.0298988 -0.0890991 0.0539912 0.0469849 0.0976462 0.0436035 -0.0796469 0.0702189 -0.0921515 0.0053331 -0.0765416 0.0290512 -0.00299532 0.0287046 0.0229236 -0.00387693 -0.0680598 0.0774829 -0.0244502 -0.0317271 -0.0966488 -0.0579883 -0.0457978 0.0939175 0.0277409 -0.0732935 0 -0.0107172 -0.0253591 0.0188639 0.0470843 -0.0330089 0.00517884 -0.0651229 0.0522843 -0.0771328 0.0830539 -0.0346189 -0.0145089 -0.0279185 0.0171812 -0.0720409 -0.0101242 -0.0111099 0.0575288 -0.0453626 -0.0603844 0.0774053 0.0869951 0.016959 0.0665615 0.0315332 0.0486963 -0.0830367 0.0245404 0.023485 -0.0879122 0.0996031 0.0680144 0.0619964 0.029807 0.00847583 -0.0743751 
-0.063906 -0.0983485 -0.0160827 0.0222785 0.0198177 0.0230372 -0.0302442 -0.0429024 0.0896023 0.0226926 0.0194549 0.016603 0.0178879 -0.095842 -0.0252763 0.0723601 0.0758447 -0.0579409 -0.0675269 -0.0621179 0.0215412 -0.00984208 -0.0941426 -0.0827498 0.016716 -0.0677261 -0.0196298 0.0916349 -0.0780253 -0.0867022 0.0136465 -0.0932604 -0.0860774 0.0348423 -0.0758419 0.0302948 0.0161155 0.042829 0.00745855 0.0107172 0 -0.0630477 0.0484677 0.0524574 0.0936647 -0.0393424 0.0512206 -0.0422009 -0.0324229 -0.0615867 0.00711151 -0.017994 0.078223 0.0554191 -0.00143283 0.062507 0.0706963 0.0740496 -0.097391 0.0992661 -0.0304886 -0.0912031 -0.00844548 0.0228338 0.0466129 -0.0694416 -0.0756126 -0.0764427 0.0666315 0.0332804 0.056736 -0.0366679 0.0879514 -0.0288534 -0.0586626 -0.0338083 
-0.0440028 0.0619397 0.0542112 0.0698357 0.0775878 0.0614664 -0.0426148 -0.0913559 -0.0490411 0.0986274 0.0828801 -0.0305237 -0.0569373 -0.0771896 -0.0937178 -0.0221748 -0.0527702 -0.0144454 -0.0770746 0.00591638 0.0569536 0.00539546 -0.0369712 0.0541507 0.0671835 -0.0935083 0.0546721 0.0747937 -0.0770372 0.0701724 0.0445355 -0.0790833 -0.0370211 0.0302428 0.0287288 0.00299885 0.0023345 0.0739584 -0.0927105 0.0253591 0.0630477 0 -0.0285251 -0.079986 -0.0731427 -0.0499337 -0.0288187 -0.0769549 -0.0459726 -0.0805173 0.0564406 -0.051282 0.00617039 0.0896446 0.0290965 0.0773675 0.076573 -0.00642786 -0.0367673 0.0772911 0.0948633 0.0525053 -0.0192314 0.0880295 0.0662455 0.0663033 0.0668699 0.00050686 0.0590514 -0.00636012 0.0621415 -0.0445051 0.0548342 -0.0498831 -0.0135202 0.0458692 
0.0156854 0.097742 0.0143302 -0.0854572 -0.0017817 -0.0778811 0.0420174 0.0250387 -0.0254217 -0.0566966 -0.0258126 -0.0691413 0.0152454 -0.0778651 -0.00289232 0.0715585 0.0453273 -0.080944 -0.0494796 -0.0737205 0.0907876 -0.0149937 -0.0552293 0.0930824 0.0115627 0.0354293 -0.0980685 -0.00793375 -0.00409634 -0.0772857 -0.0755419 0.0443065 -0.0694368 -0.0422778 0.047838 -0.0968176 -0.035977 -0.0487249 0.0022575 -0.0188639 -0.0484677 0.0285251 0 -0.0967697 -0.0918556 -0.0793023 0.0203318 0.0532623 -0.0132534 -0.0260135 0.0513266 -0.0027931 0.00278165 0.0249718 0.0837556 -0.0190836 0.013925 -0.0162698 -0.0123997 0.0754097 0.0358266 0.0536523 -0.0512495 0.0459885 -0.0198809 0.0760433 0.0924315 -0.0211947 0.0153471 -0.000857406 -0.00226926 0.0706095 -0.00160108 0.0588602 -0.0632033 -0.0433299 
0.0621 0.0857127 -0.0176066 0.0554561 -0.0404584 0.065795 -0.0879489 0.00734912 -0.0893789 -0.0668224 -0.0457567 0.0970693 -0.0839426 0.00581981 -0.0375432 -0.0086786 0.0459203 0.0941385 -0.0138479 -0.0999517 -0.0390039 0.0792211 -0.0431337 -0.0848517 -0.0859659 -0.0580368 -0.0992642 0.0806059 -0.0327832 -0.0128491 -0.0563061 0.0835062 0.093707 -0.0350649 -0.0213545 0.0750709 0.0200358 -0.0834715 0.0253943 -0.0470843 -0.0524574 0.079986 0.0967697 0 0.0831448 -0.0202855 0.0490098 -0.034905 0.0811423 -0.017023 0.0183274 0.00598405 -0.0648453 -0.0794904 0.0365294 -0.050177 0.0257062 0.0689485 0.0904673 -0.00746347 0.064732 0.044753 0.0567737 0.0947409 0.0787038 -0.0951455 0.0411759 -0.0543014 -0.0444705 0.0889993 0.0170521 0.0558348 0.0570177 0.0780762 0.0295283 -0.0374126 
0.0655332 -0.0527806 -0.0782875 -0.0918432 -0.0151174 -0.0327977 -0.00303543 -0.0663539 0.027557 0.0354114 -0.0609146 -0.00385646 -0.0205117 -0.0827566 0.04454 0.0729298 0.0300078 0.0683911 -0.0291917 0.0421833 0.0888703 -0.0562403 -0.096687 0.0339779 -0.0241801 -0.0783653 0.0617622 -0.0244974 0.0554003 -0.0671517 0.0974155 0.0787828 -0.0312277 0.0887343 0.00473029 -0.0858544 0.0723741 -0.0918973 0.0945872 0.0330089 -0.0936647 0.0731427 0.0918556 -0.0831448 0 0.0332845 0.0894389 0.034268 -0.0928989 0.0162839 -0.0771195 -0.0221389 -0.0316764 -0.0408961 0.0858844 0.0766197 -0.0926358 -0.0387476 0.0604522 -0.0994255 -0.0151472 0.0228501 -0.0451052 0.0151826 0.0858395 0.0605231 0.0170779 0.0743623 0.0252757 0.0475882 0.0343138 0.0147216 -0.0501236 -0.0784218 -0.0245453 -0.0623551 
-0.0425039 -0.0289273 0.0669855 -0.0895431 0.0447676 -0.0882781 0.0287915 -0.0870433 -0.0627543 -0.0703629 -0.0571129 -0.0415188 0.070487 0.0482653 0.00682133 -0.0290827 0.0493732 -0.00203045 -0.0430558 -0.0800654 0.0286965 -0.0791693 0.0255457 -0.0234969 0.0502315 0.0834251 -0.0688389 0.0605965 0.0059722 0.0849118 0.0338073 -0.0931831 -0.0882937 -0.0894717 0.0488592 -0.0644113 0.0402404 0.0986554 0.0187396 -0.00517884 0.0393424 0.0499337 0.0793023 0.0202855 -0.0332845 0 0.00475387 0.0699867 0.00690479 0.021205 0.0376476 -0.0932566 0.0756159 -0.0057791 -0.00344252 0.0955799 0.0265132 -0.0430602 -0.0336161 -0.0625038 0.0520097 -0.0662128 0.07474 -0.0604699 0.0186669 -0.0254967 0.06723 -0.0190949 -0.0981029 0.00790947 0.0999808 -0.00531858 -0.0675989 0.0406534 0.00806734 0.0708067 
-0.0756735 0.0421109 -0.0293572 -0.00391086 -0.0534101 0.0745568 -0.0499141 0.0802387 -0.0312261 0.0102827 -0.051937 -0.0302827 -0.00972759 -0.0702914 0.00543369 -0.0807338 -0.0431196 -0.0533778 0.0608212 0.0570254 0.0637484 -0.00287554 -0.020487 0.0831296 -0.0647756 0.00350156 -0.0996421 -0.0620403 0.0104554 -0.0125742 0.07118 -0.0150529 0.00501315 -0.0061019 -0.0401396 0.0632216 0.0431432 0.0996334 -0.0020136 0.0651229 -0.0512206 0.0288187 -0.0203318 -0.0490098 -0.0894389 -0.00475387 0 0.07061 0.00931742 -0.0808011 0.0242931 0.0152144 -0.0658968 -0.080247 -0.0706013 -0.0114373 0.064186 -0.0935233 -0.0583181 -0.096608 -0.00730143 0.0710311 -0.033202 0.0487139 -0.0100911 0.0766092 -0.0460972 -0.0713407 -0.0605456 0.022325 0.0924544 0.0619004 -0.0601097 -0.0134016 -0.0368425 0.0593057 
0.0980045 0.0635672 0.00978362 0.000883295 0.0819118 0.0295653 0.0112063 0.0731559 -0.0338458 0.0940772 -0.0729308 0.0238872 0.00614664 0.0965989 0.00167846 0.0259134 -0.0059693 -0.0684379 -0.0699987 0.0412302 0.00470481 0.0265358 -0.0989601 -0.0153359 -0.030076 0.000992717 -0.00446461 -0.0999881 -0.0398518 -0.0410967 -0.0490728 0.083906 0.074553 0.0379875 0.0181578 -0.0274494 0.0114375 -0.0418952 -0.0190613 -0.0522843 0.0422009 0.0769549 -0.0532623 0.034905 -0.034268 -0.0699867 -0.07061 0 0.0340517 0.068196 -0.015855 -0.0176184 0.0721802 -0.010647 0.0388871 0.0346039 -0.0240096 0.0386683 0.0408578 0.0585497 0.099869 0.050125 0.0818169 -0.0923952 -0.00292807 -0.0460696 0.0801676 -0.0818549 0.0347205 -0.0245133 0.0880318 0.0778969 -0.0287884 -0.0295158 0.037299 -0.0358269 
-0.0616732 -0.0781289 0.0066752 0.0448821 0.0369594 0.0575232 -0.0553126 -0.0112892 0.0012345 0.0131391 -0.0668535 0.084422 -0.0364213 -0.0192177 -0.0205688 -0.0651013 -0.0319882 0.0350236 0.0693504 0.0670693 -0.0638428 0.0566271 0.0281986 0.0279114 -0.0924744 0.000220607 0.0552762 -0.077816 -0.0670072 0.0465349 0.033061 -0.00555328 0.0347229 -0.0771885 0.0493898 -0.0678533 -0.0165495 -0.0573797 -0.0418857 0.0771328 0.0324229 0.0459726 0.0132534 -0.0811423 0.0928989 -0.00690479 -0.00931742 -0.0340517 0 -0.0949868 -0.0797 -0.0471756 -0.0500429 -0.0220478 0.0985376 0.0731378 -0.01382 -0.0388164 -0.0130198 0.0917049 0.0365062 -0.0765507 -0.0186604 0.0971109 0.0643819 -0.0406086 0.046207 -0.0334618 0.0377601 0.032076 0.03198 0.0398984 -0.0541445 0.00553566 0.0967717 -0.066389 
0.0353106 0.00507377 -0.0240051 0.0937226 -0.0883342 -0.0225854 0.0520445 -0.0451399 -0.00235957 0.0701428 0.0914098 0.0876762 -0.0676383 -0.0101358 -0.07387 -0.0357989 0.0756917 0.0265609 -0.00812038 -0.0918874 0.00319833 0.000714516 0.0760229 -0.00990739 0.023986 -0.0108318 -0.00684578 -0.0588393 0.0231316 -0.0508796 -0.0740829 0.0144242 0.095857 -0.0333814 -0.0205335 0.0911579 -0.0094376 -0.0380361 0.0511297 -0.0830539 0.0615867 0.0805173 0.0260135 0.017023 -0.0162839 -0.021205 0.0808011 -0.068196 0.0949868 0 0.0244093 0.0413194 0.0667213 0.0333458 -0.0198751 0.0343965 0.0645043 -0.0690949 0.0777496 -0.072264 -0.0637348 -0.0219581 0.0450372 0.0996848 -0.0953836 -0.00697188 -0.0392943 0.0654828 -0.0031746 -0.00376441 -0.0670864 0.0271857 0.0485064 -0.0593627 -0.0204772 0.0940424 
-0.0907411 0.0977356 0.00553728 0.00824777 0.0977469 0.0234613 0.0262758 -0.0864092 -0.0870093 0.0209732 0.0531086 0.0122674 -0.0890268 0.0576345 0.0923969 -0.0259832 -0.0520686 0.07187 -0.0882061 -0.0091984 -0.0951839 0.0680859 0.00701549 0.0820463 -0.010884 0.0891429 -0.0246126 0.0858763 -0.0067775 0.0545477 -0.0585139 -0.0471896 0.00673439 -0.0832866 0.0196948 -0.0833045 0.0542815 0.0999236 -0.0814997 0.0346189 -0.00711151 -0.0564406 -0.0513266 -0.0183274 0.0771195 -0.0376476 -0.0242931 0.015855 0.0797 -0.0244093 0 -0.0128329 0.0732302 -0.0279822 -0.0814626 -0.0481789 0.0242273 0.0406543 -0.084234 0.0787709 -0.0178427 -0.0998633 0.0751194 -0.0586464 0.0134794 8.28875e-05 0.0106126 -0.00675091 0.0308152 -0.0499951 -0.00650504 0.0908509 0.0343878 0.0566997 0.0559651 -0.0759196 
-0.0194423 -0.0469679 -0.014419 -0.0669649 0.0392483 0.004017 0.0821641 -0.0600638 0.00967941 0.0375347 0.0517752 0.0961779 -0.0304798 0.0864541 -0.045688 -0.0624229 0.0327257 0.0587305 0.0754869 0.0939173 0.0960308 0.0982778 0.0430283 0.0842955 0.0362711 -0.0101966 -0.0709178 0.0316197 -0.00773374 -0.0464488 -0.0606329 0.0588704 -0.0741716 0.0126599 -0.0126015 0.0758936 0.0418685 -0.0510614 -0.0808356 0.0145089 0.017994 0.051282 0.0027931 -0.00598405 0.0221389 0.0932566 -0.0152144 0.0176184 0.0471756 -0.0413194 0.0128329 0 -0.0649698 -0.0324283 0.0264259 0.0405333 -0.0399758 -0.0930275 0.0843018 -0.0795709 0.00455627 0.0439393 -0.019606 0.0702168 0.055818 -0.0460732 0.0660338 -0.0944899 -0.0419133 -0.0269146 -0.0796425 0.0996878 0.0722612 0.0736898 -0.0654343 0.0617702 
-0.00634342 0.0539936 -0.082087 0.0121914 0.0559921 0.0704398 -0.0360528 0.0370581 0.0184255 -0.0315929 -0.0819186 -0.022031 0.0175308 -0.0738933 -0.03982 0.0446421 0.0508146 0.0408471 -0.0328744 -0.00263438 -0.0987418 0.0741828 0.0509146 0.0163009 0.0327558 -0.0333743 0.00186665 0.01985 0.0214402 0.0803225 0.0916451 0.0479218 0.0168099 -0.00715299 -0.0212838 -0.020405 0.0561933 0.059788 0.037937 0.0279185 -0.078223 -0.00617039 -0.00278165 0.0648453 0.0316764 -0.0756159 0.0658968 -0.0721802 0.0500429 -0.0667213 -0.0732302 0.0649698 0 -0.0163973 0.0344569 -0.0601761 -0.0165515 0.0345813 0.0784801 -0.00390382 0.0129429 0.0574267 -0.0907506 -0.0155831 0.00489855 -0.0324863 -0.0892487 0.0486484 0.0354192 0.0589163 0.01036 -0.0323528 0.0859466 -0.0826969 -0.090456 -0.0626999 
0.0872337 0.0312765 0.0565583 -0.0206438 -0.0722318 -0.0957017 0.0424736 -0.0607603 0.0801694 0.036921 -0.0303558 -0.0343313 -0.0690534 -0.0100001 -0.046792 -0.0243316 -0.0187818 -0.0533825 -0.0522927 0.0253172 0.0207086 -0.0480272 0.0977586 0.0388724 0.0152656 0.092054 -0.0983192 0.0133578 -0.0679606 -0.0244933 -0.0578426 0.074941 0.0793184 -0.0477625 -0.0247171 -0.0569282 -0.0918719 -0.0425634 0.000584975 -0.0171812 -0.0554191 -0.0896446 -0.0249718 0.0794904 0.0408961 0.0057791 0.080247 0.010647 0.0220478 -0.0333458 0.0279822 0.0324283 0.0163973 0 -0.0664519 -0.00156999 -0.075943 -0.0833886 -0.000577047 0.00553296 -0.0263786 0.0197474 -0.080401 0.0955987 0.0533542 -0.0863617 -0.0815896 -0.0914148 0.0801884 -0.0805616 -0.0625647 0.0595215 -0.0939225 -0.0757673 0.0683096 -0.0955605 
0.0224275 -0.0632931 -0.0705088 -0.0707203 -0.0724575 -0.0978083 -0.0971469 0.0182931 -0.0241104 0.000150942 -0.0188335 0.0804524 -0.0287715 0.0413981 0.083224 -0.00622439 0.0268956 0.0313653 0.0300163 -0.0713184 -0.0198133 -0.0467592 -0.0630517 0.0692577 -0.0063708 0.0740282 0.0751305 -0.0139784 0.0573054 -0.0786741 -0.00210673 0.0995238 -0.0951012 -0.0609612 0.0750067 -0.0273712 0.0497384 -0.0265133 -0.0514602 0.0720409 0.00143283 -0.0290965 -0.0837556 -0.0365294 -0.0858844 0.00344252 0.0706013 -0.0388871 -0.0985376 0.0198751 0.0814626 -0.0264259 -0.0344569 0.0664519 0 0.0818869 0.00597313 0.0803348 0.0245063 -0.0496982 0.0377414 -0.0785318 -0.0785081 -0.0710237 -0.0359657 -0.0789872 -0.0865007 -0.0610928 -0.0185447 -0.0391198 0.0665992 0.0020379 0.082647 0.0518383 0.0509883 0.0669863 
-0.0857123 -0.0443568 0.0128606 0.0562501 -0.0276197 -0.0732694 -0.00267477 0.0924231 0.0151946 -0.052155 -0.0394853 0.0193884 -0.0858345 0.039385 0.0775144 -0.0743098 0.0260729 0.0198731 0.0930285 -0.0294988 -0.0370286 0.0155128 0.0721075 -0.0341839 -0.0145737 0.0657716 -0.0700526 -0.042326 0.0668974 -0.0973698 0.0135189 0.00116335 -0.047137 -0.00872704 -0.0474704 0.0440146 0.0756393 0.00662294 -0.0258933 0.0101242 -0.062507 -0.0773675 0.0190836 0.050177 -0.0766197 -0.0955799 0.0114373 -0.0346039 -0.0731378 -0.0343965 0.0481789 -0.0405333 0.0601761 0.00156999 -0.0818869 0 0.0630658 0.0841526 0.0477955 -0.0258369 0.0153826 0.0359825 -0.0740258 -0.0327438 -0.045939 -0.0882275 -0.03693 0.00750324 -0.026202 0.0483669 -0.08173 -0.0932191 0.0559714 0.0923981 -0.0947612 0.0587814 
0.007772 0.0575526 0.0245132 0.0819098 -0.000314366 -0.000868622 0.0936736 -0.0710426 0.0112329 -0.0855583 0.0799411 -0.0170369 -0.0612103 -0.0503404 -0.0500985 -0.087621 -0.017289 -0.0731959 -0.0169188 -0.0933196 -0.0756083 0.0387932 -0.0222474 0.0195403 0.0767549 -0.0463536 0.0956904 -0.0799582 -0.00355408 0.0413787 0.0420486 -0.0705589 -0.0563407 0.093043 0.0617483 0.0471438 0.0698258 -0.00795427 -0.0318149 0.0111099 -0.0706963 -0.076573 -0.013925 -0.0257062 0.0926358 -0.0265132 -0.064186 0.0240096 0.01382 -0.0645043 -0.0242273 0.0399758 0.0165515 0.075943 -0.00597313 -0.0630658 0 0.0576102 0.0460633 0.0987938 0.0206122 -0.0500856 0.0303403 0.0970599 -0.00270592 -0.0845646 0.0911889 -0.00367908 -0.0139529 -0.0550183 -0.0871637 -0.045391 0.0669635 -0.0940348 -0.0251398 -0.0548963 
-0.0853627 0.0319773 0.0971034 -0.0565308 -0.0965057 0.0192339 -0.0268158 0.00568469 -0.057002 0.0790564 0.0315584 0.0252673 -0.0824856 -0.00398589 -0.0296758 -0.0733384 0.0941935 0.044753 0.0383431 0.0669206 0.0223929 0.0453925 -0.0123898 -0.0137756 -0.00707203 -0.0520584 -0.00929977 0.0287392 -0.0546978 -0.065991 -0.0861016 0.0498889 -0.0274669 -0.0624176 0.0195166 -0.0538607 -0.0334812 0.0018069 -0.0772173 -0.0575288 -0.0740496 0.00642786 0.0162698 -0.0689485 0.0387476 0.0430602 0.0935233 -0.0386683 0.0388164 0.0690949 -0.0406543 0.0930275 -0.0345813 0.0833886 -0.0803348 -0.0841526 -0.0576102 0 0.0778907 -0.0770437 -0.0863849 0.0920863 -0.0673757 0.0369581 -0.0294697 -0.0871272 -0.0632965 0.000675171 -0.00511979 -0.00451863 -0.00935923 -0.00128249 0.0135453 0.073425 0.0510633 -0.028295 
0.0324174 -0.0481553 -0.0979262 0.0743649 0.098823 -0.0979668 0.087947 -0.060071 -0.0110785 -0.0767693 -0.0197033 -0.051909 0.0798352 0.0958776 0.0439351 0.0843742 -0.0376327 -0.0893527 0.0299662 0.0892686 0.0329417 0.0425899 0.0103546 0.0455089 0.0929449 -0.038662 -0.0151658 0.0219489 0.0370308 -0.0128144 0.0868099 -0.0711849 -0.053891 0.0143281 0.0663873 -0.0231721 0.0326796 0.0515502 0.0927209 0.0453626 0.097391 0.0367673 0.0123997 -0.0904673 -0.0604522 0.0336161 0.0583181 -0.0408578 0.0130198 -0.0777496 0.084234 -0.0843018 -0.0784801 0.000577047 -0.0245063 -0.0477955 -0.0460633 -0.0778907 0 0.097077 -0.0120414 -0.0968108 -0.058056 -0.0923416 -0.0342671 0.0624155 0.0772389 0.0330619 -0.0160439 -0.035111 0.0374328 0.0839124 -0.0770881 0.0219883 -0.0587392 -0.0861193 
0.0787346 -0.0887044 0.00400328 -0.0339261 -0.0729014 0.00753156 -0.0281181 -0.0741227 -0.01747 -0.0558052 0.0375326 -0.0366429 -0.0434807 0.0105847 0.0602395 -0.0473574 -0.0461425 0.0985251 -0.0313248 -0.0194749 -0.0626088 -0.0894536 0.0348301 -0.0721272 0.0723857 -0.0511425 -0.0515501 -0.0973415 -0.0645604 0.087925 -0.00446689 -0.0773001 0.064409 -0.0499359 -0.0381673 -0.0987923 0.0439156 0.0764539 -0.05821 0.0603844 -0.0992661 -0.0772911 -0.0754097 0.00746347 0.0994255 0.0625038 0.096608 -0.0585497 -0.0917049 0.072264 -0.0787709 0.0795709 0.00390382 -0.00553296 0.0496982 0.0258369 -0.0987938 0.0770437 -0.097077 0 0.0279626 0.0321398 -0.0335183 -0.0859062 -0.0481273 -0.0973137 -0.0025527 -0.0133668 -0.0195636 0.0538803 0.00336058 -0.000448518 0.0425484 0.0963753 -0.0434086 -0.00578399 
-0.0237053 -0.0187879 -0.0431358 -0.0252285 -0.0230384 -0.0277509 -0.0374604 0.0921075 -0.0436978 -0.0453557 -0.0671038 -0.0676701 -0.0384498 -0.0992252 -0.0640053 -0.072315 0.00887815 0.0120516 -0.0244358 -0.0541676 -0.0922944 -0.0909316 -0.0243392 -0.0427532 0.0429771 0.0445565 0.0541415 -0.0352871 -0.0893059 -0.0751211 0.0300489 0.0113044 -0.0225161 -0.00124708 -0.0981823 -0.00881663 -0.0663362 0.0282919 0.0615329 -0.0774053 0.0304886 -0.0948633 -0.0358266 -0.064732 0.0151472 -0.0520097 0.00730143 -0.099869 -0.0365062 0.0637348 0.0178427 -0.00455627 -0.0129429 0.0263786 -0.0377414 -0.0153826 -0.0206122 0.0863849 0.0120414 -0.0279626 0 -0.0914468 0.0797296 -0.0503224 0.0877379 -0.0895876 -0.0593994 -0.0454786 -0.0419899 -0.0338493 -0.0724536 -0.0323993 0.0236917 0.0729262 0.0243091 0.0188724 
0.0537035 0.0472871 0.0253264 0.0423351 -0.0203276 -0.00274697 -0.0444312 -0.0732786 0.0833818 0.0490879 -0.00568351 -0.0518108 -0.0996095 -0.043202 -0.0445319 -0.0829562 -0.0187882 0.0451509 -0.0136481 -0.0431827 -0.0102323 0.0735337 0.0105692 0.0334606 -0.0481185 -0.0838898 -0.0527263 0.0164628 -0.0899744 -0.00200273 0.0926902 -0.0803245 0.0820555 -0.0594085 -0.058311 -0.0763209 0.0332654 -0.0282448 -0.023776 -0.0869951 0.0912031 -0.0525053 -0.0536523 -0.044753 -0.0228501 0.0662128 -0.0710311 -0.050125 0.0765507 0.0219581 0.0998633 -0.0439393 -0.0574267 -0.0197474 0.0785318 -0.0359825 0.0500856 -0.0920863 0.0968108 -0.0321398 0.0914468 0 -0.0416747 -0.00538172 0.0837912 0.00639312 -0.0823696 -0.0438284 -0.0129514 0.0344142 -0.0525707 0.0589139 -0.0117918 0.0186023 -0.0447265 -0.0894467 
-0.000523814 -0.083352 -0.00914812 0.0693845 -0.086116 0.069881 0.0667446 -0.0260369 0.0417657 0.0282217 -0.0493872 -0.0919802 0.0975736 -0.0846142 0.0709622 0.0983785 -0.0287092 0.0988898 -0.0239059 -0.0266728 -0.0261318 -0.0305748 -0.0144716 0.0814029 0.0618388 0.000234771 -0.0588694 0.068968 -0.0387881 -0.0367772 -0.00917688 -0.0624502 0.0577755 -0.0581418 -0.0772714 -0.0333351 0.063575 0.0517211 0.000558376 -0.016959 0.00844548 0.0192314 0.0512495 -0.0567737 0.0451052 -0.07474 0.033202 -0.0818169 0.0186604 -0.0450372 -0.0751194 0.019606 0.0907506 0.080401 0.0785081 0.0740258 -0.0303403 0.0673757 0.058056 0.0335183 -0.0797296 0.0416747 0 0.00164139 0.0848552 0.00591536 0.0310063 0.00478579 -0.0199213 -0.0949559 -0.0851373 0.0522404 0.00962622 -0.094619 0.0797878 0.00860898 
0.049504 0.0988242 -0.0730999 0.0534776 -0.0175207 0.0886014 -0.0807597 0.0866487 0.00203075 -0.0896904 0.0621933 -0.0364558 0.0254797 0.0272038 0.0400189 -0.0713332 -0.0368367 0.0968909 -0.095491 0.0980408 0.00310043 -0.0622602 -0.09448 -0.0736786 -0.0763363 -0.073977 -0.0705252 0.0695027 0.00987265 0.0744803 0.01673 0.0578702 -0.0481849 0.0232712 0.0129122 -0.0744891 -0.052551 0.0716741 -0.0593689 -0.0665615 -0.0228338 -0.0880295 -0.0459885 -0.0947409 -0.0151826 0.0604699 -0.0487139 0.0923952 -0.0971109 -0.0996848 0.0586464 -0.0702168 0.0155831 -0.0955987 0.0710237 0.0327438 -0.0970599 -0.0369581 0.0923416 0.0859062 0.0503224 0.00538172 -0.00164139 0 0.0657122 -0.006324 -0.0896682 -0.0607164 -0.0345734 -0.0351439 -0.0427687 -0.0482183 -0.00407905 -0.0608624 0.0086597 0.0853612 
-0.0791586 0.0709375 0.0553952 0.0645996 0.0850246 0.0632401 0.0579602 0.0114974 -0.0282222 -0.0215615 0.0166585 -0.0189157 0.0716001 -0.0226032 0.0402337 0.061673 0.0824193 -0.033882 0.00958344 -0.0486886 -0.0895907 -0.0806271 0.0279599 -0.0944521 -0.030419 0.0428304 0.0318338 0.0483397 0.0997298 0.0579951 0.0532738 -0.0165388 0.0458737 0.0894696 0.0568921 0.0907949 0.0536729 0.0566228 -0.0219445 -0.0315332 -0.0466129 -0.0662455 0.0198809 -0.0787038 -0.0858395 -0.0186669 0.0100911 0.00292807 -0.0643819 0.0953836 -0.0134794 -0.055818 -0.00489855 -0.0533542 0.0359657 0.045939 0.00270592 0.0294697 0.0342671 0.0481273 -0.0877379 -0.0837912 -0.0848552 -0.0657122 0 -0.0275637 -0.0647185 0.0109481 0.0652242 0.0359865 0.0945732 0.0917041 0.0265602 -0.087379 -0.000775135 -0.069056 
0.00962448 -0.0622307 -0.0199542 -0.0615535 0.0401117 -0.0927981 -0.0754381 0.0493379 0.0874639 0.0577051 0.0500046 0.0813035 0.00407282 0.0517229 -0.0245799 0.0244041 0.0682377 0.0425507 0.0602307 -0.00757674 0.0334594 -0.0828912 -0.038197 -0.0727464 0.044442 0.02912 0.0230385 -0.0786468 0.0549938 0.0129978 -0.010745 -0.0856083 -0.0266256 0.0523383 0.0445727 0.0137508 -0.0196864 -0.0382269 -0.041884 -0.0486963 0.0694416 -0.0663033 -0.0760433 0.0951455 -0.0605231 0.0254967 -0.0766092 0.0460696 0.0406086 0.00697188 -8.28875e-05 0.0460732 0.0324863 0.0863617 0.0789872 0.0882275 0.0845646 0.0871272 -0.0624155 0.0973137 0.0895876 -0.00639312 -0.00591536 0.006324 0.0275637 0 0.0602878 0.0953425 -0.0305935 -0.005526 -0.0534557 0.090469 -0.0888452 -0.0883286 0.0875431 0.0891322 
0.0819394 -0.0754987 0.00860692 0.0844151 0.0148999 -0.0359462 0.0308126 -0.0651935 -0.0662914 -0.0117185 0.0925812 -0.0895106 -0.0907314 0.0205227 0.0273319 0.0902717 -0.0884915 0.010919 -0.0655744 -0.0792839 -0.0521665 0.0707197 0.0370777 -0.0774571 0.0506176 -0.0325433 0.00706418 -0.0254893 -0.0424908 -0.0953567 0.0595409 0.0968757 0.000286982 0.0768388 0.0254997 0.057059 -0.0963204 -0.0887317 0.0370421 0.0830367 0.0756126 -0.0668699 -0.0924315 -0.0411759 -0.0170779 -0.06723 0.0460972 -0.0801676 -0.046207 0.0392943 -0.0106126 -0.0660338 0.0892487 0.0815896 0.0865007 0.03693 -0.0911889 0.0632965 -0.0772389 0.0025527 0.0593994 0.0823696 -0.0310063 0.0896682 0.0647185 -0.0602878 0 -0.0142847 -0.0606734 -0.0897786 -0.0381695 -0.0270211 -0.0852768 -0.0710004 0.0626112 0.0385528 
0.0173194 -0.0324008 0.0702055 -0.0847021 -0.0493689 -0.0995028 0.0589409 0.0018348 -0.0221071 -0.00646913 0.0778569 -0.0924469 0.0309101 -0.0500032 0.0876294 0.0655987 0.0331839 -0.00247257 -0.0166286 0.0962291 -0.0966795 -0.0934488 0.0169397 -0.0296349 0.0346047 -0.0980247 -0.0751803 -0.0634885 0.0819172 0.00340123 -0.0280558 0.00283148 0.00500117 -0.0342188 0.0574771 0.00624372 0.0497373 0.0814071 -0.0942014 -0.0245404 0.0764427 -0.00050686 0.0211947 0.0543014 -0.0743623 0.0190949 0.0713407 0.0818549 0.0334618 -0.0654828 0.00675091 0.0944899 -0.0486484 0.0914148 0.0610928 -0.00750324 0.00367908 -0.000675171 -0.0330619 0.0133668 0.0454786 0.0438284 -0.00478579 0.0607164 -0.0109481 -0.0953425 0.0142847 0 -0.00999905 0.0945689 0.0869604 0.0743568 0.0555809 -0.0157148 -0.0849854 -0.0302551 
-0.0165405 -0.0946033 -0.0578117 0.0356801 0.0678984 0.0642753 0.0854911 -0.0105634 -0.0400401 0.0905447 -0.0311071 0.0406797 0.0720332 -0.0358658 0.0627898 0.0230279 0.0139773 -0.0380971 0.0357953 0.0576484 -0.0759381 0.0715679 -0.0100949 -0.0613638 -0.090957 -0.0194522 0.0657427 -0.0880928 -0.0495287 -0.083332 0.0866292 0.038992 -0.0168198 -0.0709206 -0.0304465 -0.0377683 -0.0185035 0.0660092 -0.0524357 -0.023485 -0.0666315 -0.0590514 -0.0153471 0.0444705 -0.0252757 0.0981029 0.0605456 -0.0347205 -0.0377601 0.0031746 -0.0308152 0.0419133 -0.0354192 -0.0801884 0.0185447 0.026202 0.0139529 0.00511979 0.0160439 0.0195636 0.0419899 0.0129514 0.0199213 0.0345734 -0.0652242 0.0305935 0.0606734 0.00999905 0 0.0961287 0.0895293 0.0219517 -0.0256006 -0.0883904 -0.000464918 -0.0968718 
-0.0919841 -0.0371995 0.0187572 -0.0548294 0.0681631 0.00714607 0.0456664 -0.0518626 0.0800569 -0.0060579 -0.0972684 0.0902282 -0.0773612 -0.0933542 -0.0281389 -0.0428938 -0.0427472 -0.0941317 -0.0114399 -0.0776809 -0.0453743 -0.00088647 0.0944866 0.0863255 -0.0953733 -0.0143091 0.0490979 -0.0587437 -0.0444968 0.0723129 -0.0130315 -0.0108825 -0.0588808 0.0624673 0.0282808 0.0553272 -0.0608793 -0.055258 0.0889416 0.0879122 -0.0332804 0.00636012 0.000857406 -0.0889993 -0.0475882 -0.00790947 -0.022325 0.0245133 -0.032076 0.00376441 0.0499951 0.0269146 -0.0589163 0.0805616 0.0391198 -0.0483669 0.0550183 0.00451863 0.035111 -0.0538803 0.0338493 -0.0344142 0.0949559 0.0351439 -0.0359865 0.005526 0.0897786 -0.0945689 -0.0961287 0 0.0935129 -0.0933672 0.0450993 -0.0347768 0.0417007 0.0228165 
-0.039572 -0.0507342 -0.0959541 0.0263434 0.0176264 0.0339668 0.0143636 -0.0128943 0.0502544 0.0124619 0.00478233 0.0119249 -0.0583626 -0.0242776 -0.0206293 0.0231421 0.0637091 0.0343029 0.0875347 0.0348082 0.0303732 0.0176787 0.0425292 0.0132583 -0.0687314 -0.0799733 0.00657521 -0.00296026 0.00222469 -0.0750058 0.040942 0.0742321 -0.0892094 -0.044851 0.0897698 0.0611475 -0.0788653 0.0910242 -0.0640967 -0.0996031 -0.056736 -0.0621415 0.00226926 -0.0170521 -0.0343138 -0.0999808 -0.0924544 -0.0880318 -0.03198 0.0670864 0.00650504 0.0796425 -0.01036 0.0625647 -0.0665992 0.08173 0.0871637 0.00935923 -0.0374328 -0.00336058 0.0724536 0.0525707 0.0851373 0.0427687 -0.0945732 0.0534557 0.0381695 -0.0869604 -0.0895293 -0.0935129 0 -0.0374102 0.0393492 0.0528212 0.0362278 0.0930246 
0.0406878 0.0323139 0.0766619 0.0151319 -0.0116683 -0.0981649 -0.00403264 -0.0600594 -0.0535439 0.0364976 -0.055846 -0.0503495 -0.0794405 0.054714 -0.0472253 -0.0983261 0.0458386 -0.0202692 -0.0612291 -0.00299835 -0.0548412 0.0200393 -0.0505153 0.00819283 0.0817217 0.00881529 0.0818782 0.00564339 -0.00896557 0.0206714 0.0582126 -0.0617369 0.00580132 -0.0354663 -0.00066936 0.0532197 -0.0657273 0.0689384 0.0366877 -0.0680144 0.0366679 0.0445051 -0.0706095 -0.0558348 -0.0147216 0.00531858 -0.0619004 -0.0778969 -0.0398984 -0.0271857 -0.0908509 -0.0996878 0.0323528 -0.0595215 -0.0020379 0.0932191 0.045391 0.00128249 -0.0839124 0.000448518 0.0323993 -0.0589139 -0.0522404 0.0482183 -0.0917041 -0.090469 0.0270211 -0.0743568 -0.0219517 0.0933672 0.0374102 0 0.00877151 -0.0718493 -0.0817801 0.0402582 
-0.0270979 0.0190146 0.0987557 0.00280322 -0.0789125 0.0601493 -0.0562526 -0.0665504 0.060224 0.0667645 -0.0272182 -0.0790656 -0.0290072 0.0475845 -0.0979292 0.0654605 -0.0173725 -0.0470145 0.0985654 -0.0698568 0.0406868 0.0573334 -0.0712209 0.000506257 -0.0701012 0.061428 0.0596865 0.0233582 0.0758628 0.0427993 0.0244216 -0.0785536 0.0739127 -0.0935244 0.0359639 -0.0493561 -0.0873662 -0.0473717 0.000808914 -0.0619964 -0.0879514 -0.0548342 0.00160108 -0.0570177 0.0501236 0.0675989 0.0601097 0.0287884 0.0541445 -0.0485064 -0.0343878 -0.0722612 -0.0859466 0.0939225 -0.082647 -0.0559714 -0.0669635 -0.0135453 0.0770881 -0.0425484 -0.0236917 0.0117918 -0.00962622 0.00407905 -0.0265602 0.0888452 0.0852768 -0.0555809 0.0256006 -0.0450993 -0.0393492 -0.00877151 0 0.0860642 0.06942 -0.0669682 
-0.0836011 0.0160847 0.071456 0.092472 0.0986963 -0.0624008 -0.0432253 -0.0590374 -0.0962762 -0.0563905 0.0809795 0.0421728 0.0693501 -0.0590249 0.0612256 -0.0492949 -0.0732383 -0.0599969 -0.0493438 0.0057064 -0.0468068 -0.0142426 -0.0696258 -0.0755552 -0.0249413 -0.0154373 -0.0119835 0.0676479 -0.000256151 0.0455486 0.0354095 -0.0826316 0.0882604 -0.0759549 0.0447915 0.0619441 -0.0757579 -0.0804429 -0.075339 -0.029807 0.0288534 0.0498831 -0.0588602 -0.0780762 0.0784218 -0.0406534 0.0134016 0.0295158 -0.00553566 0.0593627 -0.0566997 -0.0736898 0.0826969 0.0757673 -0.0518383 -0.0923981 0.0940348 -0.073425 -0.0219883 -0.0963753 -0.0729262 -0.0186023 0.094619 0.0608624 0.087379 0.0883286 0.0710004 0.0157148 0.0883904 0.0347768 -0.0528212 0.0718493 -0.0860642 0 -0.0624942 -0.0169591 
0.0214293 0.0177337 0.0351557 0.03695 -0.0879121 0.0760551 -0.0274078 -0.043845 0.083558 -0.0447342 -0.00287501 -0.00691872 0.0126469 0.00802168 0.0444969 -0.0799762 -0.0191865 0.077013 -0.0149357 0.0771216 0.0616023 -0.0543448 0.0937577 -0.0433256 -0.0156204 0.0926057 -0.0198686 -0.00697883 -0.0975548 0.0794976 0.0576872 -0.0737789 -0.0676216 -0.0341411 0.0269312 0.028339 0.0254557 -0.0945272 -0.0762238 -0.00847583 0.0586626 0.0135202 0.0632033 -0.0295283 0.0245453 -0.00806734 0.0368425 -0.037299 -0.0967717 0.0204772 -0.0559651 0.0654343 0.090456 -0.0683096 -0.0509883 0.0947612 0.0251398 -0.0510633 0.0587392 0.0434086 -0.0243091 0.0447265 -0.0797878 -0.0086597 0.000775135 -0.0875431 -0.0626112 0.0849854 0.000464918 -0.0417007 -0.0362278 0.0817801 -0.06942 0.0624942 0 -0.0690356 
-0.0515192 0.0800687 -0.0214808 -0.0710421 -0.00839795 -0.00472216 0.0475218 -0.0393085 -0.0369148 -0.0182437 -0.0552224 -0.0163052 -0.053335 0.0810899 -0.0106777 -0.0398516 -0.039183 0.00318496 0.0404482 0.00362228 0.0398146 -0.0923933 -0.0371 0.0311714 -0.00886672 0.0970896 0.0306485 0.0819532 -0.0594243 -0.0751623 0.026607 0.0280108 0.0712179 0.0331741 -0.0400694 -0.0333341 0.0148636 -0.0482189 0.0837412 0.0743751 0.0338083 -0.0458692 0.0433299 0.0374126 0.0623551 -0.0708067 -0.0593057 0.0358269 0.066389 -0.0940424 0.0759196 -0.0617702 0.0626999 0.0955605 -0.0669863 -0.0587814 0.0548963 0.028295 0.0861193 0.00578399 -0.0188724 0.0894467 -0.00860898 -0.0853612 0.069056 -0.0891322 -0.0385528 0.0302551 0.0968718 -0.0228165 -0.0930246 -0.0402582 0.0669682 0.0169591 0.0690356 0 
