75

16000 4500

30 55 80

8

0 79150 48120 62740 72360 19290 93580 41390 35260 80930 75960 63600 56870 58480 91220 70810 63070 84910 74582 52780 63880 79310 28170 71450 63090 90640 93380 28920 80500 13260 72390 88710 44720 89330 16000 78610 82370 16970 62620 22190 73960 24830 90830 53220 98960 93360 79770 27960 71520 74230 9930 76400 88570 78870 92780 45200 71360 14990 92050 69340 16500 33340 90060 44880 93470 75700 69050 60080 95350 18470 22610 45690 64690 37740 29990 78240 
79160 0 102460 127750 58830 65340 61590 73530 54481 40870 25190 39061 32351 90260 170292 86480 73210 78380 145923 100900 109780 40780 52960 96820 60080 152090 62200 62970 140546 91600 40240 96211 38690 154252 67150 157890 21390 92340 69241 60250 69190 73210 124300 105681 90830 91050 54820 66080 114861 75000 85300 141070 51550 9870 18510 111520 150640 69240 131800 53390 87190 71970 12320 97180 153516 33670 63940 112541 96780 92110 100950 122560 94561 83150 103410 143162 
47850 101300 0 28390 79070 62080 103450 32750 78050 96630 95090 98141 89901 31170 88460 51820 54550 77550 57100 12990 16560 112330 62730 41750 66540 50280 102470 39440 103961 46460 105980 69600 63400 108681 58880 75080 102740 51320 113220 64980 75350 29420 46070 88210 148801 146271 87780 37790 107190 68710 50590 41710 122321 101020 114930 25090 70170 37210 44600 76440 32190 32960 112730 8750 115571 93810 72120 94331 80680 54070 51330 64831 104470 22240 35700 97591 
63020 126810 28300 0 106390 81210 130770 60070 97240 123760 120600 123191 114951 58490 69990 79140 81870 104870 35620 40310 36090 137380 85550 66210 93860 29570 129790 64950 101231 56520 131030 96920 88910 102340 77920 57700 128250 61380 123490 84110 102670 54930 60100 91310 163001 158351 115100 63300 112911 96030 61720 15100 147371 126530 140440 20670 56320 60310 49880 103760 46690 60280 138240 36070 112851 119320 99440 91611 108000 63470 53810 62111 112710 49560 37750 93880 
71790 59120 79240 106670 0 68640 30000 47020 71590 28850 39890 73620 65380 54100 155340 40550 29600 20680 129513 72120 80770 81450 55130 60000 18100 126400 26560 45520 149010 84230 79120 42080 32200 158390 68890 142522 46970 85480 101540 63230 17010 55420 87200 117570 124230 124450 14240 47920 131124 22820 78820 119990 92220 56500 60121 95010 135480 58760 93990 8790 74080 49900 70260 71980 161980 31540 10850 124430 38420 86980 93580 115930 118250 60110 88860 147300 
19280 65440 62180 80900 69110 0 86200 51970 17120 73550 66010 45540 39240 69760 105460 80140 68980 84890 89180 65980 77530 61560 14010 82730 63580 111350 86000 37380 81440 26660 54330 95090 38110 90820 3760 92870 72230 27320 48000 6220 73750 35520 104050 49100 84340 78740 73100 38050 64830 77500 20280 94560 70510 66890 80800 63360 85620 24980 105820 63670 34660 43920 77350 58540 94410 67610 68310 55960 101260 27090 36870 57540 53960 49450 45550 79730 
93640 61530 103050 130480 29410 85470 0 70830 88420 21440 37920 84971 78261 81371 179960 68421 57471 44040 154143 98200 106850 86690 71960 87411 45371 152050 3930 68870 166740 106080 86150 65560 49510 176120 85720 167152 41420 107330 115151 80060 44881 78770 114320 134400 136740 136960 17950 71270 148344 50150 100670 143800 97460 54670 57200 118360 160110 81520 121641 30330 97430 73490 68880 95790 179710 29570 38721 141260 58760 108830 115430 138160 135080 83920 112210 165030 
41550 72730 33050 60480 46950 52000 71330 0 67750 64510 65350 77980 69740 20180 115600 30070 23820 48330 88650 28400 39500 89090 47161 33120 34420 82050 70350 18010 120800 52890 83650 47970 34950 127660 48800 102220 73820 57470 99570 52610 43650 18710 58810 93890 128350 128340 55660 16380 111510 38570 50980 73800 99830 72450 85840 51250 97310 27120 62730 44320 39700 10680 83640 25790 133770 61960 40410 100750 54910 59090 61740 84020 104290 13920 53560 116570 
34570 53991 77470 96190 71700 17150 88790 67190 0 71710 61470 31230 24930 85050 118010 89170 75900 88640 105350 81270 93000 47250 23330 97110 67330 126640 88590 49420 89360 43490 40020 101241 41700 101970 19050 109040 66001 44150 37020 15690 77500 50810 121140 54440 69400 67760 75690 52530 63620 83280 37110 109850 56200 55441 69351 78650 101790 40270 122550 66260 49950 59200 65901 73830 102330 64320 72060 61300 106310 41570 50940 70840 49980 64740 62380 90880 
80950 40850 97300 124350 28170 72780 21450 65080 71450 0 17130 64181 57471 76860 168340 64731 53781 46410 142523 92450 101100 65900 59270 83110 39950 146810 22060 58680 154050 93390 65360 67930 36820 163430 73030 155532 21640 94640 94361 67370 41191 69830 110860 121710 115950 116170 17210 61790 130614 47001 87980 137670 76670 34890 37610 109420 148410 69460 118370 26730 86650 65790 49100 90040 167020 8780 35031 128570 64150 96140 102740 125090 117730 76970 101870 152340 
75600 25210 96040 121310 40240 65290 38400 65530 61330 17650 0 48341 41631 81330 164930 73700 60430 60120 139483 92990 101640 50060 51780 87850 46180 145650 39010 56530 146014 88040 49520 81640 32640 155940 65540 152340 9950 89470 78521 59880 52590 66790 115330 111344 100110 100330 30920 59640 120494 58400 82810 134630 60830 20750 24680 106380 145080 65370 122840 36040 83320 65080 35830 90290 158984 9770 47260 118204 77860 90970 97390 119920 103841 76260 98830 144850 
63050 37381 98291 123591 72780 45630 84031 78100 31150 63281 46921 0 9600 95020 147790 92590 78890 90240 135520 101600 113601 16100 39171 102930 68930 149261 84641 62290 116260 71970 9780 103861 43390 131740 47530 138180 49391 72630 35440 41800 79100 70401 130410 81340 54480 54700 74590 65400 84340 84880 65590 137591 25960 38831 52741 104151 130930 61871 136870 67340 78141 72760 49291 94651 129230 55401 73660 88200 108050 71740 81110 101010 62710 83420 90860 120460 
56410 32101 90061 115361 64550 39380 78751 69870 24900 58001 41641 9630 0 86770 141540 83930 70660 82010 129270 93370 105371 22800 30941 94270 60700 141031 79361 54060 111020 65720 16600 95211 35160 125490 41280 131930 44111 66380 38210 35070 70870 62171 121750 76100 60900 61120 66360 57170 85280 76650 59340 129361 32780 33551 47461 95921 124680 53641 128620 59110 69911 64530 44011 86421 123990 50121 65430 82960 99680 65490 74860 94760 64980 75190 84610 114400 
58410 89630 31360 58750 54480 69910 82471 20300 85820 76330 81420 95260 87020 0 119150 21110 27280 46840 87460 20600 28220 106420 65231 13420 39730 73850 79780 36080 132160 64760 101160 38890 52230 138620 66710 105770 89890 69620 119750 70680 48080 34260 39080 106510 146100 146320 66801 34450 124950 38290 66910 68900 117200 89350 103260 55780 100860 44800 44920 55380 50660 27990 101060 26000 145130 76020 44850 113370 49970 72370 72910 94980 122230 23620 61960 127530 
90870 170031 88450 70310 156050 105150 180450 115590 118640 168330 165030 148290 141990 119120 0 139770 138560 165521 35370 100940 102600 160800 117910 129700 146110 78920 179450 110950 61720 78970 154660 158620 133170 43650 104700 13710 172720 81280 125060 110890 156150 102330 123620 71190 163090 156460 164760 110460 91330 153040 85230 69280 168170 170410 184550 66450 20660 99640 113400 153420 81790 112360 181860 95140 60680 163750 152070 67890 170230 78570 70840 49450 99910 103680 67500 48060 
71640 86950 52760 80150 41280 80810 68360 30920 89410 66221 74840 93830 85350 21670 140550 0 15800 27160 108860 42000 49890 104310 71670 22060 29490 94840 64610 45790 150470 82980 99520 19670 49640 156930 77610 127170 83310 87560 121940 78670 34170 48800 48450 123980 144800 145020 54260 45870 142750 21180 81070 90570 115090 86670 97492 77180 122260 57210 55720 44360 68970 40770 98380 47400 163440 67250 30940 130840 30240 89180 91220 113290 134380 40630 80270 145840 
63021 72840 54560 81990 29380 68880 58120 23930 75300 54321 60730 79480 71240 27050 138280 14970 0 25150 110700 45540 54190 89950 57740 33090 17310 99820 54680 36490 142271 74361 85060 27820 35530 149371 65680 124890 69200 78941 107400 64810 22270 39421 60290 115361 130480 130700 42360 36640 132981 15390 72451 94870 100730 72560 83930 73920 119980 48591 67080 32460 61411 32361 83750 47300 155241 54760 19040 122221 33980 80561 83451 105731 121960 36590 76191 138281 
84960 77810 77700 105090 19890 84800 43240 48290 87960 45730 58630 91000 82760 47040 164701 27520 24990 0 133800 67370 75260 100880 71490 47790 25100 120570 39490 57410 162610 96300 96500 23200 47220 171401 84040 150301 64300 99080 118920 79390 21160 61451 73200 133730 142770 142990 31060 58420 147884 10610 92420 115940 111900 75190 78891 97540 143600 70530 81450 27480 83441 54391 88950 70920 175580 50280 17950 140590 18960 100580 105481 127761 134620 60210 98221 160311 
74381 144882 57150 35530 130182 89110 154582 88690 105330 142502 139202 135620 128512 87340 35050 107990 110720 133720 0 69160 68280 149590 97932 97920 120292 44660 153582 85132 80320 62930 143120 125770 107512 71600 88660 22760 146852 65660 124900 94850 130332 75791 88840 79840 164411 159761 138892 84642 103661 124880 69190 34500 159130 144602 158682 38720 22520 74542 78620 127552 58382 85821 155992 64920 88630 137922 126252 79900 136850 64720 54800 51730 111031 76780 46001 69200 
52870 100510 12980 40370 72550 66130 98940 28290 82100 92120 93010 101421 93181 20760 100770 41410 45720 67140 69080 0 12140 113670 66671 28890 57800 56580 97850 38960 116261 52810 107320 59190 62610 120991 62930 87390 101480 57670 117660 69030 66520 31620 39090 94560 152081 150711 83270 36820 113540 58590 56940 51630 123500 100230 114140 37400 82480 41260 40430 71930 38540 29460 111940 9320 127881 89620 63290 101420 70270 60420 57810 77141 110820 19610 45480 109901 
63870 109200 16520 36020 81190 77590 107580 39530 93730 100760 101700 112971 104731 28190 102270 49300 54360 75030 68070 12150 0 125380 78221 30640 66440 46090 106490 50510 118691 62480 119030 63430 71300 123411 74390 89810 110170 67340 129850 80490 75160 43170 29760 103560 163631 162901 91910 48370 124840 66480 66610 41140 135210 108920 122830 39820 84900 52720 28290 80570 48210 41010 120630 20380 130301 98310 71930 109061 74930 70090 66060 79561 122120 31160 50430 112321 
78660 40290 111890 137190 81410 61630 86940 89240 47150 66190 49830 17400 22600 106160 160860 103970 90030 101380 149190 113120 125200 0 53191 114310 80070 162680 87550 73810 125110 87970 10260 115241 54530 142300 63530 152880 52300 88630 44290 57320 90240 83590 141790 90190 56320 56540 79200 76920 93190 96020 81590 151190 12710 41740 55650 117750 145630 75000 148010 75970 92060 84280 52200 108250 138080 58310 84800 97050 119250 85410 94780 114680 71580 94940 106860 129310 
27430 53180 62530 84950 55590 14080 72680 46830 23390 60030 52320 38960 30720 64940 117820 70570 57300 72020 98373 66330 77880 53160 0 76750 50710 112140 72480 29060 95350 39260 46960 82761 25240 104730 14330 105220 58540 39920 57850 8240 60880 35200 103020 63010 83990 83980 59580 32090 78740 65530 32880 98610 63140 53300 67210 67410 97970 25330 106170 50150 39870 39300 64490 58890 108320 53920 55440 69870 89580 39920 49220 70370 66440 49800 56600 93640 
70610 96340 41450 65960 60070 81730 88681 32120 96790 83040 88130 103220 94740 12470 129250 22110 33490 48050 97550 28600 30400 113700 76650 0 45940 74140 85370 47900 144360 76960 108910 34580 59030 149461 78530 115860 96740 81820 131330 82500 52960 46080 28490 118710 154190 154410 73011 46270 139020 42070 79110 71080 124480 96060 109970 65870 110950 56620 35280 61590 62860 39810 107770 37790 156351 82730 49730 125570 45850 84570 85110 105611 134750 35820 73950 138371 
62670 59720 66420 93850 18420 62770 46410 34200 65930 39590 46350 68970 60730 39560 145660 27900 16950 25210 119843 57580 66230 79260 49460 45600 0 111860 43720 35850 139890 75050 74470 37570 25190 149270 61150 132852 54820 76360 96890 57360 13640 45260 72800 111700 119580 119800 30740 37760 125464 16770 69700 106910 90030 59240 69550 84620 125810 49280 79590 18110 64410 37710 70630 59160 152860 39830 10400 118560 41540 77860 84400 106810 112590 47290 79190 138180 
90920 150970 50170 29590 126750 111330 152550 81850 127360 146270 144760 148041 139801 73750 78930 94540 99920 120480 44620 56530 46080 162230 112400 74220 112000 0 151570 89110 124680 84420 155880 102660 113070 115450 108040 66940 152410 89280 153160 114230 120720 79090 56610 119520 193400 187800 136880 87460 141361 112040 89620 17700 178541 150690 164600 48570 66700 86880 46390 125540 74590 82060 162400 57850 132860 143480 117490 120061 113760 91370 81710 88991 142380 71340 65650 113050 
93460 62030 102870 130300 26500 85290 3780 70650 88240 21940 38420 85471 78761 79470 178500 64830 54970 40230 152683 97490 106140 87190 71780 85100 43470 151870 0 68690 166560 105900 86650 61750 49330 175940 85540 165692 41920 107150 115651 79880 42380 78590 110510 134220 137240 137460 16360 71090 147774 46340 100490 143620 97960 55170 57700 118180 158650 81340 118760 30150 97250 73310 69380 95610 179530 30070 36220 141080 55170 108650 115250 137600 134900 83740 112030 164850 
29390 62470 40640 65910 45840 37480 70220 17770 49740 58810 56260 62570 54330 35880 110960 45180 36680 57770 85143 39150 50700 74590 29551 48850 35950 90250 69240 0 108640 40730 68240 62800 24570 116800 34280 98152 63910 45310 84590 35810 46460 11390 74340 81730 110161 110151 54550 3260 99350 47090 38820 79230 84420 62190 75580 50980 91110 14960 77780 43210 29710 10620 73380 35310 121610 54840 41910 88590 68960 46930 50080 73160 90620 21280 44490 105710 
80310 139174 102980 100270 149140 81510 167740 121080 89280 155090 145753 116190 111070 132460 61910 149660 142960 162410 79980 115470 117850 125240 95350 144230 139870 124290 167540 108560 0 69540 119690 168610 119450 22220 85100 64370 151184 66180 89500 87560 150920 103460 151830 35620 117840 109860 154640 107850 40410 152180 71760 112660 132610 140624 154534 84540 63190 94880 147540 145010 81980 113230 151084 107510 13130 148603 145830 30040 175270 63470 59180 39630 61990 111820 71820 13740 
13150 91480 46500 56240 84690 26700 105910 52760 43640 93260 88290 72060 65760 64540 79390 81740 74440 96280 63090 52580 62390 88080 39460 77510 75380 84140 105710 40290 68480 0 80850 100080 57050 77500 26250 66780 94700 5450 68840 32440 85330 35540 90630 42340 105601 100951 92090 39330 60780 85600 6790 69900 97030 91200 105110 38700 59530 26360 90430 81670 14060 44710 102390 43560 81450 88030 81340 49200 106720 8200 10780 33860 58060 43900 20220 66410 
72550 39870 106260 131560 78290 55130 86520 83610 40660 65770 49410 10780 16970 100530 155220 98340 84400 95750 142960 107490 119570 10610 47561 108680 74440 157050 87130 68180 119610 81470 0 109611 48900 136800 57030 146650 51880 82130 38790 51300 84610 77960 136160 84690 50590 50810 78780 71290 87690 90390 75090 145560 17640 41320 55230 112120 139400 69370 142380 72850 86430 78650 51780 102620 132580 57890 79170 91550 113620 79180 88550 108450 66060 89310 100360 123810 
88740 96511 69670 97060 42200 95120 65700 48020 100521 68040 80940 104601 96121 38580 158470 19850 27930 23170 125770 58910 63340 115081 83421 34230 37880 102830 61950 62730 167990 100080 110291 0 60411 174850 91920 144110 86610 104660 132711 90821 39240 65661 54530 141080 155571 155791 53370 62880 159560 23850 98170 103510 125861 96231 101332 94090 139170 74310 63420 49610 86890 57870 107791 64310 181440 72590 36010 147940 11960 106280 108930 131210 147391 58770 98410 163760 
44530 38520 64160 89430 31830 37970 49170 35320 40930 36520 32880 44010 35770 52220 133350 48850 35580 47080 107603 62580 71430 54480 24460 59150 25770 113770 48970 24650 119240 56970 49590 60131 0 128620 38220 120612 39960 58220 71930 32560 35940 34910 86350 86900 94620 94840 36070 27760 100464 41720 51560 102750 65250 38240 51630 74500 113490 33810 94060 26390 51730 33650 49430 58860 132210 31880 30500 93760 64750 59720 66320 88670 87590 44830 66950 117530 
89100 153251 108630 102400 158450 90820 177050 127410 101860 164400 156660 131510 125210 138480 43890 155680 149831 171720 71870 121120 123500 141400 104660 149880 149180 115680 176850 116240 22250 77200 135850 174780 128760 0 94410 51650 162880 75490 106250 96870 160230 109790 153670 52370 139430 131450 163950 115280 62000 161211 81070 104560 148770 154701 170104 90190 52960 102310 149610 154320 88160 119820 165161 113200 18920 158460 155140 47550 181720 72780 66940 45280 80860 117840 77470 13380 
15840 67310 58740 77460 69590 3520 86680 48530 19490 74030 66490 47910 41610 66320 105130 76700 65540 84130 88830 62540 74090 63930 14490 79290 61590 107910 86480 33940 84790 26310 56700 91650 38590 94170 0 92520 72710 26970 51090 7400 72800 32080 100610 52450 87430 81830 73580 34610 68180 74060 19930 91120 72880 67650 81560 59920 85270 21540 102380 64150 31220 40480 78840 55100 97760 68090 67550 59310 97820 27640 36520 57420 57310 46010 45010 83080 
78310 157060 74980 57810 143291 92590 167691 102120 108810 155611 152300 137950 131650 105650 13670 126300 125090 150870 22870 87470 89850 152910 105350 116230 133401 67030 166691 98241 64490 66410 146440 144130 120610 51170 92140 0 159860 69140 121830 98330 143441 88860 111120 67950 159860 153230 152001 97751 88100 139570 72670 56780 162450 156490 170860 52980 8100 87080 100900 140661 69230 98890 168170 81670 68200 151020 139361 64660 155740 68200 58280 43770 96680 90210 54940 51980 
82010 21400 103470 128740 46322 71700 41520 74130 66201 21680 10030 50781 44071 89930 172730 82300 69030 65150 146913 101590 110240 52500 58190 96500 54780 153080 42130 63960 152266 94450 51960 86670 39680 162350 71950 159800 0 95880 80961 66290 59343 74220 124070 117401 102550 102770 35950 67070 126581 65153 89220 142060 63270 14030 16750 113810 152550 72090 131580 43460 90040 72960 28240 98170 165236 16770 53183 124261 82890 97380 103800 126330 106281 84140 106260 151260 
17220 92730 51340 61080 86050 27470 107270 57580 44410 94620 89650 72830 66530 69380 81290 86580 79260 99330 65620 57420 67230 88850 40230 82350 76780 88980 107070 45110 66450 5380 81620 104900 58410 75830 27020 69310 96060 0 64800 33210 87830 40380 95470 38500 101140 95540 93450 44150 56940 89090 8670 74740 96860 92560 106470 43540 62060 31180 95270 83030 18900 49530 103750 48400 79420 89390 82740 45360 111540 3900 11210 33370 54220 48740 25060 64740 
63460 69041 114030 124240 100960 49770 115691 101300 37770 94941 78581 35590 38260 119730 125400 121010 107070 118420 125690 117830 130260 44640 58500 131350 97110 153990 115670 84770 89650 69530 39090 132281 71570 106840 53100 122080 81051 65590 0 50740 107280 84860 156080 54680 37050 31380 102770 87390 51490 113060 63320 139750 52010 70491 84401 106700 118690 74320 159520 95520 79330 93250 80951 108510 102620 87061 101840 61490 136290 61910 71280 85770 31330 99230 87650 93850 
21670 60550 64570 83290 63550 6200 80640 52530 15830 67990 60450 41850 35120 70640 110950 77880 64610 79330 94660 68370 79920 57560 8280 83610 58020 113740 80440 35600 87470 32140 50640 90071 32550 96850 7230 98350 66670 32800 49990 0 68190 37910 106440 55130 82330 80730 67540 37480 70860 72840 25760 96950 66820 61440 75350 65750 91100 27370 108210 58110 37050 44690 72460 60930 100440 62050 62750 61990 96890 32720 42350 63170 58540 51840 50840 85760 
67570 59510 75330 102760 19420 65830 44200 43110 68780 37380 45340 70810 62570 53960 151110 44140 31620 35740 125293 70480 79130 80870 52320 60000 16840 124330 43220 41300 144790 80010 76310 52710 28290 154170 66050 138302 53830 81260 98730 60420 0 51200 87200 114760 121420 121640 28530 43700 128314 30380 74600 116080 91640 58720 68560 90790 131260 54540 93990 16790 69860 45770 70420 68070 157760 37620 19160 121620 53410 82760 89360 111710 115440 56200 84640 143080 
24870 72510 29650 54920 55550 35650 79930 18570 51620 69460 66300 69801 61561 34240 102230 47990 40041 62051 75621 31650 43200 83890 35051 47210 45210 79260 78950 10650 103250 35340 77540 65890 34610 109950 32450 88850 73950 40220 83220 38260 55010 0 68530 77110 115661 115651 64260 9000 94830 51371 34300 68240 93840 72230 85620 39590 83390 10540 71490 52920 21990 10030 83420 26010 116220 65020 51170 83970 72321 42410 44030 66310 87610 14600 36770 98860 
90490 124000 45790 60320 86620 103780 114640 58490 121400 110720 115830 130880 122400 38660 123680 48290 60040 73440 89310 38710 29650 141360 102411 28340 72490 57100 110890 73770 151931 90430 136570 54930 85580 152721 100580 111390 124460 95290 155850 106390 79510 68130 0 135950 194351 196210 99561 71630 156560 67460 94560 57780 152140 123720 137630 69090 111150 78670 11290 88140 76160 64270 135430 46940 163551 110410 76280 142270 65530 98040 95330 108831 153840 57340 79700 141591 
52560 104794 88540 91160 118070 49130 135160 93530 54420 121613 111373 81330 76210 106580 71400 122950 115210 133850 79750 94620 103630 90380 62970 119550 112540 119530 134960 81060 35650 42580 84830 140850 87070 52840 52720 68080 116804 38910 54560 55180 122710 76970 132670 0 89170 82540 122060 80100 23430 124950 44020 103550 97750 106244 120154 73730 64690 67130 133170 112630 56100 85480 116704 85600 48620 114223 117270 7590 147490 36200 38550 31770 29410 85940 54680 39850 
99101 90450 143720 162751 123180 85411 137100 127460 69310 116350 99990 54360 60480 145950 163610 143930 129990 141340 164201 147480 159030 55980 84060 154270 120020 193831 137710 109690 117350 105171 50580 155201 93790 138910 87730 160290 102460 101231 37040 82410 130050 115830 195051 89420 0 13290 124990 112800 78500 135980 98961 178261 62960 91900 105810 145211 156900 107300 191920 117740 115661 120070 102360 140080 129820 108470 124750 95030 159210 97551 106921 120510 60710 130430 124091 127870 
94240 90680 143520 158621 123410 80550 137330 127260 68550 116580 100220 54590 60710 145820 157190 144160 130220 141570 160071 147280 158830 56210 83860 154500 120250 189701 137940 109490 109490 101041 50810 155431 94020 131050 83880 153870 102690 96370 31420 81520 130280 115630 198721 83000 13300 0 125220 112600 70640 136210 94100 175461 63190 92130 106040 141081 150480 105831 196791 117970 111531 119870 102590 139880 121960 108700 124980 88610 159440 92690 102791 114090 54290 130230 119961 121450 
78600 54460 87630 115060 12990 72430 17970 55410 75380 17640 30540 74990 66750 65951 163260 52410 41460 30810 137443 82780 91430 79310 58920 71860 29951 136630 16330 53450 153700 91040 78770 52330 36250 163080 72680 150452 36210 92290 102910 67020 28870 63350 99060 121360 125600 125820 0 55850 134914 34560 85630 128380 90080 49460 50801 102940 143410 66100 105850 14910 82010 58070 62991 80370 166670 22190 22710 128220 48550 93790 100390 122740 122040 68500 96790 151990 
27750 66130 37930 63200 47710 38200 72090 15730 53400 61930 59920 66230 57990 33840 109850 44710 36280 58120 84023 36420 47970 78250 32801 46810 37370 87540 71110 3660 107000 39090 71900 62400 28230 115160 35000 97032 67570 43670 85770 38250 47170 8680 71610 80090 113411 113401 56420 0 97710 47440 37180 76520 88080 65850 79240 48270 89990 13320 75050 45080 28590 7890 77040 32580 119970 57960 43330 86950 68560 45290 48440 71520 90490 18550 43370 104070 
70680 113823 107340 112370 130682 64760 148112 111350 63270 130642 120402 84880 85060 125380 92270 141630 132980 147962 103010 113420 124930 93930 78600 139700 126312 140760 147572 98880 40400 60700 88380 159860 100682 61960 68350 88950 125833 57030 51480 70810 136482 94790 153170 23410 78950 70970 134672 97920 0 141500 62140 124760 101300 115273 129183 95910 85900 84950 153670 125242 74220 103300 125733 103720 52870 123252 131042 25950 166030 54320 60730 52980 23220 104060 76860 53520 
74710 74720 68640 96030 22710 77880 49830 38420 82320 47651 58030 85360 77120 38380 152830 21390 15460 10930 124740 58710 66600 95650 65850 41660 16930 112230 46080 47160 152360 86050 90860 23710 41580 161151 74680 139450 65771 88830 113280 73370 15600 51201 67070 125080 137130 137350 35690 48170 142160 0 82170 107280 106430 72700 78922 88480 134540 60280 75320 25970 73191 44141 85630 61860 165330 49680 12370 131940 25180 90330 95231 117511 128980 51150 87971 150061 
10200 85710 50890 61670 79020 20450 100240 51170 37390 87590 82620 65810 59510 67040 85580 80590 72850 92290 69280 56970 66780 81830 33210 80010 69750 89570 100040 38440 71620 6850 74600 98490 51380 81000 20000 72970 89030 8090 62680 26190 80800 34610 95020 44340 99020 93420 86420 37740 62780 82060 0 75330 90780 85530 99440 44130 65720 24770 94820 76000 18300 43120 96720 47950 84590 82360 75710 51200 105130 9590 16970 38540 59150 46400 25650 69910 
76670 140120 41610 15090 119700 94860 144080 73380 110890 137070 133910 136931 128691 68690 68690 89800 94860 115530 34320 51470 41020 151120 99200 71030 106940 17590 143100 78260 113410 70170 144770 103781 102220 104560 91570 56400 141560 75030 138910 97760 115660 68240 57731 103931 178421 173550 128410 76610 125291 106980 75370 0 161111 139840 153750 34320 56160 73960 47511 117070 60340 73590 151550 49380 121590 132630 112430 103991 114881 77120 67460 74491 128130 62870 51400 101780 
88800 50760 122451 147751 91880 71770 97410 99590 57290 76660 60300 27630 32740 116510 168430 114320 100380 111730 159230 124040 135730 12410 63331 124660 90410 178821 98020 83950 132680 98110 19160 125591 64670 149870 73670 162920 62770 96660 51860 67460 100380 93760 152140 97760 62800 63020 89670 87060 100760 106370 91730 161751 0 52210 66120 128311 155670 85140 158360 86440 102200 95200 62670 118811 145650 68780 95140 104620 129600 92980 102350 122250 79150 105860 118540 136880 
78720 9830 102020 127310 56440 66510 54760 73090 55651 34870 20720 40231 33521 89820 170740 86040 72770 75990 145261 100460 109320 41950 53140 96380 59180 151650 55370 62530 141716 91160 41410 95771 38250 155422 67330 156900 14020 92590 70411 61420 66880 72770 123860 106851 92000 92220 49140 65640 116031 72690 85930 140630 52720 0 15760 111080 149650 68800 131360 51000 86750 71530 18310 96740 154686 29200 61550 113711 93730 92920 100510 123040 95731 82710 102970 144332 
92650 19640 115190 140460 59462 81540 56680 85890 70681 37500 24730 55261 48551 102620 184450 96023 83730 79203 158633 113480 122140 56980 68170 109180 69480 164800 57290 75330 156746 105090 56440 100603 51050 172336 82590 171642 16710 106520 85441 76450 72483 85590 136660 121881 107030 107250 50212 78440 131061 78293 99860 153780 67750 16890 0 125080 164600 82730 144160 58022 100680 84330 13830 109860 169716 32590 66323 128741 96943 108020 114440 137760 110761 95510 116900 159362 
45410 111280 25080 20620 95080 63600 119460 51200 79570 108990 105830 103791 95551 55750 66140 76400 74180 98030 38680 37570 39950 117980 67940 66330 84740 48520 118480 50180 85241 38910 111630 94180 74140 89971 60310 52760 113480 43770 105880 66500 94220 39530 69460 73700 145391 140741 103790 48530 96150 88650 44110 34280 127971 111000 125080 0 47850 42700 65590 92450 29080 49570 122390 30750 96861 104550 90700 75621 103570 45860 36200 46121 94780 39290 20140 78881 
71030 149760 69730 56310 136160 85310 160560 96870 101530 148320 145020 130670 124370 100400 20680 121050 119840 143700 22640 82220 84600 145630 98070 110980 126270 66800 159560 91110 63470 59130 139160 138830 113330 52770 84860 8070 152580 61860 118500 91050 136310 83580 110890 64620 156530 149900 144870 90620 85980 134320 65390 56550 155170 149210 163560 47730 0 79800 100670 133530 61950 93610 160870 76420 69800 143740 132230 63660 149240 60920 51000 36980 93350 84960 47660 51960 
15030 68820 37360 60060 59070 25110 81410 26990 41080 69330 65230 61331 53091 44780 99640 56410 48670 70510 74821 41160 52710 75380 25670 57750 49610 86970 81210 14520 94280 26370 69030 74310 33990 102440 21910 87030 72010 30950 72680 28010 59560 10540 79070 67370 107191 104791 66920 13560 84990 59830 24460 73720 85210 68540 82450 42520 79780 0 81000 56440 18020 18940 79730 33720 107250 64750 55570 74230 80950 32570 35720 58800 77660 24630 34410 91350 
91460 130780 44110 50090 93400 105650 122140 62270 121880 117520 122610 136250 128010 44360 113170 55310 66820 81090 78810 40120 27970 147410 105991 35120 79270 46690 118540 77350 147961 90070 142150 63000 93210 149740 102450 100890 131240 94930 158000 108550 86290 71140 10700 134270 191550 194100 106341 75210 154880 75110 94200 47280 158190 130500 144410 65140 100650 80690 0 94920 75800 67850 142210 48350 159581 117210 83060 138341 74100 97680 93650 107151 152160 59130 78020 139911 
68690 53690 76700 104130 8000 63210 31220 44480 66160 26720 35670 68190 59950 54560 152330 42870 31920 27550 126513 71850 80500 76020 49700 60600 18210 125700 30240 42520 144480 81130 73690 48750 26770 153860 63460 139522 43690 82380 96110 57800 19330 52420 87800 112140 118800 119020 15550 44920 125694 25140 75720 117450 86790 51070 57991 92010 132480 55760 94590 0 71080 47140 64830 69440 157450 27320 14000 119000 45290 83880 90480 112830 112820 57570 85860 142770 
16330 86660 32590 46510 74620 34520 98450 39660 50490 86370 83070 77840 69600 50730 81830 67930 62081 84091 58773 38670 48480 92040 39550 63700 64730 74410 98020 29570 81870 14470 85840 86860 51380 88530 31230 69220 89850 19330 78320 37420 74770 22040 76720 56220 115801 111151 83330 29080 74660 73411 18400 60170 102020 86380 100290 28970 61970 17850 76520 71990 0 32070 97570 29650 94840 81790 70690 63080 93920 22080 22620 44890 71940 30090 17570 77440 
33570 71630 33150 60580 50010 44020 74390 10480 59990 65990 65410 73110 64870 27880 112620 39900 32670 54771 86001 29480 41030 85130 39181 40850 38090 82150 73410 10540 112820 44910 78780 57800 33730 120330 40820 99230 73070 49490 91590 44630 47320 10380 64670 85910 119791 119781 58720 8400 103530 44091 43000 73900 94960 71350 84740 49510 93770 19140 68110 47380 32370 0 82540 25640 125790 62020 44080 92770 64740 51110 54260 76690 96310 11610 47150 109240 
90010 11940 113870 139140 69290 77280 68570 84380 66421 48800 35520 51001 44291 101190 182430 97410 84060 88840 157313 112080 120740 52720 64430 107750 70200 163480 69180 73820 152486 102450 52180 107211 49540 166192 78620 169830 27900 103880 81181 72190 79310 84060 135230 117621 102770 102990 62402 76930 126801 85120 97220 152460 63490 17770 12330 123080 162580 80090 142730 63850 98040 82820 0 108540 165456 43890 74370 124481 107240 104050 111800 134500 106501 94190 114260 155102 
44810 97150 8940 36370 71920 58540 96300 25600 74510 89480 90320 94601 86361 25770 95020 46420 47400 71260 65080 9290 20390 108790 59190 37990 59390 57940 95320 35140 107780 43760 102440 64200 58890 113261 55340 81630 98230 48620 108290 61440 68200 25880 47340 85510 143960 141341 80630 33000 103950 61880 47890 49690 118781 96510 110780 30660 76720 33670 48680 69290 29490 25640 108580 0 119900 86930 64970 92370 75280 51370 48760 69411 101230 14920 36430 102171 
93260 152124 114630 111920 162090 94460 180690 133370 102230 168040 158703 129140 124020 144440 60890 161640 155791 175360 88860 127120 129500 138190 108300 155880 152820 132930 180490 121510 13100 82490 132640 180740 132400 18820 98050 68640 164134 79130 102450 100510 163870 115750 163480 48570 130280 122300 167590 120800 52850 165130 84710 121550 145560 153574 167484 96190 69950 107830 159190 157960 94120 125780 164034 119160 0 161553 158780 42870 187680 76420 72130 51280 74430 123800 83470 22240 
76020 33050 94460 119730 31250 66920 29580 62460 64170 8790 9130 56181 49471 75970 163640 66480 54520 51130 137903 89920 98570 57900 53400 82490 39840 144070 30190 54900 148180 88460 57360 72650 32040 157560 67160 150912 16720 89710 86361 61500 43800 65210 109970 114184 107950 108170 21930 58010 123334 49610 83050 133050 68670 28590 32690 104800 143790 64840 117480 27050 82030 62010 43990 87220 161150 0 38470 121044 68870 91210 97810 120160 110450 73190 97250 146470 
68350 63740 72100 99530 10590 67590 39330 40260 70750 35531 46550 73790 65550 44590 151340 30050 19100 17650 125523 63080 71730 84080 54280 49500 10410 117360 35890 41530 145570 80730 79290 35930 30010 154950 66830 138532 53651 82040 101710 62180 6510 50940 76700 116520 124400 124620 23570 43440 130284 12320 75380 112410 94850 61220 66802 90530 131490 54960 83490 14490 70090 43770 74650 64840 158540 38200 0 123380 35320 83540 90080 112490 117410 53350 84870 143860 
59390 111624 94220 91510 124900 55960 141990 100360 61250 128443 118203 88160 83040 113410 68530 129780 122040 140680 80100 101450 109090 97210 69800 126380 119370 119900 141790 87890 30050 49410 91660 147680 93900 47550 59550 65210 123634 45740 61250 62010 129540 83800 139500 7590 94490 87860 128890 86930 25800 131780 50850 103900 104580 113074 126984 75780 64030 73960 138780 119460 62930 92310 123534 92430 42770 121053 124100 0 154320 43030 44320 32120 34730 92770 60450 34250 
95321 97170 81070 108460 38510 101180 58850 54720 105630 64350 77250 108690 100430 49980 170610 30570 33990 18620 137170 70310 74740 118980 89160 45630 41450 113740 55280 68790 174571 106661 114190 11820 64890 181550 97980 155960 82920 111241 136610 97060 38830 71721 65240 147661 160660 160880 49680 68940 165620 25200 104751 114420 129760 93810 97711 103070 149130 80891 74330 46100 93590 64570 108310 75710 188140 68900 35620 154521 0 112861 115630 137910 152520 65740 105380 170460 
17750 92300 54180 63500 87100 27040 108320 58720 41850 95670 90700 71980 65680 72220 78720 88140 80400 100370 64950 60260 70070 85950 40050 85190 77830 91400 108120 46250 63870 8220 79480 106040 59460 73250 27460 68640 97110 4040 61260 32830 88880 42160 98310 35920 97600 92000 94500 45290 54360 90140 9210 77160 93320 93210 107120 45960 61390 32320 98110 84080 21740 50670 104210 51240 76840 90440 83790 42780 112680 0 10540 30790 51640 51580 26910 62160 
22610 100940 51290 53800 94150 36890 115370 61900 51030 102720 97750 81160 74860 73280 71270 90480 83900 105740 54970 57890 66160 95130 49650 86250 84840 81700 115170 49750 59250 10710 88660 109220 66510 67160 36440 58660 104160 11360 70440 42630 94790 44280 95670 38540 107201 102551 101550 48790 60990 95060 16970 67460 102500 100660 114570 36260 51410 35820 94200 91130 22800 54170 111850 48870 72220 97490 90800 44320 116160 10420 0 23520 59570 52640 17210 56070 
45580 122081 64670 61960 116110 57140 137330 83890 70690 124680 119710 100820 94520 94910 49470 112160 106311 128321 51680 77160 79540 114790 70150 105920 106840 88820 137130 72720 40450 33680 108320 131090 88470 45470 57080 43770 126120 33150 85770 62930 117760 66270 109050 31890 120380 113750 123510 71760 53250 117641 38730 74350 122160 122620 136600 46230 37090 58790 107580 113090 44640 76300 133991 69410 52060 119450 112800 31950 138150 30440 23420 0 60620 74320 33510 34380 
64500 94061 104530 112600 118271 53760 135361 103960 49730 118080 103601 62750 65000 121860 100310 133290 121980 135211 108520 110610 122120 71830 66170 135180 113901 142350 135161 89600 61850 57890 66250 147961 88271 81220 57350 96980 106071 54220 31300 58410 124071 87400 150360 29580 60520 53890 122261 90150 23220 129851 58940 128110 79200 95511 109421 94580 93590 77080 150860 112831 71410 95910 105971 100910 74320 110690 118631 35080 153491 51510 59400 60670 0 101140 75530 67920 
37850 82760 22430 49860 60130 49630 84510 13810 65600 77120 76540 83680 75440 23540 103590 39740 36780 60640 76630 19450 31000 95700 49651 36510 47600 71430 83530 21110 111740 44340 89350 58670 44860 118200 46430 90200 84200 49200 97940 52530 56830 14600 57460 86090 133330 131331 68840 18970 104530 51260 46490 63180 105530 82480 95870 39230 85290 24760 59290 57500 30240 11610 93670 14920 124710 73150 53590 92950 66180 51950 52490 74560 101450 0 41540 107110 
29930 102430 35550 37730 89490 45570 113870 53240 62510 101810 98510 90930 84630 62020 67400 79350 76390 98961 46182 45540 50420 106950 56700 74240 79600 65630 112890 44440 72571 20440 99720 98280 66820 77291 45110 54800 105620 25300 86890 51300 89640 36910 79930 54710 124371 119721 98200 43950 77160 88281 25640 51390 116170 102150 116060 20190 47550 33850 78460 86860 17150 46940 113340 36520 84181 97230 85560 60490 105790 26870 17210 33441 75790 41510 0 66201 
78000 142151 97530 93930 147350 79720 165950 116310 90760 153300 145560 120140 114110 127380 48290 144580 138731 160620 69230 110020 112400 129190 93560 138780 138080 113040 165750 105140 13770 66100 123640 163680 117660 13380 83310 52130 151780 64390 93700 85770 149130 98690 141910 39820 127310 120680 152850 104180 53520 150111 69970 101660 136560 143601 157511 79090 52010 91210 140440 143220 77060 108720 154061 102100 22230 147360 144040 34240 170620 61680 55840 34180 67550 106740 66370 0 

0 Ciudad_0 0 0 32400 0
1 Ciudad_1 527 6730 21330 1054
2 Ciudad_2 605 4083 16332 1210
3 Ciudad_3 442 7977 19214 884
4 Ciudad_4 365 14838 19045 730
5 Ciudad_5 725 16306 23755 1450
6 Ciudad_6 326 12137 23492 652
7 Ciudad_7 108 4773 18153 216
8 Ciudad_8 256 10450 17069 512
9 Ciudad_9 152 16608 27559 304
10 Ciudad_10 800 12212 26285 1600
11 Ciudad_11 692 18276 27618 1384
12 Ciudad_12 202 14136 18251 404
13 Ciudad_13 145 15783 20124 290
14 Ciudad_14 556 8382 10423 1112
15 Ciudad_15 545 11677 25171 1090
16 Ciudad_16 469 19308 26760 938
17 Ciudad_17 568 11879 25521 1136
18 Ciudad_18 481 13230 18914 962
19 Ciudad_19 384 11051 24657 768
20 Ciudad_20 494 12632 22739 988
21 Ciudad_21 545 4673 11256 1090
22 Ciudad_22 740 6511 20500 1480
23 Ciudad_23 107 17383 27849 214
24 Ciudad_24 590 2935 6547 1180
25 Ciudad_25 192 8079 18999 384
26 Ciudad_26 267 12325 21950 534
27 Ciudad_27 672 6061 20415 1344
28 Ciudad_28 354 23897 26916 708
29 Ciudad_29 307 810 7865 614
30 Ciudad_30 242 4486 10958 484
31 Ciudad_31 330 11689 16510 660
32 Ciudad_32 690 7252 19423 1380
33 Ciudad_33 252 6130 20755 504
34 Ciudad_34 624 25710 28110 1248
35 Ciudad_35 613 4383 17189 1226
36 Ciudad_36 420 9976 18321 840
37 Ciudad_37 809 10599 25159 1618
38 Ciudad_38 214 11078 22489 428
39 Ciudad_39 364 2288 4289 728
40 Ciudad_40 581 13813 23785 1162
41 Ciudad_41 529 25218 29985 1058
42 Ciudad_42 684 5229 10472 1368
43 Ciudad_43 534 11892 17290 1068
44 Ciudad_44 124 18108 27985 248
45 Ciudad_45 333 10871 13724 666
46 Ciudad_46 453 7727 17258 906
47 Ciudad_47 237 3606 10409 474
48 Ciudad_48 576 14440 17106 1152
49 Ciudad_49 277 4221 7307 554
50 Ciudad_50 161 6634 19821 322
51 Ciudad_51 621 15592 18225 1242
52 Ciudad_52 530 14090 21431 1060
53 Ciudad_53 641 12624 15549 1282
54 Ciudad_54 654 6392 12140 1308
55 Ciudad_55 637 13305 23610 1274
56 Ciudad_56 796 18700 26077 1592
57 Ciudad_57 147 22218 29595 294
58 Ciudad_58 106 17271 23524 212
59 Ciudad_59 504 12433 27316 1008
60 Ciudad_60 510 3848 14136 1020
61 Ciudad_61 690 3725 12734 1380
62 Ciudad_62 543 5527 20467 1086
63 Ciudad_63 659 2409 7459 1318
64 Ciudad_64 575 6631 20400 1150
65 Ciudad_65 815 14031 21763 1630
66 Ciudad_66 740 10860 19948 1480
67 Ciudad_67 477 16309 23856 954
68 Ciudad_68 620 7596 16154 1240
69 Ciudad_69 669 15965 23206 1338
70 Ciudad_70 578 21811 26739 1156
71 Ciudad_71 522 3832 5918 1044
72 Ciudad_72 508 6883 11560 1016
73 Ciudad_73 503 7491 21947 1006
74 Ciudad_74 635 12603 19902 1270
75 Ciudad_75 198 18763 22353 396

0 -0.0704616 0.0776866 -0.0212815 0.0398108 0.0390037 -0.0688212 -0.0570675 0.0578615 0.0960968 0.0562291 -0.0216434 -0.00526308 -0.0624658 0.00655994 -0.0704467 0.0950622 0.0235402 -0.0080859 -0.0882806 0.0379755 -0.0116956 -0.052215 -0.0480968 -0.0749433 -0.0932592 0.0153648 -0.0399446 0.056673 -0.0694607 0.081275 0.0223092 -0.0642631 0.0405594 0.0357184 0.00071986 0.085573 -0.00275461 0.047695 0.0762542 0.0258137 0.0402516 -0.00517992 0.0427359 -0.0665594 -0.0271569 0.0732768 0.0515535 0.0319521 -0.0901115 0.0316685 0.0339698 -0.0109437 0.0622491 0.0782948 0.0691199 -0.0257239 -0.00297272 -0.0567084 0.0828188 0.0602343 -0.0609718 -0.0937883 -0.0360361 -0.0866235 0.0590384 0.0970672 -0.0589195 -0.00881053 0.0348968 -0.0219084 -0.0545532 0.0160928 0.0873156 0.0429283 0.0903393 
0.0704616 0 0.00245859 0.06886 -0.0295199 0.048013 0.0667696 -0.00510159 -0.022593 -0.0531545 0.0392052 0.0361851 -0.0736289 -0.0546525 -0.00390699 -0.0473342 -0.0584382 0.08162 0.0471086 0.044968 0.07192 0.0181194 0.0488033 0.0639833 -0.0839261 0.0667957 -0.0468649 0.0965776 -0.0585385 0.0170527 0.0429783 0.0562865 -0.023056 -0.0975287 -0.0876307 -0.0622216 -0.00884212 0.000864014 0.0310053 -0.0923568 -0.0865066 -0.00276334 -0.0893439 -0.0364396 -0.0922116 0.068462 -0.0948582 -0.0323231 -0.0296663 -0.0495562 -0.09399 -0.000514038 0.0967825 0.0743811 0.078986 0.0143514 -0.0113751 0.0745242 0.0687823 0.00517552 0.0847494 -0.00959015 -0.0340107 0.049696 -0.07065 0.0138564 0.0709621 0.0672954 -0.0338868 -0.0537832 0.0111567 0.0808363 -0.0302006 0.0403887 0.0479126 -0.0188993 
-0.0776866 -0.00245859 0 -0.0751916 -0.0251697 0.0495336 0.0896966 0.0875815 0.0349869 -0.0342014 -0.0925513 0.0475044 0.0151685 0.0914594 -0.00552957 -0.019552 0.0381467 -0.0846576 0.0540533 0.0355942 -0.081795 0.0891836 -0.00531401 0.0259817 0.0413103 -0.00172921 -0.0599455 -0.0938895 -0.0437058 0.0787986 -0.0533421 -0.0198059 0.0547931 -0.0636638 0.0971583 0.0567544 0.0357759 -0.0363933 0.0803329 -0.0767604 -0.0628306 0.0612068 0.0208168 -0.0695979 0.0261507 0.0970696 0.00861241 -0.00375044 0.0880226 0.0448364 -0.0462161 0.0194583 -0.0478246 -0.0599247 0.0185294 0.0827192 0.0273988 -0.00275442 -0.0337667 -0.0660166 -0.0533981 -0.0304638 0.00503496 0.0239085 -0.0985814 -0.0472439 -0.0605835 -0.00924888 0.0348712 0.039966 0.0399074 -0.0836691 -0.0955102 -0.0355076 -0.0369025 -0.0996253 
0.0212815 -0.06886 0.0751916 0 -0.0256746 -0.0475191 0.0515915 0.0334706 -0.0752412 -0.0248882 0.00804737 0.0452641 -0.0469919 0.0804359 0.0275174 0.0293316 0.0745143 0.0346416 -0.0981615 -0.0731184 0.0163187 -0.0460349 0.0665832 -0.0762363 -0.0103499 -0.0555015 -0.0767768 -0.0392445 0.0644648 0.0117732 -0.0328282 0.0656395 0.00572182 0.0676453 0.0738584 0.07746 0.0454418 0.0828812 0.0972245 -0.0539014 0.0676331 -0.0647029 0.0352437 0.0853919 0.066353 -0.0699529 0.0254049 0.0373472 0.000991714 0.0185746 0.0706375 -0.00144196 0.0171337 -0.0419504 0.0574971 -0.0463087 -0.00302717 -0.0213127 0.0235496 -0.0881589 0.0761918 -0.0572575 0.0200383 -0.0227862 -0.0487845 -0.0558912 -0.062393 0.0285588 -0.047433 0.0159896 0.025954 0.0338961 -0.0182109 -0.0460771 0.0289621 0.0157408 
-0.0398108 0.0295199 0.0251697 0.0256746 0 -0.00350218 0.0755098 -0.046178 0.0775861 -0.0630743 -0.00261761 -0.0455584 0.0547882 -0.0293846 -0.0622862 0.00832887 -0.0517264 0.0203033 0.0338432 0.0960801 0.0699646 -0.0624102 -0.00736219 0.0663838 -0.0838435 0.0531184 -0.0324125 -0.0451639 0.0369003 0.0757993 -0.0118115 0.0242241 -0.0839056 0.0468746 -0.0603107 -0.0285895 0.0698461 -0.0316615 0.0826322 -0.0880774 -0.039422 0.0324423 -0.0747267 -0.0887193 0.0611937 0.0146522 -0.0311849 -0.0120197 -0.0398567 -0.0359763 -0.0788976 -0.00732412 -0.0287111 -0.0258659 0.0405651 0.0593103 0.0501746 -0.00843409 -0.0833802 0.00954194 0.0409517 -0.0109056 0.00635389 0.0746997 0.0360175 -0.0622116 0.0465722 0.0240992 0.000318919 0.0255003 -0.0748708 -0.0715615 0.0169979 0.0650776 0.0876954 0.018538 
-0.0390037 -0.048013 -0.0495336 0.0475191 0.00350218 0 0.0875662 0.0338849 -0.0148445 -0.0626375 0.0166549 -0.0980957 0.00888031 -0.0461465 0.080673 -0.047477 -0.053116 0.0847136 -0.0144784 -0.0045333 0.092363 -0.0227593 0.0893762 -0.0285893 -0.0411112 0.0836048 -0.0426245 0.0152936 -0.0173349 -0.0589202 -0.0496926 -0.0754784 -0.0682786 0.0810061 -0.0267004 -0.00500481 0.027621 -0.0172807 0.0505864 -0.0111954 0.0910579 -0.0945152 0.0722043 -0.0955574 -0.00381566 0.0457453 -0.0568649 0.06951 0.0851061 -0.0992207 0.0543948 -0.0789093 0.0653539 -0.0789758 0.0292368 -0.085523 0.0545885 -0.0193916 -0.0861299 -0.0483099 0.0240439 0.0669542 -0.0360561 0.0687843 -0.07906 -0.0255896 0.00610207 0.00703318 0.0599273 0.0384228 -0.0793983 -0.0762706 0.0606287 0.0533727 -0.0860109 0.032693 
0.0688212 -0.0667696 -0.0896966 -0.0515915 -0.0755098 -0.0875662 0 0.0702733 0.0555394 -0.0401322 0.0416529 -0.0867149 -0.0746785 -0.0238503 -0.0558407 -0.0580389 0.00828889 -0.0130691 -0.0949148 0.0721293 0.000229337 -0.0393181 0.0229727 -0.047768 0.068399 -0.0498497 0.0754927 0.0131247 0.0870992 -0.0856768 -0.00339818 -0.024849 -0.0240982 -0.024193 0.0929882 -0.0621239 0.0623411 0.0549389 -0.0773704 -0.0795371 0.0936473 -0.0516927 0.0678289 0.0980164 -0.0649233 0.0416843 -0.0439187 0.0887514 0.0737738 0.0172344 0.0156592 -0.0344347 0.0658788 0.0875455 0.0799701 0.0533164 0.042602 0.0898588 -0.0276367 -0.00426864 0.0659284 -0.0568852 0.081314 -0.0407185 0.0642393 -0.0476546 0.0287934 -0.0106341 0.0317431 0.0797665 -0.0824899 0.0173363 -0.0576187 -0.0709241 0.0737433 -0.0221631 
0.0570675 0.00510159 -0.0875815 -0.0334706 0.046178 -0.0338849 -0.0702733 0 0.0163872 -0.0253229 -0.0139652 -0.00346348 0.00325827 -0.0587047 0.0307939 -0.0521846 -8.38476e-05 -0.0292503 0.059983 -0.00174331 0.00684809 -0.0164789 0.0683172 -0.063194 0.0305138 -0.0541711 0.0807883 0.0998681 -0.0964112 0.00844803 0.0516162 0.0560319 -0.0723162 0.0756139 -0.0754009 -0.0626609 0.0972801 -0.075463 0.0768556 -0.0645056 -0.0566513 -0.0849903 0.0990348 0.00096978 -0.00650982 0.0331809 0.0287782 0.0380518 0.0873143 0.00434187 -0.0829022 0.0697826 -0.0429235 -0.0545095 -0.00480947 -0.07927 -0.0156899 -0.0265347 0.0694063 0.0298458 0.0277078 -0.0895011 -0.0384968 -0.0371182 0.00332953 -0.00130072 0.0474416 -0.0498348 0.0800183 -0.0714412 0.0921568 -0.0923459 0.0819454 -0.00232707 0.0927386 -0.0626339 
-0.0578615 0.022593 -0.0349869 0.0752412 -0.0775861 0.0148445 -0.0555394 -0.0163872 0 -0.0665682 0.0697284 -0.0933451 0.0476438 0.00872794 -0.0234641 -0.00263747 0.0467103 -0.0839281 -0.0461836 -0.0657289 -0.0944573 0.033292 -0.0938791 -0.0787473 0.0664067 0.0541931 0.0600061 -0.0405419 0.0131115 -0.00164374 0.0780526 -0.0548246 -0.0201731 0.00712204 -0.0194045 0.0354792 0.0346225 0.0480924 -0.0199644 -0.0811271 -0.0212809 0.0798011 -0.050457 0.0436205 -0.0270604 0.0886957 -0.0497459 -0.0049665 0.0257277 -0.0519753 0.0244554 0.00269306 0.096271 0.00165081 -0.00906002 0.0953488 0.0605221 0.00346807 0.0441572 -0.0305243 -0.0209827 0.0474622 0.0376589 -0.0357736 0.00321174 0.0750994 -0.0489296 0.0960457 -0.0419034 -0.0265466 -0.0841871 0.0910287 0.0401487 -0.0732121 0.028472 -0.0328273 
-0.0960968 0.0531545 0.0342014 0.0248882 0.0630743 0.0626375 0.0401322 0.0253229 0.0665682 0 -0.00694169 0.0105592 0.0760246 0.0289303 -0.0435329 -0.0812395 -0.033468 -0.0605349 -0.084989 -0.0866331 0.0183121 -0.0991656 0.0846038 0.0347002 -0.028314 0.068623 -0.0735673 -0.0500547 0.0643002 -0.0460158 -0.00354046 0.041487 -0.0821615 0.0748048 -0.0811763 -0.071376 0.0349541 0.0471895 -0.0382092 -0.0693826 0.0208096 0.0584812 0.0515641 -0.0154326 0.00908724 -0.0106694 -0.0764969 -0.0749823 -0.022596 0.0240714 -0.0423777 0.0468747 0.082231 0.0653687 -0.000189459 0.078905 0.0556372 0.066855 0.0634954 0.0146207 0.0181354 0.018099 -0.0680672 0.0211788 -0.0712189 0.0585912 -0.0997694 0.0693779 -0.0826987 0.0111883 -0.0725022 -0.0892354 0.071215 0.00574727 0.0859054 -0.0123235 
-0.0562291 -0.0392052 0.0925513 -0.00804737 0.00261761 -0.0166549 -0.0416529 0.0139652 -0.0697284 0.00694169 0 0.0732886 -0.0139266 -0.0141906 -0.0721081 -0.0185871 0.0796335 0.0179016 0.00387509 -0.0766557 0.0213448 -0.0265555 -0.0887757 0.0764805 -0.0369082 -0.0721061 0.0124846 -0.0913839 -0.0542336 0.0527647 -0.0811546 -0.0680961 0.0721317 0.0181192 -0.0746747 0.0689707 -0.022512 0.00914981 0.0238324 0.0964489 -0.00204545 0.0548188 0.0969778 0.0998412 -0.0118658 -0.000356942 0.0818816 0.00812156 -0.0204239 0.00961518 0.0211097 0.0216131 0.0398641 -0.0843002 -0.0859281 -0.0948743 -0.0256404 0.038081 0.0962274 0.0764451 0.0499234 0.0219328 0.0192553 0.0455124 0.0559338 -0.026876 -0.0806762 0.0191903 0.0111367 0.0362508 -0.00948165 0.0806998 0.0323723 0.0275976 -0.0902467 0.0742093 
0.0216434 -0.0361851 -0.0475044 -0.0452641 0.0455584 0.0980957 0.0867149 0.00346348 0.0933451 -0.0105592 -0.0732886 0 -0.0691378 0.0776785 -0.0971494 -0.0646728 -0.0763185 -0.0311747 0.0678356 -0.0810213 0.00350669 -0.0150381 -0.0594686 0.0248546 0.0942879 -0.0537319 0.0422573 -0.022986 -0.0911674 -0.0915444 0.0945543 0.0428784 -0.0946227 0.0519333 0.0852811 -0.00382489 -0.095272 -0.0564148 0.0468088 -0.0934464 0.0864658 0.044888 0.0254273 0.0946464 0.00113299 -0.0826015 0.0775084 -0.0127767 -0.00656637 0.0623583 -0.0482152 -0.000459917 -0.0827256 0.0188185 0.0932826 -0.0748426 0.0661112 0.0239438 0.0242868 0.0869304 -0.0673761 -0.0525184 -0.0995087 0.089975 0.0739485 -0.00324551 -0.0129421 0.0313058 -0.0791683 0.0129874 -0.00284362 0.0594643 0.00703043 -0.0831042 -0.0539039 -0.0533064 
0.00526308 0.0736289 -0.0151685 0.0469919 -0.0547882 -0.00888031 0.0746785 -0.00325827 -0.0476438 -0.0760246 0.0139266 0.0691378 0 0.0120663 -0.00153295 -0.0654341 -0.035232 -0.0541723 -0.0167914 -0.0636339 -0.00859823 -0.0874587 0.044075 0.0587483 -0.0035815 0.055791 0.0617622 0.065754 0.00843147 0.0913634 -0.0615564 0.0550785 -0.0777182 0.0389753 -0.0484771 -0.0207791 -0.0823774 -0.0120261 -0.07576 -0.0630883 -0.0434054 -0.0916165 0.0707622 0.0267276 0.0144719 0.00844945 -0.0753654 -0.0107977 0.0862209 -0.0795815 -0.0319441 0.0311558 0.0206977 -0.0811375 -0.0734524 -0.0160285 -0.0140009 -0.0905394 -0.0281515 -0.0247661 -0.0657181 -0.0490763 -0.0454972 -0.0346121 0.0170595 0.0973665 -0.0713549 0.0345217 -0.0427732 -0.0988821 0.0104392 -0.0296491 0.091572 0.0389712 0.0353764 0.0551644 
0.0624658 0.0546525 -0.0914594 -0.0804359 0.0293846 0.0461465 0.0238503 0.0587047 -0.00872794 -0.0289303 0.0141906 -0.0776785 -0.0120663 0 -0.0321303 0.0723137 -0.051887 -0.0266545 -0.0847262 -0.0194412 -0.0552779 0.0188468 0.0118559 -0.0521604 -0.0876905 0.0894042 -0.0421358 0.0449626 0.0795157 -0.042297 0.0352208 0.0189399 0.0207668 -0.0213127 0.0882559 -0.0619371 -0.0842333 0.0924127 0.0858486 -0.0892149 0.064702 0.0533418 0.0354323 0.0980236 -0.0430274 -0.043273 -0.053896 0.000857902 0.0979321 0.00112312 -0.0686781 0.0308359 0.0521402 0.0561007 0.0388921 -0.0384108 -0.0126755 0.0243701 0.0191861 0.057094 0.0179815 0.0564066 -0.0059348 0.0105054 -0.0578691 -0.0745586 0.0194118 -0.00979875 -0.00914385 -0.0556151 0.047505 0.0929031 0.0558866 0.0518247 0.0221288 -0.00244418 
-0.00655994 0.00390699 0.00552957 -0.0275174 0.0622862 -0.080673 0.0558407 -0.0307939 0.0234641 0.0435329 0.0721081 0.0971494 0.00153295 0.0321303 0 -0.077584 0.0313978 0.00562304 0.0408331 0.0568288 -0.047381 -0.00342599 0.00197448 -0.0865556 -0.0781017 -0.0959931 0.0762225 -0.0261552 0.0900562 -0.0484502 -0.0791914 -0.0472453 0.0924727 0.00159764 -0.0502039 -0.0388542 -0.0911069 0.00610219 -0.0877737 -0.0552084 0.0733856 -0.0779003 0.0539953 0.0826052 -0.0249365 -0.0340539 0.00490983 -0.0828937 -0.0494826 0.0374368 -0.0608669 -0.0584654 -0.0683124 0.0228254 0.0283901 0.0904788 -0.0471848 -0.0647902 0.0330207 -0.00322365 -0.0997961 0.0349774 0.0803368 0.0975672 0.0377386 0.0319018 0.0989447 -0.0663138 0.0690879 -0.0440871 -0.0671504 0.0102168 -0.00810039 0.0577558 0.0941107 -0.0308738 
0.0704467 0.0473342 0.019552 -0.0293316 -0.00832887 0.047477 0.0580389 0.0521846 0.00263747 0.0812395 0.0185871 0.0646728 0.0654341 -0.0723137 0.077584 0 -0.0997834 0.0897224 0.096411 0.0933496 -0.00981343 -0.0844899 -0.0401859 -0.0253895 0.0354469 0.0294579 0.0583135 -0.00823662 0.093518 0.0887478 0.0903703 -0.0473295 -0.0974494 0.0123289 0.0881883 0.0580116 -0.0709062 0.033309 -0.0929474 -0.00401747 -0.0574244 -0.0881412 0.08875 0.0216789 0.0184836 0.017267 0.0363091 -0.0177871 0.0879194 -0.0156958 -0.0683457 0.0265032 0.0796003 -0.0760668 0.0612232 -0.0123465 0.0441413 -0.0395319 -0.0239579 -0.0178328 0.0167876 -0.0144714 0.0414439 0.0852802 0.0967507 0.040245 0.0695567 0.0523649 -0.0386239 -0.0838574 -0.0429352 0.0413098 -0.0538852 0.069596 -0.030715 0.0177511 
-0.0950622 0.0584382 -0.0381467 -0.0745143 0.0517264 0.053116 -0.00828889 8.38476e-05 -0.0467103 0.033468 -0.0796335 0.0763185 0.035232 0.051887 -0.0313978 0.0997834 0 -0.0123359 0.0572464 0.0721281 0.0401867 0.090995 -0.0745612 -0.0661225 0.0221472 -0.0248881 0.0345702 -0.00227678 -0.089264 0.0595129 -0.0155538 -0.0143666 0.0935403 0.0951213 0.0296633 -0.0318297 0.0875302 0.0520773 0.0961004 -0.0194744 0.0231306 0.00919382 0.0834399 -0.00109803 0.0236609 -0.00866409 0.0980176 0.0769108 -0.0402228 -0.0134986 -0.000589489 -0.0623865 -0.0902496 -0.0610665 0.0433509 -0.0744343 0.092621 -0.0482039 -0.0158681 0.06474 -0.0380248 -0.0460908 0.0246507 -0.0562398 0.0912067 -3.36591e-05 -0.0287333 -0.0583233 0.0782555 0.0892008 0.0850831 0.0294171 -0.0443599 -0.000609656 -0.0770251 0.0297632 
-0.0235402 -0.08162 0.0846576 -0.0346416 -0.0203033 -0.0847136 0.0130691 0.0292503 0.0839281 0.0605349 -0.0179016 0.0311747 0.0541723 0.0266545 -0.00562304 -0.0897224 0.0123359 0 0.0358204 0.0141521 0.0261913 -0.0462235 0.0379389 0.0153671 -0.0390866 -0.0678657 -0.0247626 -0.0540821 -0.00622799 0.0555303 0.00812075 -0.0748457 -0.0887753 0.0908589 -0.0974903 0.00494296 -0.0739971 0.0175406 -0.0819844 0.00549087 0.0795086 0.0217008 0.090296 -0.0856577 -0.0604712 -0.0672191 -0.0658999 0.021409 -0.0856108 0.0509886 -0.0773819 -0.0785231 0.0041836 -0.037637 0.0930057 -0.0332004 0.0981476 0.0413792 -0.0437658 -0.0698278 0.0106338 0.00808624 -0.00793374 0.0946305 0.010377 -0.0339453 -0.0381476 0.00835196 -0.0578181 0.0603323 0.0975143 -0.0707518 0.0539666 -0.098626 -0.0318885 -0.00101293 
0.0080859 -0.0471086 -0.0540533 0.0981615 -0.0338432 0.0144784 0.0949148 -0.059983 0.0461836 0.084989 -0.00387509 -0.0678356 0.0167914 0.0847262 -0.0408331 -0.096411 -0.0572464 -0.0358204 0 -0.026164 0.0624691 -0.0237834 0.0202909 0.0492914 0.069439 -0.00629617 0.0964515 -0.0890568 -0.0124317 -0.0278569 0.0299255 0.0958334 -0.083495 -0.0529237 -0.022961 -0.0955527 0.00756945 0.051785 -0.0158885 -0.0710969 0.0876944 -0.00864595 0.0898747 0.0413556 -0.0751495 0.0273671 0.0599675 0.0749132 0.0093632 0.0766763 -0.0881743 0.0996821 0.0642768 -0.0331149 -0.0176732 -0.0211904 0.0464702 -0.0920449 -0.0380864 -0.0560415 0.047669 0.0709375 -0.0659428 -0.0627264 0.0340759 0.0479244 -0.00680158 -0.018178 -0.0156218 0.0271335 -0.045668 -0.0355793 0.0246211 0.017226 -0.0534923 0.078625 
0.0882806 -0.044968 -0.0355942 0.0731184 -0.0960801 0.0045333 -0.0721293 0.00174331 0.0657289 0.0866331 0.0766557 0.0810213 0.0636339 0.0194412 -0.0568288 -0.0933496 -0.0721281 -0.0141521 0.026164 0 0.0404121 -0.02069 -0.0775093 -0.0303848 -0.0502961 0.0977329 -0.0877083 0.0518893 0.0347038 0.0601301 0.0407563 0.0941647 0.0791633 -0.0420672 0.0377669 0.0558662 -0.0309649 0.0214869 0.0729793 -0.0107685 0.0186458 0.0321528 0.0468799 -0.0537377 0.0310439 -0.0897176 0.0812333 -0.0490416 0.00115794 -0.0902204 0.0651338 0.0505861 -0.0584097 0.0446177 0.0560749 0.0978456 0.0387581 0.049991 -0.0372744 -0.0510044 -0.0530064 -0.050091 0.00692761 0.0703038 0.0770714 -0.087078 -0.00656375 -0.0398295 0.0159304 0.0379242 -0.0302474 0.00163725 0.0654764 0.0760189 -0.0753813 0.0752003 
-0.0379755 -0.07192 0.081795 -0.0163187 -0.0699646 -0.092363 -0.000229337 -0.00684809 0.0944573 -0.0183121 -0.0213448 -0.00350669 0.00859823 0.0552779 0.047381 0.00981343 -0.0401867 -0.0261913 -0.0624691 -0.0404121 0 0.0828496 -0.00723277 -0.0796922 -0.0989231 -0.0752581 -0.0344321 0.0723061 0.0199854 -0.0772595 0.0810398 -0.036984 0.0112867 0.00489437 -0.0395463 -0.0235556 -0.000146318 -0.0419495 0.0652063 0.0615561 0.000392843 0.018325 0.0809968 0.017686 0.0548702 0.095057 -0.0620703 -0.0582935 0.0315768 0.0849629 -0.0347299 -0.0396177 0.0834944 -0.0984707 -0.0197326 0.0147283 0.0669107 -0.0760749 0.0486251 -0.0436133 0.06551 -0.0168142 0.0374142 -0.0424569 0.0210594 0.0659716 0.0498759 -0.081125 -0.0760071 -0.049879 0.0967968 -0.0499852 -0.0314884 0.0346283 0.081838 -0.0224955 
0.0116956 -0.0181194 -0.0891836 0.0460349 0.0624102 0.0227593 0.0393181 0.0164789 -0.033292 0.0991656 0.0265555 0.0150381 0.0874587 -0.0188468 0.00342599 0.0844899 -0.090995 0.0462235 0.0237834 0.02069 -0.0828496 0 0.00303751 0.096356 -0.0131773 0.0354032 0.0686743 -0.0701819 -0.0325698 -0.0471359 0.00360392 0.0209441 0.0621938 0.00596234 -0.0773699 0.00625987 -0.0410661 0.0171732 0.0556088 -0.0854493 -0.0380805 0.0430933 -0.0551701 0.098755 0.0368207 -0.0122165 0.0387988 0.0723561 -0.0953239 -0.0697609 -0.0855787 -0.0540204 -0.0102633 0.0458233 -0.0280709 0.00274896 0.0729092 0.0225595 0.022916 -0.0253786 0.0863672 -0.0719117 -0.0929152 -0.0542149 0.00837104 -0.0359791 0.0258176 -0.0132473 -0.0247648 -0.0922265 0.0451048 0.00359983 -0.00174008 -0.0232948 -0.0194298 0.0345872 
0.052215 -0.0488033 0.00531401 -0.0665832 0.00736219 -0.0893762 -0.0229727 -0.0683172 0.0938791 -0.0846038 0.0887757 0.0594686 -0.044075 -0.0118559 -0.00197448 0.0401859 0.0745612 -0.0379389 -0.0202909 0.0775093 0.00723277 -0.00303751 0 0.0542091 -0.0159792 0.0868641 0.0760658 -0.0432349 -0.0252014 -0.0509917 0.0765841 -0.0891542 0.0656983 -0.0252329 -0.0527155 -0.0247776 0.0128195 0.0269217 -0.0227255 -0.0278024 0.065858 -0.00570804 -0.00705946 0.087863 0.095757 -0.0418484 -0.0905025 -0.0937855 -0.0959908 0.086047 -0.0232755 0.0992193 0.0970717 -0.0360471 -0.0974459 0.0916174 -0.0587215 0.0568309 0.0211908 0.0501154 -0.0839942 -0.00411313 0.0171141 -0.0824757 -0.0906448 0.0340977 -0.0202778 -0.0188481 -0.027977 0.024415 0.0373579 0.0730294 -0.0824545 -0.0954638 0.0813057 -0.00633204 
0.0480968 -0.0639833 -0.0259817 0.0762363 -0.0663838 0.0285893 0.047768 0.063194 0.0787473 -0.0347002 -0.0764805 -0.0248546 -0.0587483 0.0521604 0.0865556 0.0253895 0.0661225 -0.0153671 -0.0492914 0.0303848 0.0796922 -0.096356 -0.0542091 0 -0.0807652 0.00810203 -0.0388095 -0.0595471 -0.0522409 0.0548914 -0.0344567 0.00469687 0.0405637 -0.0487295 -0.051017 -0.0648671 0.00284812 -0.0740052 -0.0932114 0.0722977 0.0202051 -0.00308162 0.0469411 0.04169 -0.00985514 -0.0999355 -0.0438702 0.0881195 -0.0454733 -0.0573105 0.0171321 -0.0533539 0.0333934 -0.0283144 -0.0754693 -0.0026535 -0.00833339 0.0932496 -0.0312169 0.0546792 -0.0264446 -0.00607593 -0.0304807 0.0305781 -0.00877555 0.0354659 -0.0362837 0.00169914 -0.0827456 -0.0148514 -0.0591815 0.0426157 -0.0485196 0.0642449 -0.0196059 0.00219614 
0.0749433 0.0839261 -0.0413103 0.0103499 0.0838435 0.0411112 -0.068399 -0.0305138 -0.0664067 0.028314 0.0369082 -0.0942879 0.0035815 0.0876905 0.0781017 -0.0354469 -0.0221472 0.0390866 -0.069439 0.0502961 0.0989231 0.0131773 0.0159792 0.0807652 0 -0.0719714 0.0764217 -0.00142367 -0.0384598 0.090876 0.0519175 -0.0598309 0.0406375 0.0787699 0.0600817 -0.0931271 -0.00978305 -0.00280348 -0.0820692 0.0884413 0.0364732 0.082657 -0.0233338 0.0274619 0.000102101 -0.0301413 -0.0410467 -0.0257582 -0.0681942 -0.0977573 0.0411683 0.0937331 0.0466048 0.0219123 0.0107808 0.0122971 -0.0229672 -0.0699687 0.00643531 0.0821024 0.0372971 -0.0670009 0.0817724 -0.0336086 0.0271861 -0.0575246 -0.0673638 -0.087169 0.0636366 0.0563834 0.0299696 -0.0543996 0.0244051 0.0631186 -0.00842574 0.0582225 
0.0932592 -0.0667957 0.00172921 0.0555015 -0.0531184 -0.0836048 0.0498497 0.0541711 -0.0541931 -0.068623 0.0721061 0.0537319 -0.055791 -0.0894042 0.0959931 -0.0294579 0.0248881 0.0678657 0.00629617 -0.0977329 0.0752581 -0.0354032 -0.0868641 -0.00810203 0.0719714 0 0.00118302 -0.0974246 0.0888319 -0.0437892 -0.0182188 0.0565953 0.0192879 -0.00091726 -0.0653521 0.0954741 -0.0156198 -0.0301545 0.0161436 -0.0503946 -0.0774808 -0.0129759 -0.0270162 0.00691649 0.0915668 0.0798736 0.0885417 -0.0393795 0.0852344 -0.0554934 0.0304233 -0.0294902 0.073529 -0.0304954 0.031404 0.000503942 -0.0187957 0.0869114 0.077597 0.0772782 0.0423791 -0.0451131 -0.0495426 -0.0802474 0.00015911 0.0644169 -0.0476674 -0.0217777 0.00288891 -0.0637959 0.0166292 0.0390464 -0.00231817 0.00314823 0.0665671 0.0567764 
-0.0153648 0.0468649 0.0599455 0.0767768 0.0324125 0.0426245 -0.0754927 -0.0807883 -0.0600061 0.0735673 -0.0124846 -0.0422573 -0.0617622 0.0421358 -0.0762225 -0.0583135 -0.0345702 0.0247626 -0.0964515 0.0877083 0.0344321 -0.0686743 -0.0760658 0.0388095 -0.0764217 -0.00118302 0 0.0839288 0.0391304 0.0079115 -0.0750906 -0.0375343 -0.0411604 -0.0441277 0.0351739 0.00407079 0.0238764 0.0862769 0.0846597 0.0173145 -0.0966379 -0.0775336 -0.0417348 0.0453868 -0.0323437 -0.0352311 0.0227791 -0.0700981 0.06316 0.0401554 -0.081212 0.0642118 0.0994442 -0.0124092 0.0784921 0.0711504 0.032986 0.0185989 0.0988423 -0.0304962 -0.0551233 -0.0429712 0.0956414 0.0572534 -0.0379588 0.0264445 0.0489436 -0.0918642 -0.00719481 0.0875823 0.0693809 0.0709637 0.0831376 -0.000899285 0.0768303 0.00608073 
0.0399446 -0.0965776 0.0938895 0.0392445 0.0451639 -0.0152936 -0.0131247 -0.0998681 0.0405419 0.0500547 0.0913839 0.022986 -0.065754 -0.0449626 0.0261552 0.00823662 0.00227678 0.0540821 0.0890568 -0.0518893 -0.0723061 0.0701819 0.0432349 0.0595471 0.00142367 0.0974246 -0.0839288 0 -0.00749152 0.0555676 -0.0782478 0.0150135 -0.0149354 -0.000927232 -0.0369852 0.0205574 0.0358484 0.0102406 -0.0664493 -0.095731 -0.0396253 0.00953921 0.0301963 -0.0901244 -0.0288264 -0.0299419 0.0105134 -0.00789023 0.0930846 -0.0878801 -0.00642768 0.0107959 -0.0549612 -0.032827 -0.0555827 -0.0932788 -0.07038 0.0757049 -0.0227298 0.0198943 0.0840883 -0.0876616 0.0287049 -0.0179397 0.0675169 -0.0689697 0.0728566 0.0832472 -0.0845868 -0.0475388 -0.0156389 -0.0958409 0.0228408 0.0558335 -0.0865962 -0.0335975 
-0.056673 0.0585385 0.0437058 -0.0644648 -0.0369003 0.0173349 -0.0870992 0.0964112 -0.0131115 -0.0643002 0.0542336 0.0911674 -0.00843147 -0.0795157 -0.0900562 -0.093518 0.089264 0.00622799 0.0124317 -0.0347038 -0.0199854 0.0325698 0.0252014 0.0522409 0.0384598 -0.0888319 -0.0391304 0.00749152 0 -0.0581234 -0.0804744 -0.00830432 0.0914871 -0.0464444 0.00923687 0.0813299 -0.0979066 0.0534515 0.0546296 0.0397691 -0.0142639 0.0456091 0.0436953 -0.031662 0.0437194 -0.00374178 0.0416847 0.0529782 -0.0119201 -0.0326424 -0.0188804 0.0934474 -0.0233668 0.0225213 -0.0223628 -0.0359442 0.0263251 0.0950381 -0.0335158 -0.0313605 0.0642631 -0.0527422 0.0624653 -0.0816369 0.0773164 0.0986911 0.0207971 0.001617 0.0940355 -0.0590623 0.0179212 0.0301871 -0.0741613 -0.0374694 0.0120546 0.0408603 
0.0694607 -0.0170527 -0.0787986 -0.0117732 -0.0757993 0.0589202 0.0856768 -0.00844803 0.00164374 0.0460158 -0.0527647 0.0915444 -0.0913634 0.042297 0.0484502 -0.0887478 -0.0595129 -0.0555303 0.0278569 -0.0601301 0.0772595 0.0471359 0.0509917 -0.0548914 -0.090876 0.0437892 -0.0079115 -0.0555676 0.0581234 0 0.0708025 0.0656047 0.0540473 -0.0406791 0.0273167 0.0400563 0.0688211 0.072182 0.0793399 0.0781186 -0.0640216 -0.0504923 -0.0494079 -0.00173492 -0.071898 0.0662772 0.0122616 -0.0723039 -0.0368718 0.0258172 -0.0483962 -0.0944526 0.0616467 0.0912005 -0.00257785 -0.0142177 0.0319749 -0.0134548 0.0720481 -0.0538943 -0.0133943 0.059719 0.0502191 -0.0484027 -0.0317496 0.0530173 -0.0776975 -0.00208484 -0.00668337 0.0495646 0.00914501 -0.0119916 -0.0443857 0.0784249 0.0206115 -0.0401251 
-0.081275 -0.0429783 0.0533421 0.0328282 0.0118115 0.0496926 0.00339818 -0.0516162 -0.0780526 0.00354046 0.0811546 -0.0945543 0.0615564 -0.0352208 0.0791914 -0.0903703 0.0155538 -0.00812075 -0.0299255 -0.0407563 -0.0810398 -0.00360392 -0.0765841 0.0344567 -0.0519175 0.0182188 0.0750906 0.0782478 0.0804744 -0.0708025 0 0.0143237 0.075632 0.0382728 -0.017155 0.0878674 -0.059799 -0.0317841 -0.0209951 -0.0750379 -0.0082038 0.00180247 -0.0722515 -0.0234866 -0.0150432 0.0505501 -0.0947754 -0.0744408 0.0119927 0.0291032 -0.0783396 -0.0692521 -0.0330429 -0.0413138 -0.00958738 -0.0192309 -0.0539346 -0.00412454 -0.0468652 0.0250345 -0.0603385 0.0248603 -0.022971 0.0529278 0.0247282 0.0584778 -0.0923063 -0.0143432 0.0632879 -0.0432559 -0.0802638 0.0629007 -0.0042778 -0.0952588 0.0348311 0.0441574 
-0.0223092 -0.0562865 0.0198059 -0.0656395 -0.0242241 0.0754784 0.024849 -0.0560319 0.0548246 -0.041487 0.0680961 -0.0428784 -0.0550785 -0.0189399 0.0472453 0.0473295 0.0143666 0.0748457 -0.0958334 -0.0941647 0.036984 -0.0209441 0.0891542 -0.00469687 0.0598309 -0.0565953 0.0375343 -0.0150135 0.00830432 -0.0656047 -0.0143237 0 0.0101095 -0.0925783 -0.0723849 0.0104858 0.0442434 -0.0424666 0.0734081 -0.0245604 0.0198245 -0.0928076 -0.021499 0.0894312 0.0613935 0.0238507 -0.0594664 -0.0767638 0.0661263 0.0463767 0.0551072 -0.0821616 0.0721623 -0.0718785 -0.0130506 0.0868265 -0.000526161 0.0910024 0.0471439 -0.0459788 0.0634053 0.0756877 0.0926469 0.0690927 -0.0870529 -0.0786457 0.0362474 0.0068653 0.0375974 0.0846908 0.0828395 0.0642854 -0.0174669 0.0082269 0.0505033 -0.0886681 
0.0642631 0.023056 -0.0547931 -0.00572182 0.0839056 0.0682786 0.0240982 0.0723162 0.0201731 0.0821615 -0.0721317 0.0946227 0.0777182 -0.0207668 -0.0924727 0.0974494 -0.0935403 0.0887753 0.083495 -0.0791633 -0.0112867 -0.0621938 -0.0656983 -0.0405637 -0.0406375 -0.0192879 0.0411604 0.0149354 -0.0914871 -0.0540473 -0.075632 -0.0101095 0 -0.000155097 -0.0385468 -0.0337788 -0.0746012 -0.0327034 0.0332841 0.0993276 -0.0440068 -0.0684834 -0.0678123 -0.0216823 0.0578883 0.0168245 0.0992481 0.0566234 -0.058072 -0.0347553 0.0753831 -0.0899347 -0.039829 -0.00355827 0.0915533 -0.0750197 -0.0216713 -0.0406289 -0.0454697 -0.0732837 0.0354105 0.0435258 -0.00381479 0.0768784 0.0885629 0.0245128 -0.0131002 0.0946723 0.0110363 0.0159958 -0.0484573 -0.069854 -0.0585618 0.0584243 -0.0172859 -0.0613511 
-0.0405594 0.0975287 0.0636638 -0.0676453 -0.0468746 -0.0810061 0.024193 -0.0756139 -0.00712204 -0.0748048 -0.0181192 -0.0519333 -0.0389753 0.0213127 -0.00159764 -0.0123289 -0.0951213 -0.0908589 0.0529237 0.0420672 -0.00489437 -0.00596234 0.0252329 0.0487295 -0.0787699 0.00091726 0.0441277 0.000927232 0.0464444 0.0406791 -0.0382728 0.0925783 0.000155097 0 0.0645381 -0.0137922 0.0875969 -0.0625197 0.0870592 0.0886348 -0.0859133 -0.00428823 -0.0764133 -0.0723608 -0.0974677 -0.0496183 0.0367512 -0.0458403 0.0624748 -0.0193067 -0.0521114 -0.0128354 -0.0707773 0.0195805 -0.0215345 0.00457878 -0.0940594 0.0174015 0.0311308 0.017846 -0.0750757 -0.0461193 0.0400231 -0.0540737 0.066291 0.0224592 0.0866616 0.0951752 -0.0207639 -0.0672392 0.0538374 0.0916562 -0.0600983 -0.0534047 0.0249709 0.0201159 
-0.0357184 0.0876307 -0.0971583 -0.0738584 0.0603107 0.0267004 -0.0929882 0.0754009 0.0194045 0.0811763 0.0746747 -0.0852811 0.0484771 -0.0882559 0.0502039 -0.0881883 -0.0296633 0.0974903 0.022961 -0.0377669 0.0395463 0.0773699 0.0527155 0.051017 -0.0600817 0.0653521 -0.0351739 0.0369852 -0.00923687 -0.0273167 0.017155 0.0723849 0.0385468 -0.0645381 0 0.0478841 -0.0964559 -0.0508617 0.0391415 0.0381488 -0.0116485 0.056984 -0.0311294 0.00646097 0.04677 -0.076424 0.0582295 -0.068492 -0.0660456 0.0108515 0.0953771 0.0669595 0.0871314 0.0516386 0.0943665 -0.0241897 0.0273736 -0.0642762 0.0277866 0.0814664 -0.000786346 0.0110531 0.0417156 -0.0423251 0.0708802 -0.0654595 0.0514125 0.0128876 0.0629445 0.00693471 -0.0228508 0.00921391 0.00201414 0.0850914 -0.0384101 0.0369536 
-0.00071986 0.0622216 -0.0567544 -0.07746 0.0285895 0.00500481 0.0621239 0.0626609 -0.0354792 0.071376 -0.0689707 0.00382489 0.0207791 0.0619371 0.0388542 -0.0580116 0.0318297 -0.00494296 0.0955527 -0.0558662 0.0235556 -0.00625987 0.0247776 0.0648671 0.0931271 -0.0954741 -0.00407079 -0.0205574 -0.0813299 -0.0400563 -0.0878674 -0.0104858 0.0337788 0.0137922 -0.0478841 0 0.071793 -0.0716801 -0.0810913 0.0410741 -0.024116 0.0170322 -0.0493303 -0.0328075 -0.0281058 0.0128524 0.085719 -0.0968593 0.0351008 0.0420546 -0.0321054 -0.00643566 -0.0896396 -0.0774073 -0.0649531 -0.058911 -0.0429889 0.0880829 0.0288141 -0.00987902 -0.0955139 0.0629081 0.063775 -0.053683 0.0592153 0.00459699 -0.0906086 0.0484779 0.00518032 -0.00334009 -0.0902693 0.0179568 0.0808618 0.0662352 -0.0370536 -0.0558106 
-0.085573 0.00884212 -0.0357759 -0.0454418 -0.0698461 -0.027621 -0.0623411 -0.0972801 -0.0346225 -0.0349541 0.022512 0.095272 0.0823774 0.0842333 0.0911069 0.0709062 -0.0875302 0.0739971 -0.00756945 0.0309649 0.000146318 0.0410661 -0.0128195 -0.00284812 0.00978305 0.0156198 -0.0238764 -0.0358484 0.0979066 -0.0688211 0.059799 -0.0442434 0.0746012 -0.0875969 0.0964559 -0.071793 0 0.0424692 0.0605649 0.0226409 -0.0720103 -0.0370658 -0.0918403 -0.0960648 0.0166064 0.0840075 0.0654534 -0.0580971 0.0976066 0.079509 0.0560236 -0.0316169 -0.0498191 -0.0738984 0.000407163 0.070694 -0.0787142 0.0566893 0.0828368 -0.064021 0.0515237 -0.00411984 0.0221816 0.0925286 0.0905815 0.00609492 0.0390209 0.0882761 0.0900724 0.0465512 -0.0733756 -0.0316145 0.0441535 0.0447026 0.091738 0.0393749 
0.00275461 -0.000864014 0.0363933 -0.0828812 0.0316615 0.0172807 -0.0549389 0.075463 -0.0480924 -0.0471895 -0.00914981 0.0564148 0.0120261 -0.0924127 -0.00610219 -0.033309 -0.0520773 -0.0175406 -0.051785 -0.0214869 0.0419495 -0.0171732 -0.0269217 0.0740052 0.00280348 0.0301545 -0.0862769 -0.0102406 -0.0534515 -0.072182 0.0317841 0.0424666 0.0327034 0.0625197 0.0508617 0.0716801 -0.0424692 0 0.014604 -0.0763388 0.0112825 0.00943577 0.0405912 -0.0895497 -0.0833194 -0.0892693 0.0975608 0.0517278 0.0148402 0.0303693 0.00107321 -0.0877986 -0.00718756 -0.0736675 0.0993343 0.0460188 0.0441155 -0.0639993 0.0914524 0.0213988 -0.00765579 -0.00916218 0.0794118 0.0810141 0.0739308 -0.0312494 0.0495387 -0.0486894 0.0721276 0.0745245 0.0738801 -0.0789659 -0.0938965 -0.0567536 0.0160101 -0.0849128 
-0.047695 -0.0310053 -0.0803329 -0.0972245 -0.0826322 -0.0505864 0.0773704 -0.0768556 0.0199644 0.0382092 -0.0238324 -0.0468088 0.07576 -0.0858486 0.0877737 0.0929474 -0.0961004 0.0819844 0.0158885 -0.0729793 -0.0652063 -0.0556088 0.0227255 0.0932114 0.0820692 -0.0161436 -0.0846597 0.0664493 -0.0546296 -0.0793399 0.0209951 -0.0734081 -0.0332841 -0.0870592 -0.0391415 0.0810913 -0.0605649 -0.014604 0 0.01404 0.0826996 -0.0353325 -0.0837039 -0.0631581 0.0297553 -0.0560406 -0.0445432 0.0155246 0.086901 0.0375549 0.0581508 0.0447078 0.0989111 -0.0426601 0.0734191 0.0982186 -0.0543854 0.00413616 -0.0229826 -0.0331415 0.0758335 0.0294792 -0.0142365 0.0438806 0.0618592 0.0586823 0.0482096 0.0695183 0.0885268 -0.097925 0.0677949 0.00598879 -0.088027 -0.0262977 0.00815367 0.00210619 
-0.0762542 0.0923568 0.0767604 0.0539014 0.0880774 0.0111954 0.0795371 0.0645056 0.0811271 0.0693826 -0.0964489 0.0934464 0.0630883 0.0892149 0.0552084 0.00401747 0.0194744 -0.00549087 0.0710969 0.0107685 -0.0615561 0.0854493 0.0278024 -0.0722977 -0.0884413 0.0503946 -0.0173145 0.095731 -0.0397691 -0.0781186 0.0750379 0.0245604 -0.0993276 -0.0886348 -0.0381488 -0.0410741 -0.0226409 0.0763388 -0.01404 0 0.0709861 0.0956275 -0.0285393 0.0529518 0.0202149 0.0456051 -0.05134 0.0250162 0.0199395 0.0235646 0.0358068 -0.0222154 -0.0376372 -0.0595222 0.0902977 -0.0419881 -0.0917452 -0.0669607 0.015372 0.094569 0.0431555 -0.0424802 -0.0851235 -0.0442732 -0.0562922 -0.0811067 -0.0119037 -0.0751262 -0.0540577 -0.0163564 0.0934837 -0.0429835 -0.0569092 0.0157061 0.0257203 -0.0298454 
-0.0258137 0.0865066 0.0628306 -0.0676331 0.039422 -0.0910579 -0.0936473 0.0566513 0.0212809 -0.0208096 0.00204545 -0.0864658 0.0434054 -0.064702 -0.0733856 0.0574244 -0.0231306 -0.0795086 -0.0876944 -0.0186458 -0.000392843 0.0380805 -0.065858 -0.0202051 -0.0364732 0.0774808 0.0966379 0.0396253 0.0142639 0.0640216 0.0082038 -0.0198245 0.0440068 0.0859133 0.0116485 0.024116 0.0720103 -0.0112825 -0.0826996 -0.0709861 0 -0.0956884 -0.0200792 -0.00621051 0.00318702 -0.0256517 -0.0177089 0.0619652 -0.0719143 0.0457365 -0.026231 -0.0581665 0.0328309 -0.035346 -0.00366869 0.0217952 -0.0813636 0.00982496 -0.0573847 0.0891955 -0.0915371 -0.0514415 -0.0192532 -0.0586119 -0.049636 0.0784755 -0.0164472 -0.0329726 0.0944222 -0.0592461 0.0649586 -0.0115658 -0.0334523 0.0380852 -0.00704378 0.089991 
-0.0402516 0.00276334 -0.0612068 0.0647029 -0.0324423 0.0945152 0.0516927 0.0849903 -0.0798011 -0.0584812 -0.0548188 -0.044888 0.0916165 -0.0533418 0.0779003 0.0881412 -0.00919382 -0.0217008 0.00864595 -0.0321528 -0.018325 -0.0430933 0.00570804 0.00308162 -0.082657 0.0129759 0.0775336 -0.00953921 -0.0456091 0.0504923 -0.00180247 0.0928076 0.0684834 0.00428823 -0.056984 -0.0170322 0.0370658 -0.00943577 0.0353325 -0.0956275 0.0956884 0 -0.0361786 -0.0494213 0.0187526 -0.0636184 -0.0589113 -0.00126212 -0.0202687 0.0484914 -0.0315478 0.0275254 -5.59242e-05 0.0456227 -0.0850562 0.0740702 0.0643175 0.0217719 -0.0544276 -0.0267897 0.0117041 0.0461667 -0.0635324 0.0208347 -0.04139 -0.0436459 -0.0948292 0.0630514 -0.0704986 0.053646 0.0812505 -0.0353551 0.0345711 -0.0189662 0.0777415 -0.0912792 
0.00517992 0.0893439 -0.0208168 -0.0352437 0.0747267 -0.0722043 -0.0678289 -0.0990348 0.050457 -0.0515641 -0.0969778 -0.0254273 -0.0707622 -0.0354323 -0.0539953 -0.08875 -0.0834399 -0.090296 -0.0898747 -0.0468799 -0.0809968 0.0551701 0.00705946 -0.0469411 0.0233338 0.0270162 0.0417348 -0.0301963 -0.0436953 0.0494079 0.0722515 0.021499 0.0678123 0.0764133 0.0311294 0.0493303 0.0918403 -0.0405912 0.0837039 0.0285393 0.0200792 0.0361786 0 0.0227933 0.0714312 0.0866075 -0.0827576 0.0888516 -0.00145684 0.0305939 -0.0924705 0.0665498 -0.0391209 0.00356391 0.0872509 -0.0619601 0.0928577 0.0804092 -0.045003 -0.0949164 -0.0978423 -0.020229 0.0943596 -0.0223175 -0.0660696 0.0130649 -0.064022 0.00866114 -0.0288271 -0.0951122 -0.0978597 -0.0808749 -0.0258451 -0.0735134 -0.0102988 0.0817838 
-0.0427359 0.0364396 0.0695979 -0.0853919 0.0887193 0.0955574 -0.0980164 -0.00096978 -0.0436205 0.0154326 -0.0998412 -0.0946464 -0.0267276 -0.0980236 -0.0826052 -0.0216789 0.00109803 0.0856577 -0.0413556 0.0537377 -0.017686 -0.098755 -0.087863 -0.04169 -0.0274619 -0.00691649 -0.0453868 0.0901244 0.031662 0.00173492 0.0234866 -0.0894312 0.0216823 0.0723608 -0.00646097 0.0328075 0.0960648 0.0895497 0.0631581 -0.0529518 0.00621051 0.0494213 -0.0227933 0 -0.058927 0.0954291 0.0615477 8.49725e-05 -0.0295407 -0.00412796 0.0458886 0.0980908 0.0686278 -0.0482634 0.0755228 -0.0408519 -0.0372542 0.0957608 -0.0524451 -0.00603039 0.0819008 0.0982604 -0.064904 -0.0611417 -0.093325 -0.0817932 -0.0812899 -0.0265036 -0.0437561 -0.0741745 -0.0857319 0.0213435 0.0792978 -0.0732935 0.0139188 0.068332 
0.0665594 0.0922116 -0.0261507 -0.066353 -0.0611937 0.00381566 0.0649233 0.00650982 0.0270604 -0.00908724 0.0118658 -0.00113299 -0.0144719 0.0430274 0.0249365 -0.0184836 -0.0236609 0.0604712 0.0751495 -0.0310439 -0.0548702 -0.0368207 -0.095757 0.00985514 -0.000102101 -0.0915668 0.0323437 0.0288264 -0.0437194 0.071898 0.0150432 -0.0613935 -0.0578883 0.0974677 -0.04677 0.0281058 -0.0166064 0.0833194 -0.0297553 -0.0202149 -0.00318702 -0.0187526 -0.0714312 0.058927 0 0.0541453 -0.018221 0.0575518 -0.015628 -0.0258872 0.0362096 -0.039423 0.0920929 0.0871634 -0.011843 0.0343608 -0.0366889 0.0656985 -0.0407497 0.0492274 0.097213 -0.044825 0.0639196 0.0534459 -0.0813825 -0.0709377 -0.0349574 0.0359913 0.0162194 0.0340256 0.0720161 -0.00403139 -0.0922863 0.0158125 0.0591439 0.0208913 
0.0271569 -0.068462 -0.0970696 0.0699529 -0.0146522 -0.0457453 -0.0416843 -0.0331809 -0.0886957 0.0106694 0.000356942 0.0826015 -0.00844945 0.043273 0.0340539 -0.017267 0.00866409 0.0672191 -0.0273671 0.0897176 -0.095057 0.0122165 0.0418484 0.0999355 0.0301413 -0.0798736 0.0352311 0.0299419 0.00374178 -0.0662772 -0.0505501 -0.0238507 -0.0168245 0.0496183 0.076424 -0.0128524 -0.0840075 0.0892693 0.0560406 -0.0456051 0.0256517 0.0636184 -0.0866075 -0.0954291 -0.0541453 0 -0.0155708 0.00688648 -0.0954125 -0.0554718 -0.0176008 0.0949114 0.0678125 0.078263 -0.0728849 0.0283015 -0.0337981 0.0583771 0.0821037 -0.0670765 0.0685325 0.048054 0.049461 0.0289694 0.0160442 0.0838419 -0.0408703 -0.0362564 0.0252969 -0.0469598 -0.0329888 -0.0278011 -0.0243348 0.0366456 -0.0809638 -0.0150855 
-0.0732768 0.0948582 -0.00861241 -0.0254049 0.0311849 0.0568649 0.0439187 -0.0287782 0.0497459 0.0764969 -0.0818816 -0.0775084 0.0753654 0.053896 -0.00490983 -0.0363091 -0.0980176 0.0658999 -0.0599675 -0.0812333 0.0620703 -0.0387988 0.0905025 0.0438702 0.0410467 -0.0885417 -0.0227791 -0.0105134 -0.0416847 -0.0122616 0.0947754 0.0594664 -0.0992481 -0.0367512 -0.0582295 -0.085719 -0.0654534 -0.0975608 0.0445432 0.05134 0.0177089 0.0589113 0.0827576 -0.0615477 0.018221 0.0155708 0 0.070409 0.0270277 0.0140686 0.067865 -0.0123981 -0.0563501 0.0535076 0.099671 0.0749764 0.0906269 0.0640305 -0.0168884 0.00315003 0.0657103 -0.0143341 -0.0966749 0.08727 -0.0932169 -0.0569645 -0.077605 0.0473392 -0.00426097 0.0785468 -0.0293418 0.0889117 0.0655035 -0.0107682 -0.0779811 -0.0860444 
-0.0515535 0.0323231 0.00375044 -0.0373472 0.0120197 -0.06951 -0.0887514 -0.0380518 0.0049665 0.0749823 -0.00812156 0.0127767 0.0107977 -0.000857902 0.0828937 0.0177871 -0.0769108 -0.021409 -0.0749132 0.0490416 0.0582935 -0.0723561 0.0937855 -0.0881195 0.0257582 0.0393795 0.0700981 0.00789023 -0.0529782 0.0723039 0.0744408 0.0767638 -0.0566234 0.0458403 0.068492 0.0968593 0.0580971 -0.0517278 -0.0155246 -0.0250162 -0.0619652 0.00126212 -0.0888516 -8.49725e-05 -0.0575518 -0.00688648 -0.070409 0 0.0178578 -0.0774906 0.0922692 -0.080153 0.0675117 -0.0580029 -0.0145812 -0.0207946 0.0531536 0.0988904 -0.0902435 0.0988681 -0.0584708 -0.0243732 0.0578043 0.0448003 0.00271653 0.0310932 0.0362258 0.0102029 0.0858683 0.048021 0.0543805 -0.086687 0.082938 0.0952014 -0.0308507 -0.00638096 
-0.0319521 0.0296663 -0.0880226 -0.000991714 0.0398567 -0.0851061 -0.0737738 -0.0873143 -0.0257277 0.022596 0.0204239 0.00656637 -0.0862209 -0.0979321 0.0494826 -0.0879194 0.0402228 0.0856108 -0.0093632 -0.00115794 -0.0315768 0.0953239 0.0959908 0.0454733 0.0681942 -0.0852344 -0.06316 -0.0930846 0.0119201 0.0368718 -0.0119927 -0.0661263 0.058072 -0.0624748 0.0660456 -0.0351008 -0.0976066 -0.0148402 -0.086901 -0.0199395 0.0719143 0.0202687 0.00145684 0.0295407 0.015628 0.0954125 -0.0270277 -0.0178578 0 0.0737822 0.0569067 -0.0639178 0.0979219 0.0358379 -0.0936181 0.0188093 0.00351579 -0.0324699 -0.0868793 0.0779697 0.0604934 -0.050472 -0.0208131 0.0868575 0.0322102 0.0770608 -0.0372587 -0.0685809 -0.0654811 -0.0286862 -0.0151578 -0.07995 0.0575632 0.0289581 0.0455351 0.0405414 
0.0901115 0.0495562 -0.0448364 -0.0185746 0.0359763 0.0992207 -0.0172344 -0.00434187 0.0519753 -0.0240714 -0.00961518 -0.0623583 0.0795815 -0.00112312 -0.0374368 0.0156958 0.0134986 -0.0509886 -0.0766763 0.0902204 -0.0849629 0.0697609 -0.086047 0.0573105 0.0977573 0.0554934 -0.0401554 0.0878801 0.0326424 -0.0258172 -0.0291032 -0.0463767 0.0347553 0.0193067 -0.0108515 -0.0420546 -0.079509 -0.0303693 -0.0375549 -0.0235646 -0.0457365 -0.0484914 -0.0305939 0.00412796 0.0258872 0.0554718 -0.0140686 0.0774906 -0.0737822 0 -0.0275611 0.0746249 0.017296 -0.0105904 -0.0881364 0.0363146 -0.0076883 -0.0757139 -0.00632187 0.00843224 0.018231 -0.0756701 -0.0697686 0.0089501 0.0141044 -0.0651439 -0.0899246 0.043608 -0.0760869 -0.0879903 -0.0474135 0.082974 -0.0904369 -0.0639787 -0.0134892 0.0991821 
-0.0316685 0.09399 0.0462161 -0.0706375 0.0788976 -0.0543948 -0.0156592 0.0829022 -0.0244554 0.0423777 -0.0211097 0.0482152 0.0319441 0.0686781 0.0608669 0.0683457 0.000589489 0.0773819 0.0881743 -0.0651338 0.0347299 0.0855787 0.0232755 -0.0171321 -0.0411683 -0.0304233 0.081212 0.00642768 0.0188804 0.0483962 0.0783396 -0.0551072 -0.0753831 0.0521114 -0.0953771 0.0321054 -0.0560236 -0.00107321 -0.0581508 -0.0358068 0.026231 0.0315478 0.0924705 -0.0458886 -0.0362096 0.0176008 -0.067865 -0.0922692 -0.0569067 0.0275611 0 -0.0569459 -0.0417399 0.0677946 0.0360706 -0.00841131 0.0951317 0.0109367 -0.0177463 0.0699344 -0.0559336 -0.0523601 -0.0347129 -0.0117758 0.0415967 0.0258735 -0.08755 0.0940142 -0.0935217 0.00583542 -0.0273144 0.0320454 -0.091628 -0.000204321 0.0106414 0.05058 
-0.0339698 0.000514038 -0.0194583 0.00144196 0.00732412 0.0789093 0.0344347 -0.0697826 -0.00269306 -0.0468747 -0.0216131 0.000459917 -0.0311558 -0.0308359 0.0584654 -0.0265032 0.0623865 0.0785231 -0.0996821 -0.0505861 0.0396177 0.0540204 -0.0992193 0.0533539 -0.0937331 0.0294902 -0.0642118 -0.0107959 -0.0934474 0.0944526 0.0692521 0.0821616 0.0899347 0.0128354 -0.0669595 0.00643566 0.0316169 0.0877986 -0.0447078 0.0222154 0.0581665 -0.0275254 -0.0665498 -0.0980908 0.039423 -0.0949114 0.0123981 0.080153 0.0639178 -0.0746249 0.0569459 0 -0.0240785 -0.0657883 -0.0218988 -0.0619595 -0.0446592 -0.0515387 -0.0525553 -0.0649531 0.0793029 -0.0143823 0.0532189 0.0819151 0.0571194 -0.0600114 -0.0799404 -0.0438922 0.00634051 0.0894145 -0.0301103 0.0966511 -0.0774579 0.0919217 -0.0485574 0.0244733 
0.0109437 -0.0967825 0.0478246 -0.0171337 0.0287111 -0.0653539 -0.0658788 0.0429235 -0.096271 -0.082231 -0.0398641 0.0827256 -0.0206977 -0.0521402 0.0683124 -0.0796003 0.0902496 -0.0041836 -0.0642768 0.0584097 -0.0834944 0.0102633 -0.0970717 -0.0333934 -0.0466048 -0.073529 -0.0994442 0.0549612 0.0233668 -0.0616467 0.0330429 -0.0721623 0.039829 0.0707773 -0.0871314 0.0896396 0.0498191 0.00718756 -0.0989111 0.0376372 -0.0328309 5.59242e-05 0.0391209 -0.0686278 -0.0920929 -0.0678125 0.0563501 -0.0675117 -0.0979219 -0.017296 0.0417399 0.0240785 0 0.0898322 -0.0335291 0.0920933 -0.0507474 0.0854354 0.0544146 -0.000372964 0.013872 0.0813395 0.00622512 -0.054497 0.0581264 0.0660026 -0.0288218 0.0364622 -0.0239804 -0.083288 0.0287197 0.0919206 -0.0801484 -0.034574 -0.0977918 0.0388343 
-0.0622491 -0.0743811 0.0599247 0.0419504 0.0258659 0.0789758 -0.0875455 0.0545095 -0.00165081 -0.0653687 0.0843002 -0.0188185 0.0811375 -0.0561007 -0.0228254 0.0760668 0.0610665 0.037637 0.0331149 -0.0446177 0.0984707 -0.0458233 0.0360471 0.0283144 -0.0219123 0.0304954 0.0124092 0.032827 -0.0225213 -0.0912005 0.0413138 0.0718785 0.00355827 -0.0195805 -0.0516386 0.0774073 0.0738984 0.0736675 0.0426601 0.0595222 0.035346 -0.0456227 -0.00356391 0.0482634 -0.0871634 -0.078263 -0.0535076 0.0580029 -0.0358379 0.0105904 -0.0677946 0.0657883 -0.0898322 0 0.0133756 0.039776 -0.0598899 0.046031 0.0192813 0.019047 -0.0630713 -0.0565842 0.0862918 0.0680511 0.0540672 0.0275201 0.0415046 0.0933044 -0.029149 0.00338577 0.0636911 -0.0414173 -0.097992 -0.00918361 -0.0356866 -0.0194967 
-0.0782948 -0.078986 -0.0185294 -0.0574971 -0.0405651 -0.0292368 -0.0799701 0.00480947 0.00906002 0.000189459 0.0859281 -0.0932826 0.0734524 -0.0388921 -0.0283901 -0.0612232 -0.0433509 -0.0930057 0.0176732 -0.0560749 0.0197326 0.0280709 0.0974459 0.0754693 -0.0107808 -0.031404 -0.0784921 0.0555827 0.0223628 0.00257785 0.00958738 0.0130506 -0.0915533 0.0215345 -0.0943665 0.0649531 -0.000407163 -0.0993343 -0.0734191 -0.0902977 0.00366869 0.0850562 -0.0872509 -0.0755228 0.011843 0.0728849 -0.099671 0.0145812 0.0936181 0.0881364 -0.0360706 0.0218988 0.0335291 -0.0133756 0 0.0749866 0.0474874 -0.0729132 -0.0467879 0.0194193 -0.0425722 0.0619036 -0.0816788 0.0105395 0.0213111 0.0570042 0.0369084 0.0713215 -0.0232057 0.0397555 -0.00426101 -0.0326395 0.0205513 -0.00663921 0.0130667 -0.0432986 
-0.0691199 -0.0143514 -0.0827192 0.0463087 -0.0593103 0.085523 -0.0533164 0.07927 -0.0953488 -0.078905 0.0948743 0.0748426 0.0160285 0.0384108 -0.0904788 0.0123465 0.0744343 0.0332004 0.0211904 -0.0978456 -0.0147283 -0.00274896 -0.0916174 0.0026535 -0.0122971 -0.000503942 -0.0711504 0.0932788 0.0359442 0.0142177 0.0192309 -0.0868265 0.0750197 -0.00457878 0.0241897 0.058911 -0.070694 -0.0460188 -0.0982186 0.0419881 -0.0217952 -0.0740702 0.0619601 0.0408519 -0.0343608 -0.0283015 -0.0749764 0.0207946 -0.0188093 -0.0363146 0.00841131 0.0619595 -0.0920933 -0.039776 -0.0749866 0 0.0193851 0.0756842 -0.069576 -0.096519 0.00547103 -0.0402115 -0.0604395 0.0403427 -0.0686075 0.0581574 -0.00526105 0.051506 -0.0967741 -0.00230628 -0.0111604 -0.00654477 0.0519727 0.0529926 -0.0027496 -0.0565654 
0.0257239 0.0113751 -0.0273988 0.00302717 -0.0501746 -0.0545885 -0.042602 0.0156899 -0.0605221 -0.0556372 0.0256404 -0.0661112 0.0140009 0.0126755 0.0471848 -0.0441413 -0.092621 -0.0981476 -0.0464702 -0.0387581 -0.0669107 -0.0729092 0.0587215 0.00833339 0.0229672 0.0187957 -0.032986 0.07038 -0.0263251 -0.0319749 0.0539346 0.000526161 0.0216713 0.0940594 -0.0273736 0.0429889 0.0787142 -0.0441155 0.0543854 0.0917452 0.0813636 -0.0643175 -0.0928577 0.0372542 0.0366889 0.0337981 -0.0906269 -0.0531536 -0.00351579 0.0076883 -0.0951317 0.0446592 0.0507474 0.0598899 -0.0474874 -0.0193851 0 -0.0490716 -0.0604576 -0.0578884 0.0639899 0.0036168 -0.0717783 0.0959176 -0.0803241 -0.0817065 -0.0357427 0.0476647 0.0132033 0.0488809 0.0360673 0.0651565 -0.0190615 -0.0477007 0.0574133 -0.051568 
0.00297272 -0.0745242 0.00275442 0.0213127 0.00843409 0.0193916 -0.0898588 0.0265347 -0.00346807 -0.066855 -0.038081 -0.0239438 0.0905394 -0.0243701 0.0647902 0.0395319 0.0482039 -0.0413792 0.0920449 -0.049991 0.0760749 -0.0225595 -0.0568309 -0.0932496 0.0699687 -0.0869114 -0.0185989 -0.0757049 -0.0950381 0.0134548 0.00412454 -0.0910024 0.0406289 -0.0174015 0.0642762 -0.0880829 -0.0566893 0.0639993 -0.00413616 0.0669607 -0.00982496 -0.0217719 -0.0804092 -0.0957608 -0.0656985 -0.0583771 -0.0640305 -0.0988904 0.0324699 0.0757139 -0.0109367 0.0515387 -0.0854354 -0.046031 0.0729132 -0.0756842 0.0490716 0 0.00780472 0.00890399 0.0275621 -0.00563457 -0.0878013 -0.0618172 0.000105513 -0.0262314 -0.0354739 0.0442323 0.00703675 -0.000645089 -0.0352624 -0.0460181 -0.0991798 0.0883916 -0.0725696 0.0499404 
0.0567084 -0.0687823 0.0337667 -0.0235496 0.0833802 0.0861299 0.0276367 -0.0694063 -0.0441572 -0.0634954 -0.0962274 -0.0242868 0.0281515 -0.0191861 -0.0330207 0.0239579 0.0158681 0.0437658 0.0380864 0.0372744 -0.0486251 -0.022916 -0.0211908 0.0312169 -0.00643531 -0.077597 -0.0988423 0.0227298 0.0335158 -0.0720481 0.0468652 -0.0471439 0.0454697 -0.0311308 -0.0277866 -0.0288141 -0.0828368 -0.0914524 0.0229826 -0.015372 0.0573847 0.0544276 0.045003 0.0524451 0.0407497 -0.0821037 0.0168884 0.0902435 0.0868793 0.00632187 0.0177463 0.0525553 -0.0544146 -0.0192813 0.0467879 0.069576 0.0604576 -0.00780472 0 -0.0247214 0.039805 -0.0848602 -0.0153353 -0.0768812 0.0576926 0.0620435 0.0966656 0.0769273 0.0942112 0.095417 -0.0145966 0.0577252 -0.0425612 -0.0281095 -0.0991369 -0.0879686 
-0.0828188 -0.00517552 0.0660166 0.0881589 -0.00954194 0.0483099 0.00426864 -0.0298458 0.0305243 -0.0146207 -0.0764451 -0.0869304 0.0247661 -0.057094 0.00322365 0.0178328 -0.06474 0.0698278 0.0560415 0.0510044 0.0436133 0.0253786 -0.0501154 -0.0546792 -0.0821024 -0.0772782 0.0304962 -0.0198943 0.0313605 0.0538943 -0.0250345 0.0459788 0.0732837 -0.017846 -0.0814664 0.00987902 0.064021 -0.0213988 0.0331415 -0.094569 -0.0891955 0.0267897 0.0949164 0.00603039 -0.0492274 0.0670765 -0.00315003 -0.0988681 -0.0779697 -0.00843224 -0.0699344 0.0649531 0.000372964 -0.019047 -0.0194193 0.096519 0.0578884 -0.00890399 0.0247214 0 -0.0840029 0.0812507 0.00345216 -0.0441738 0.0474795 -0.0931689 -0.00814684 0.0344942 -0.0138863 0.0485149 -0.0234195 -0.0698554 0.0183538 -0.0542854 0.0665024 0.0709627 
-0.0602343 -0.0847494 0.0533981 -0.0761918 -0.0409517 -0.0240439 -0.0659284 -0.0277078 0.0209827 -0.0181354 -0.0499234 0.0673761 0.0657181 -0.0179815 0.0997961 -0.0167876 0.0380248 -0.0106338 -0.047669 0.0530064 -0.06551 -0.0863672 0.0839942 0.0264446 -0.0372971 -0.0423791 0.0551233 -0.0840883 -0.0642631 0.0133943 0.0603385 -0.0634053 -0.0354105 0.0750757 0.000786346 0.0955139 -0.0515237 0.00765579 -0.0758335 -0.0431555 0.0915371 -0.0117041 0.0978423 -0.0819008 -0.097213 -0.0685325 -0.0657103 0.0584708 -0.0604934 -0.018231 0.0559336 -0.0793029 -0.013872 0.0630713 0.0425722 -0.00547103 -0.0639899 -0.0275621 -0.039805 0.0840029 0 -0.0445922 -0.0936404 0.0770754 -0.0788091 0.0387032 -0.0316854 0.0588486 0.057248 0.0474614 -0.0804818 0.00076314 0.0596551 0.0249272 -0.0146826 -0.0169175 
0.0609718 0.00959015 0.0304638 0.0572575 0.0109056 -0.0669542 0.0568852 0.0895011 -0.0474622 -0.018099 -0.0219328 0.0525184 0.0490763 -0.0564066 -0.0349774 0.0144714 0.0460908 -0.00808624 -0.0709375 0.050091 0.0168142 0.0719117 0.00411313 0.00607593 0.0670009 0.0451131 0.0429712 0.0876616 0.0527422 -0.059719 -0.0248603 -0.0756877 -0.0435258 0.0461193 -0.0110531 -0.0629081 0.00411984 0.00916218 -0.0294792 0.0424802 0.0514415 -0.0461667 0.020229 -0.0982604 0.044825 -0.048054 0.0143341 0.0243732 0.050472 0.0756701 0.0523601 0.0143823 -0.0813395 0.0565842 -0.0619036 0.0402115 -0.0036168 0.00563457 0.0848602 -0.0812507 0.0445922 0 0.0376121 -0.0532169 0.0261377 -0.02692 0.00494108 -0.0393276 0.0597825 0.0569125 -0.026563 -0.0601058 0.0147675 -0.0234224 -0.0964476 -0.00169537 
0.0937883 0.0340107 -0.00503496 -0.0200383 -0.00635389 0.0360561 -0.081314 0.0384968 -0.0376589 0.0680672 -0.0192553 0.0995087 0.0454972 0.0059348 -0.0803368 -0.0414439 -0.0246507 0.00793374 0.0659428 -0.00692761 -0.0374142 0.0929152 -0.0171141 0.0304807 -0.0817724 0.0495426 -0.0956414 -0.0287049 -0.0624653 -0.0502191 0.022971 -0.0926469 0.00381479 -0.0400231 -0.0417156 -0.063775 -0.0221816 -0.0794118 0.0142365 0.0851235 0.0192532 0.0635324 -0.0943596 0.064904 -0.0639196 -0.049461 0.0966749 -0.0578043 0.0208131 0.0697686 0.0347129 -0.0532189 -0.00622512 -0.0862918 0.0816788 0.0604395 0.0717783 0.0878013 0.0153353 -0.00345216 0.0936404 -0.0376121 0 0.056553 -0.00855683 -0.095515 -0.0666212 -0.00909325 0.0511 0.040219 0.000939386 0.090854 -0.0375133 0.0924556 -0.0678644 0.0666376 
0.0360361 -0.049696 -0.0239085 0.0227862 -0.0746997 -0.0687843 0.0407185 0.0371182 0.0357736 -0.0211788 -0.0455124 -0.089975 0.0346121 -0.0105054 -0.0975672 -0.0852802 0.0562398 -0.0946305 0.0627264 -0.0703038 0.0424569 0.0542149 0.0824757 -0.0305781 0.0336086 0.0802474 -0.0572534 0.0179397 0.0816369 0.0484027 -0.0529278 -0.0690927 -0.0768784 0.0540737 0.0423251 0.053683 -0.0925286 -0.0810141 -0.0438806 0.0442732 0.0586119 -0.0208347 0.0223175 0.0611417 -0.0534459 -0.0289694 -0.08727 -0.0448003 -0.0868575 -0.0089501 0.0117758 -0.0819151 0.054497 -0.0680511 -0.0105395 -0.0403427 -0.0959176 0.0618172 0.0768812 0.0441738 -0.0770754 0.0532169 -0.056553 0 -0.0917715 -0.041125 0.072566 0.017382 -0.0969457 0.0406466 -0.0784129 0.0508085 0.052661 0.0617623 0.084926 -0.0268342 
0.0866235 0.07065 0.0985814 0.0487845 -0.0360175 0.07906 -0.0642393 -0.00332953 -0.00321174 0.0712189 -0.0559338 -0.0739485 -0.0170595 0.0578691 -0.0377386 -0.0967507 -0.0912067 -0.010377 -0.0340759 -0.0770714 -0.0210594 -0.00837104 0.0906448 0.00877555 -0.0271861 -0.00015911 0.0379588 -0.0675169 -0.0773164 0.0317496 -0.0247282 0.0870529 -0.0885629 -0.066291 -0.0708802 -0.0592153 -0.0905815 -0.0739308 -0.0618592 0.0562922 0.049636 0.04139 0.0660696 0.093325 0.0813825 -0.0160442 0.0932169 -0.00271653 -0.0322102 -0.0141044 -0.0415967 -0.0571194 -0.0581264 -0.0540672 -0.0213111 0.0686075 0.0803241 -0.000105513 -0.0576926 -0.0474795 0.0788091 -0.0261377 0.00855683 0.0917715 0 -0.0218667 -0.075787 0.0541934 0.0888885 -0.0903555 -0.0183555 0.00693063 -0.00530643 -0.0497044 -0.0853898 0.00540375 
-0.0590384 -0.0138564 0.0472439 0.0558912 0.0622116 0.0255896 0.0476546 0.00130072 -0.0750994 -0.0585912 0.026876 0.00324551 -0.0973665 0.0745586 -0.0319018 -0.040245 3.36591e-05 0.0339453 -0.0479244 0.087078 -0.0659716 0.0359791 -0.0340977 -0.0354659 0.0575246 -0.0644169 -0.0264445 0.0689697 -0.0986911 -0.0530173 -0.0584778 0.0786457 -0.0245128 -0.0224592 0.0654595 -0.00459699 -0.00609492 0.0312494 -0.0586823 0.0811067 -0.0784755 0.0436459 -0.0130649 0.0817932 0.0709377 -0.0838419 0.0569645 -0.0310932 -0.0770608 0.0651439 -0.0258735 0.0600114 -0.0660026 -0.0275201 -0.0570042 -0.0581574 0.0817065 0.0262314 -0.0620435 0.0931689 -0.0387032 0.02692 0.095515 0.041125 0.0218667 0 -0.00517813 -0.0130141 0.0870412 0.0921177 -0.0957978 -0.0269571 -0.0538731 0.0938715 -0.0381086 -0.0344941 
-0.0970672 -0.0709621 0.0605835 0.062393 -0.0465722 -0.00610207 -0.0287934 -0.0474416 0.0489296 0.0997694 0.0806762 0.0129421 0.0713549 -0.0194118 -0.0989447 -0.0695567 0.0287333 0.0381476 0.00680158 0.00656375 -0.0498759 -0.0258176 0.0202778 0.0362837 0.0673638 0.0476674 -0.0489436 -0.0728566 -0.0207971 0.0776975 0.0923063 -0.0362474 0.0131002 -0.0866616 -0.0514125 0.0906086 -0.0390209 -0.0495387 -0.0482096 0.0119037 0.0164472 0.0948292 0.064022 0.0812899 0.0349574 0.0408703 0.077605 -0.0362258 0.0372587 0.0899246 0.08755 0.0799404 0.0288218 -0.0415046 -0.0369084 0.00526105 0.0357427 0.0354739 -0.0966656 0.00814684 0.0316854 -0.00494108 0.0666212 -0.072566 0.075787 0.00517813 0 0.0627399 -0.0537545 -0.0167855 -0.052434 -0.0826052 0.0155102 -0.0116182 0.0227538 -0.083973 
0.0589195 -0.0672954 0.00924888 -0.0285588 -0.0240992 -0.00703318 0.0106341 0.0498348 -0.0960457 -0.0693779 -0.0191903 -0.0313058 -0.0345217 0.00979875 0.0663138 -0.0523649 0.0583233 -0.00835196 0.018178 0.0398295 0.081125 0.0132473 0.0188481 -0.00169914 0.087169 0.0217777 0.0918642 -0.0832472 -0.001617 0.00208484 0.0143432 -0.0068653 -0.0946723 -0.0951752 -0.0128876 -0.0484779 -0.0882761 0.0486894 -0.0695183 0.0751262 0.0329726 -0.0630514 -0.00866114 0.0265036 -0.0359913 0.0362564 -0.0473392 -0.0102029 0.0685809 -0.043608 -0.0940142 0.0438922 -0.0364622 -0.0933044 -0.0713215 -0.051506 -0.0476647 -0.0442323 -0.0769273 -0.0344942 -0.0588486 0.0393276 0.00909325 -0.017382 -0.0541934 0.0130141 -0.0627399 0 0.0838967 -0.0488535 0.0641045 -0.0742348 -0.0549371 -0.0806033 0.0486059 -0.0814171 
0.00881053 0.0338868 -0.0348712 0.047433 -0.000318919 -0.0599273 -0.0317431 -0.0800183 0.0419034 0.0826987 -0.0111367 0.0791683 0.0427732 0.00914385 -0.0690879 0.0386239 -0.0782555 0.0578181 0.0156218 -0.0159304 0.0760071 0.0247648 0.027977 0.0827456 -0.0636366 -0.00288891 0.00719481 0.0845868 -0.0940355 0.00668337 -0.0632879 -0.0375974 -0.0110363 0.0207639 -0.0629445 -0.00518032 -0.0900724 -0.0721276 -0.0885268 0.0540577 -0.0944222 0.0704986 0.0288271 0.0437561 -0.0162194 -0.0252969 0.00426097 -0.0858683 0.0654811 0.0760869 0.0935217 -0.00634051 0.0239804 0.029149 0.0232057 0.0967741 -0.0132033 -0.00703675 -0.0942112 0.0138863 -0.057248 -0.0597825 -0.0511 0.0969457 -0.0888885 -0.0870412 0.0537545 -0.0838967 0 0.0725913 0.094559 -0.0867177 -0.00558781 0.0559805 -0.0651823 0.0217812 
-0.0348968 0.0537832 -0.039966 -0.0159896 -0.0255003 -0.0384228 -0.0797665 0.0714412 0.0265466 -0.0111883 -0.0362508 -0.0129874 0.0988821 0.0556151 0.0440871 0.0838574 -0.0892008 -0.0603323 -0.0271335 -0.0379242 0.049879 0.0922265 -0.024415 0.0148514 -0.0563834 0.0637959 -0.0875823 0.0475388 0.0590623 -0.0495646 0.0432559 -0.0846908 -0.0159958 0.0672392 -0.00693471 0.00334009 -0.0465512 -0.0745245 0.097925 0.0163564 0.0592461 -0.053646 0.0951122 0.0741745 -0.0340256 0.0469598 -0.0785468 -0.048021 0.0286862 0.0879903 -0.00583542 -0.0894145 0.083288 -0.00338577 -0.0397555 0.00230628 -0.0488809 0.000645089 -0.095417 -0.0485149 -0.0474614 -0.0569125 -0.040219 -0.0406466 0.0903555 -0.0921177 0.0167855 0.0488535 -0.0725913 0 -0.0937894 0.0280964 0.0514749 0.0561546 -0.0567008 -0.0610422 
0.0219084 -0.0111567 -0.0399074 -0.025954 0.0748708 0.0793983 0.0824899 -0.0921568 0.0841871 0.0725022 0.00948165 0.00284362 -0.0104392 -0.047505 0.0671504 0.0429352 -0.0850831 -0.0975143 0.045668 0.0302474 -0.0967968 -0.0451048 -0.0373579 0.0591815 -0.0299696 -0.0166292 -0.0693809 0.0156389 -0.0179212 -0.00914501 0.0802638 -0.0828395 0.0484573 -0.0538374 0.0228508 0.0902693 0.0733756 -0.0738801 -0.0677949 -0.0934837 -0.0649586 -0.0812505 0.0978597 0.0857319 -0.0720161 0.0329888 0.0293418 -0.0543805 0.0151578 0.0474135 0.0273144 0.0301103 -0.0287197 -0.0636911 0.00426101 0.0111604 -0.0360673 0.0352624 0.0145966 0.0234195 0.0804818 0.026563 -0.000939386 0.0784129 0.0183555 0.0957978 0.052434 -0.0641045 -0.094559 0.0937894 0 0.0551243 0.00957177 -0.06221 0.0100137 0.0247765 
0.0545532 -0.0808363 0.0836691 -0.0338961 0.0715615 0.0762706 -0.0173363 0.0923459 -0.0910287 0.0892354 -0.0806998 -0.0594643 0.0296491 -0.0929031 -0.0102168 -0.0413098 -0.0294171 0.0707518 0.0355793 -0.00163725 0.0499852 -0.00359983 -0.0730294 -0.0426157 0.0543996 -0.0390464 -0.0709637 0.0958409 -0.0301871 0.0119916 -0.0629007 -0.0642854 0.069854 -0.0916562 -0.00921391 -0.0179568 0.0316145 0.0789659 -0.00598879 0.0429835 0.0115658 0.0353551 0.0808749 -0.0213435 0.00403139 0.0278011 -0.0889117 0.086687 0.07995 -0.082974 -0.0320454 -0.0966511 -0.0919206 0.0414173 0.0326395 0.00654477 -0.0651565 0.0460181 -0.0577252 0.0698554 -0.00076314 0.0601058 -0.090854 -0.0508085 -0.00693063 0.0269571 0.0826052 0.0742348 0.0867177 -0.0280964 -0.0551243 0 -0.058479 0.0144515 0.00899846 -0.0166731 
-0.0160928 0.0302006 0.0955102 0.0182109 -0.0169979 -0.0606287 0.0576187 -0.0819454 -0.0401487 -0.071215 -0.0323723 -0.00703043 -0.091572 -0.0558866 0.00810039 0.0538852 0.0443599 -0.0539666 -0.0246211 -0.0654764 0.0314884 0.00174008 0.0824545 0.0485196 -0.0244051 0.00231817 -0.0831376 -0.0228408 0.0741613 0.0443857 0.0042778 0.0174669 0.0585618 0.0600983 -0.00201414 -0.0808618 -0.0441535 0.0938965 0.088027 0.0569092 0.0334523 -0.0345711 0.0258451 -0.0792978 0.0922863 0.0243348 -0.0655035 -0.082938 -0.0575632 0.0904369 0.091628 0.0774579 0.0801484 0.097992 -0.0205513 -0.0519727 0.0190615 0.0991798 0.0425612 -0.0183538 -0.0596551 -0.0147675 0.0375133 -0.052661 0.00530643 0.0538731 -0.0155102 0.0549371 0.00558781 -0.0514749 -0.00957177 0.058479 0 0.0415285 0.0263314 0.0760126 
-0.0873156 -0.0403887 0.0355076 0.0460771 -0.0650776 -0.0533727 0.0709241 0.00232707 0.0732121 -0.00574727 -0.0275976 0.0831042 -0.0389712 -0.0518247 -0.0577558 -0.069596 0.000609656 0.098626 -0.017226 -0.0760189 -0.0346283 0.0232948 0.0954638 -0.0642449 -0.0631186 -0.00314823 0.000899285 -0.0558335 0.0374694 -0.0784249 0.0952588 -0.0082269 -0.0584243 0.0534047 -0.0850914 -0.0662352 -0.0447026 0.0567536 0.0262977 -0.0157061 -0.0380852 0.0189662 0.0735134 0.0732935 -0.0158125 -0.0366456 0.0107682 -0.0952014 -0.0289581 0.0639787 0.000204321 -0.0919217 0.034574 0.00918361 0.00663921 -0.0529926 0.0477007 -0.0883916 0.0281095 0.0542854 -0.0249272 0.0234224 -0.0924556 -0.0617623 0.0497044 -0.0938715 0.0116182 0.0806033 -0.0559805 -0.0561546 0.06221 -0.0144515 -0.0415285 0 0.0999059 0.00997736 
-0.0429283 -0.0479126 0.0369025 -0.0289621 -0.0876954 0.0860109 -0.0737433 -0.0927386 -0.028472 -0.0859054 0.0902467 0.0539039 -0.0353764 -0.0221288 -0.0941107 0.030715 0.0770251 0.0318885 0.0534923 0.0753813 -0.081838 0.0194298 -0.0813057 0.0196059 0.00842574 -0.0665671 -0.0768303 0.0865962 -0.0120546 -0.0206115 -0.0348311 -0.0505033 0.0172859 -0.0249709 0.0384101 0.0370536 -0.091738 -0.0160101 -0.00815367 -0.0257203 0.00704378 -0.0777415 0.0102988 -0.0139188 -0.0591439 0.0809638 0.0779811 0.0308507 -0.0455351 0.0134892 -0.0106414 0.0485574 0.0977918 0.0356866 -0.0130667 0.0027496 -0.0574133 0.0725696 0.0991369 -0.0665024 0.0146826 0.0964476 0.0678644 -0.084926 0.0853898 0.0381086 -0.0227538 -0.0486059 0.0651823 0.0567008 -0.0100137 -0.00899846 -0.0263314 -0.0999059 0 -0.023453 
-0.0903393 0.0188993 0.0996253 -0.0157408 -0.018538 -0.032693 0.0221631 0.0626339 0.0328273 0.0123235 -0.0742093 0.0533064 -0.0551644 0.00244418 0.0308738 -0.0177511 -0.0297632 0.00101293 -0.078625 -0.0752003 0.0224955 -0.0345872 0.00633204 -0.00219614 -0.0582225 -0.0567764 -0.00608073 0.0335975 -0.0408603 0.0401251 -0.0441574 0.0886681 0.0613511 -0.0201159 -0.0369536 0.0558106 -0.0393749 0.0849128 -0.00210619 0.0298454 -0.089991 0.0912792 -0.0817838 -0.068332 -0.0208913 0.0150855 0.0860444 0.00638096 -0.0405414 -0.0991821 -0.05058 -0.0244733 -0.0388343 0.0194967 0.0432986 0.0565654 0.051568 -0.0499404 0.0879686 -0.0709627 0.0169175 0.00169537 -0.0666376 0.0268342 -0.00540375 0.0344941 0.083973 0.0814171 -0.0217812 0.0610422 -0.0247765 0.0166731 -0.0760126 -0.00997736 0.023453 0 
