10

16000 4500

30 55 80

2

0 43180 9330 86920 61410 41590 21260 56270 34020 30710 39460 
43090 0 42050 83640 54420 73580 59590 95300 71420 58420 78110 
9300 41950 0 79090 53580 50080 29000 60500 41760 39310 47200 
86421 83330 78561 0 31600 126942 106121 130750 118881 112520 124321 
61340 54320 53480 31810 0 98360 81040 109240 93321 83510 99240 
41950 72490 50510 127402 98750 0 21820 44500 14210 18640 19370 
21460 58470 29330 106920 81410 21380 0 44240 13230 16110 20400 
56180 95220 60430 131230 109320 44460 44210 0 35790 54220 26740 
34180 70590 42050 119640 94130 14160 13600 35890 0 21430 9890 
31470 57690 40120 113170 83950 18220 16830 54030 20860 0 28480 
39450 77930 47320 124910 99400 19070 20760 26870 9840 28660 0 

0 Ciudad_0 0 0 32400 0
1 Ciudad_1 130 8829 12234 260
2 Ciudad_2 433 21736 25648 866
3 Ciudad_3 324 17865 21998 648
4 Ciudad_4 741 18152 20679 1482
5 Ciudad_5 821 2622 5060 1642
6 Ciudad_6 130 2341 5341 260
7 Ciudad_7 797 8236 11261 1594
8 Ciudad_8 358 13876 16221 716
9 Ciudad_9 797 25198 29301 1594
10 Ciudad_10 807 7308 9825 1614

0 -0.0413331 -0.0773172 0.0369865 0.0283048 0.0885406 0.0671933 -0.0925345 0.0939176 -0.0557226 -0.0360912 
0.0413331 0 -0.00913137 0.0496585 0.0815003 0.0511609 0.0898391 -0.0854116 -0.0525718 0.0995109 -0.0877889 
0.0773172 0.00913137 0 -0.0187905 0.0683365 -0.0288195 0.043955 0.0443077 -0.0943358 0.085066 0.0370902 
-0.0369865 -0.0496585 0.0187905 0 -0.050192 0.0415688 0.0158492 -0.0114005 -0.0819339 -0.0815166 -0.0383858 
-0.0283048 -0.0815003 -0.0683365 0.050192 0 0.0950885 -0.0198278 -0.0156048 -0.00100867 -0.0442982 -0.0487278 
-0.0885406 -0.0511609 0.0288195 -0.0415688 -0.0950885 0 0.0180629 -0.0862115 0.0208189 -0.03017 0.0141295 
-0.0671933 -0.0898391 -0.043955 -0.0158492 0.0198278 -0.0180629 0 0.0149419 -0.0512667 0.0826836 -0.0032563 
0.0925345 0.0854116 -0.0443077 0.0114005 0.0156048 0.0862115 -0.0149419 0 0.015365 -0.040439 -0.00597578 
-0.0939176 0.0525718 0.0943358 0.0819339 0.00100867 -0.0208189 0.0512667 -0.015365 0 0.0395907 -0.0617947 
0.0557226 -0.0995109 -0.085066 0.0815166 0.0442982 0.03017 -0.0826836 0.040439 -0.0395907 0 0.0465238 
0.0360912 0.0877889 -0.0370902 0.0383858 0.0487278 -0.0141295 0.0032563 0.00597578 0.0617947 -0.0465238 0 
