10

16000 4500

30 55 80

1

0 46560 22420 90920 90280 66560 28300 65240 83090 91950 22820 
46460 0 35540 131390 112660 71961 50750 105680 86770 96600 34930 
22390 35190 0 97550 78660 45700 48930 71870 61720 71550 3780 
91090 131610 97790 0 61000 94920 100280 25920 99800 101350 101360 
90470 113260 79250 60010 0 48411 113610 56870 49170 45030 82820 
66440 72571 45480 95130 48020 0 93020 79320 19220 29050 48920 
27980 50870 48330 99800 113720 92211 0 74120 107631 117461 46030 
65170 105690 71870 25680 57920 79440 74360 0 84710 88710 75440 
83070 86430 61820 100370 48750 19270 109161 85090 0 11790 64511 
91440 95990 71820 101270 44950 29270 117250 89520 11690 0 74511 
22820 34690 3930 101140 82250 48201 46730 75460 63621 73451 0 

0 Ciudad_0 0 0 32400 0
1 Ciudad_1 228 22432 25837 456
2 Ciudad_2 170 25834 29746 340
3 Ciudad_3 448 10976 15109 896
4 Ciudad_4 373 24885 27412 746
5 Ciudad_5 205 6649 9087 410
6 Ciudad_6 680 3372 6372 1360
7 Ciudad_7 335 23439 26464 670
8 Ciudad_8 813 23946 26291 1626
9 Ciudad_9 461 15273 19376 922
10 Ciudad_10 594 9345 11862 1188

0 -0.0664917 -0.0167206 0.0963333 -0.0105659 -0.0977729 -0.0776345 -0.0173226 -0.0377674 0.0928406 0.0859466 
0.0664917 0 -0.0820807 0.0677088 -0.0832866 0.0254837 0.0683061 0.0315255 0.0170557 0.0328351 -0.0402972 
0.0167206 0.0820807 0 -0.0297324 -0.0114313 0.0371945 -0.0769644 -0.0671791 -0.0125082 -0.0474514 -0.0339756 
-0.0963333 -0.0677088 0.0297324 0 0.0114238 -0.0365135 -0.0197636 0.037116 0.0607502 0.0571983 -0.0434498 
0.0105659 0.0832866 0.0114313 -0.0114238 0 -0.0621263 -0.0729654 -0.0156691 -0.0491439 -0.0771834 -0.0969328 
0.0977729 -0.0254837 -0.0371945 0.0365135 0.0621263 0 0.0123614 -0.0248266 -0.0284195 -0.0131513 0.0444524 
0.0776345 -0.0683061 0.0769644 0.0197636 0.0729654 -0.0123614 0 0.082892 -0.0509723 0.00659364 -0.0629423 
0.0173226 -0.0315255 0.0671791 -0.037116 0.0156691 0.0248266 -0.082892 0 -0.043292 -0.0127653 0.0688695 
0.0377674 -0.0170557 0.0125082 -0.0607502 0.0491439 0.0284195 0.0509723 0.043292 0 0.0350041 0.0593752 
-0.0928406 -0.0328351 0.0474514 -0.0571983 0.0771834 0.0131513 -0.00659364 0.0127653 -0.0350041 0 0.0940718 
-0.0859466 0.0402972 0.0339756 0.0434498 0.0969328 -0.0444524 0.0629423 -0.0688695 -0.0593752 -0.0940718 0 
