10

16000 4500

30 55 80

2

0 95250 84850 34850 81850 80870 88200 63000 68210 94950 75310 
95010 0 98700 78730 135100 162940 158870 147660 52240 186090 74640 
84690 98450 0 52830 166222 163440 78990 93781 116200 147520 24520 
34840 78660 53270 0 116430 115450 78670 70260 73890 112400 42600 
82050 134830 166890 116640 0 42520 156231 121501 90130 118312 154000 
80920 162330 163310 115510 42870 0 140312 105912 119800 77330 155970 
88300 157380 78890 78780 156461 139702 0 40540 152270 87490 90070 
62910 147710 94350 70060 121511 105182 40370 0 129200 58420 99550 
67980 51730 115873 73700 89980 119820 152080 129240 0 160410 93620 
94880 186350 147110 112690 117460 77640 87200 58530 157870 0 151150 
75410 74580 24730 42510 153990 156020 89880 99170 94180 150910 0 

0 Ciudad_0 0 0 32400 0
1 Ciudad_1 780 21718 25123 1560
2 Ciudad_2 420 9501 13413 840
3 Ciudad_3 637 9203 13336 1274
4 Ciudad_4 108 20351 22878 216
5 Ciudad_5 315 14523 16961 630
6 Ciudad_6 240 9342 12342 480
7 Ciudad_7 331 18238 21263 662
8 Ciudad_8 447 9957 12302 894
9 Ciudad_9 643 7055 11158 1286
10 Ciudad_10 607 22158 24675 1214

0 0.0588189 0.0967643 0.050656 -0.0961331 0.0742995 -0.0902929 -0.0193816 -0.0560986 -0.0817991 0.0369887 
-0.0588189 0 -0.0745767 0.0667195 0.0570586 -0.0455188 0.095875 -0.0133615 -0.0371766 0.0471746 0.0262347 
-0.0967643 0.0745767 0 0.0566774 -0.066591 -0.0348074 -0.0350573 0.00801645 0.0248577 -0.0225696 -0.00902205 
-0.050656 -0.0667195 -0.0566774 0 0.0427776 0.00283719 0.0699773 -0.0480564 -0.029526 0.086286 0.0325756 
0.0961331 -0.0570586 0.066591 -0.0427776 0 -0.0654034 0.0291557 -0.00693247 0.0334585 0.00683043 -0.0371065 
-0.0742995 0.0455188 0.0348074 -0.00283719 0.0654034 0 0.0365365 -0.0784156 -0.0273557 -0.0176554 -0.0520759 
0.0902929 -0.095875 0.0350573 -0.0699773 -0.0291557 -0.0365365 0 -0.0273348 0.0599491 -0.0895937 0.0746793 
0.0193816 0.0133615 -0.00801645 0.0480564 0.00693247 0.0784156 0.0273348 0 0.0728056 -0.00879374 0.051016 
0.0560986 0.0371766 -0.0248577 0.029526 -0.0334585 0.0273557 -0.0599491 -0.0728056 0 -0.0834621 -0.0400568 
0.0817991 -0.0471746 0.0225696 -0.086286 -0.00683043 0.0176554 0.0895937 0.00879374 0.0834621 0 0.0573424 
-0.0369887 -0.0262347 0.00902205 -0.0325756 0.0371065 0.0520759 -0.0746793 -0.051016 0.0400568 -0.0573424 0 
