20

16000 4500

30 55 80

3

0 53670 62970 59900 97790 77131 60460 62573 17080 56650 96290 31140 58600 90250 89330 78270 31700 33580 73080 98290 66990 
53710 0 11840 8590 77860 120421 34870 16770 49360 64970 76360 53640 49460 38650 39560 36020 68750 70630 37710 59160 91060 
63200 11870 0 9630 76160 128581 38850 14970 58850 73170 74660 58890 52300 27280 27720 30530 76430 78310 29781 47650 99261 
59920 8670 9890 0 83120 128781 31760 9770 54891 66440 81620 62150 57970 33280 36970 29020 77260 79140 39180 57220 93020 
97530 77830 76240 82750 0 153711 108300 90140 103560 129060 4040 75580 40050 87210 72220 105550 102330 104210 50670 51240 151460 
76802 121491 130021 129931 155381 0 132424 133415 90862 121611 155171 77781 115411 154891 152531 149935 50581 49271 134161 159881 119461 
60300 34790 39050 31900 108330 132442 0 24900 49150 40170 106830 79560 78470 51760 61020 28830 87691 89571 68031 85210 65980 
63281 16930 15160 9930 90330 133983 24790 0 57421 61700 88830 70030 65850 31650 38380 19660 83750 85630 44141 61860 87510 
17080 49720 59120 54281 104230 90911 49280 56771 0 39660 102730 43140 66230 85251 86630 72320 47220 49100 74450 99660 54060 
56640 64840 73120 66560 129630 121661 40470 62280 39660 0 128130 82700 92760 91030 99870 68500 82240 84120 94290 116590 28300 
96480 76780 75190 81700 3900 153251 107250 89090 102510 128010 0 76010 40230 84370 69380 104410 101870 103750 49530 48400 150410 
31480 54170 58840 62610 75610 77171 80700 70120 44190 83600 75840 0 36460 83590 80330 89350 26850 28730 61760 86970 96010 
58960 50710 51920 57420 39920 112931 79030 65530 66870 93420 39920 36460 0 74840 64940 82450 62610 64490 39300 58890 115820 
90690 39360 27480 33340 87420 154471 51730 31890 85911 90940 84670 83950 74520 0 15320 29830 102010 103890 41410 41050 116750 
89380 39730 27850 37230 72370 151641 60700 38290 86100 99400 69620 80750 65231 15450 0 42840 99180 101060 27990 26000 125210 
77820 36080 30760 29050 105891 150102 28950 19840 71950 68350 104271 88720 83070 29870 43090 0 103810 105690 57600 68820 93440 
32440 69350 77830 77790 103200 50321 88642 84270 47900 82860 103030 27840 63580 102700 100340 104220 0 1880 81970 107690 89370 
33290 70200 78680 78640 104050 49091 89492 85120 48750 83710 103880 28690 64430 103550 101190 105070 1490 0 82820 108540 89990 
73370 38090 29871 38951 51110 132811 67971 44091 74480 95130 49490 62250 39181 40680 27880 57610 80660 82540 0 25640 119040 
98280 59390 47870 57350 51370 159161 85120 61880 99250 117040 48620 87410 59190 40760 25770 68150 106700 108580 25640 0 140950 
66490 89381 97661 92211 151250 119601 66150 87960 53560 27980 149750 95240 114380 116550 125381 93390 88770 89990 117500 139800 0 

0 Ciudad_0 0 0 32400 0
1 Ciudad_1 468 8441 11846 936
2 Ciudad_2 492 18157 22069 984
3 Ciudad_3 372 23608 27741 744
4 Ciudad_4 747 22840 25367 1494
5 Ciudad_5 438 9230 11668 876
6 Ciudad_6 684 10986 13986 1368
7 Ciudad_7 451 20516 23541 902
8 Ciudad_8 653 2586 4931 1306
9 Ciudad_9 289 4953 9056 578
10 Ciudad_10 334 25349 27866 668
11 Ciudad_11 464 14209 17308 928
12 Ciudad_12 278 22723 27409 556
13 Ciudad_13 500 21133 25063 1000
14 Ciudad_14 645 13719 18392 1290
15 Ciudad_15 564 24027 26865 1128
16 Ciudad_16 709 8972 12457 1418
17 Ciudad_17 812 21223 24264 1624
18 Ciudad_18 159 13410 18046 318
19 Ciudad_19 577 24285 27296 1154
20 Ciudad_20 133 18338 20641 266

0 -0.0965673 0.0310366 -0.0696213 0.0290231 0.0717992 -0.0817138 0.00995175 0.0712052 0.0574228 -0.0262824 -0.07058 -0.0823622 0.0353366 -0.0340769 -0.0705366 -0.0164529 -0.0619319 0.0850446 0.0719264 -0.0638441 
0.0965673 0 -0.0175333 -0.0796371 0.0686849 0.0339023 -0.00893186 0.00453211 -0.00612436 0.00857907 -0.00196324 0.0489596 -0.0737488 -0.00815337 -0.0625528 -0.0809725 -0.0108382 -0.0726176 0.0713945 0.025277 -0.0587242 
-0.0310366 0.0175333 0 0.0749701 -0.0636826 -0.0458277 -0.0600216 0.0219929 -0.0113582 -0.0408254 0.0142217 -0.0717451 -0.0217862 0.0666977 0.0329255 0.0875376 0.0556303 -0.0474143 0.0514951 -0.0400116 -0.00599415 
0.0696213 0.0796371 -0.0749701 0 -0.0962983 -0.0331982 0.0599842 0.0405887 0.0474337 -0.0431655 0.0889832 -0.0750405 0.0288849 -0.0693166 0.00360749 -0.0761144 0.0778063 0.0503413 0.0704692 -0.00712509 0.0393226 
-0.0290231 -0.0686849 0.0636826 0.0962983 0 0.0389155 0.0743504 -0.0514708 -0.0131705 0.00824342 -0.06949 -0.0605877 -0.0548224 -0.026123 0.0151618 -0.0343993 0.00801304 -0.0195639 0.0307494 0.0578626 0.0514101 
-0.0717992 -0.0339023 0.0458277 0.0331982 -0.0389155 0 0.098993 0.0860898 -0.041476 0.0106233 0.032488 -0.0288066 -0.0460027 0.0765557 0.0785697 -0.0314782 -0.0808493 0.00397982 0.0335612 -0.0590295 -0.0367486 
0.0817138 0.00893186 0.0600216 -0.0599842 -0.0743504 -0.098993 0 -0.0551721 0.0602479 0.020524 -0.0103933 -0.0374851 0.0498288 0.0536984 -0.0664929 0.0199998 -0.0605825 0.00240527 -0.0150502 0.0845602 -0.0851783 
-0.00995175 -0.00453211 -0.0219929 -0.0405887 0.0514708 -0.0860898 0.0551721 0 -0.032611 -0.0542855 0.0035439 -0.0501856 -0.0264419 -0.00699466 0.0986297 0.0970421 -0.0473334 -0.029113 0.0947329 -0.0906345 0.02597 
-0.0712052 0.00612436 0.0113582 -0.0474337 0.0131705 0.041476 -0.0602479 0.032611 0 0.0614536 0.0237542 0.0784708 0.0341591 0.0989907 -0.0360464 -0.00603225 -0.0399762 0.0663191 -0.010974 -0.0704249 0.0882266 
-0.0574228 -0.00857907 0.0408254 0.0431655 -0.00824342 -0.0106233 -0.020524 0.0542855 -0.0614536 0 0.0894129 0.0452495 0.049135 -0.0495755 -0.0225138 -0.0437921 0.052906 -0.095037 0.000964436 -0.0910835 0.0320081 
0.0262824 0.00196324 -0.0142217 -0.0889832 0.06949 -0.032488 0.0103933 -0.0035439 -0.0237542 -0.0894129 0 -0.00258254 0.0746639 -0.0542088 0.0414567 -0.00792138 -0.0334182 -0.0226834 0.0850635 -0.0820648 0.0260596 
0.07058 -0.0489596 0.0717451 0.0750405 0.0605877 0.0288066 0.0374851 0.0501856 -0.0784708 -0.0452495 0.00258254 0 -0.0753791 -0.0857654 -0.0402783 0.0312372 -0.052378 0.0907777 0.0845067 -0.0447696 -0.0980353 
0.0823622 0.0737488 0.0217862 -0.0288849 0.0548224 0.0460027 -0.0498288 0.0264419 -0.0341591 -0.049135 -0.0746639 0.0753791 0 0.0905492 0.0151617 0.0332794 0.0460696 -0.0394861 0.0270595 -0.0964234 -0.0590892 
-0.0353366 0.00815337 -0.0666977 0.0693166 0.026123 -0.0765557 -0.0536984 0.00699466 -0.0989907 0.0495755 0.0542088 0.0857654 -0.0905492 0 -0.0561809 -0.0416547 -0.00924143 0.082251 0.0666411 -0.00809575 0.0774684 
0.0340769 0.0625528 -0.0329255 -0.00360749 -0.0151618 -0.0785697 0.0664929 -0.0986297 0.0360464 0.0225138 -0.0414567 0.0402783 -0.0151617 0.0561809 0 -0.0873242 0.0043852 -0.00724674 -0.0352408 -0.0815762 0.0431238 
0.0705366 0.0809725 -0.0875376 0.0761144 0.0343993 0.0314782 -0.0199998 -0.0970421 0.00603225 0.0437921 0.00792138 -0.0312372 -0.0332794 0.0416547 0.0873242 0 -0.0189478 0.0442125 0.0605082 0.0131893 0.0417408 
0.0164529 0.0108382 -0.0556303 -0.0778063 -0.00801304 0.0808493 0.0605825 0.0473334 0.0399762 -0.052906 0.0334182 0.052378 -0.0460696 0.00924143 -0.0043852 0.0189478 0 0.0257534 -0.0993137 -0.0994078 -0.0892054 
0.0619319 0.0726176 0.0474143 -0.0503413 0.0195639 -0.00397982 -0.00240527 0.029113 -0.0663191 0.095037 0.0226834 -0.0907777 0.0394861 -0.082251 0.00724674 -0.0442125 -0.0257534 0 -0.00656977 0.0771522 0.034476 
-0.0850446 -0.0713945 -0.0514951 -0.0704692 -0.0307494 -0.0335612 0.0150502 -0.0947329 0.010974 -0.000964436 -0.0850635 -0.0845067 -0.0270595 -0.0666411 0.0352408 -0.0605082 0.0993137 0.00656977 0 -0.0325235 -0.0549699 
-0.0719264 -0.025277 0.0400116 0.00712509 -0.0578626 0.0590295 -0.0845602 0.0906345 0.0704249 0.0910835 0.0820648 0.0447696 0.0964234 0.00809575 0.0815762 -0.0131893 0.0994078 -0.0771522 0.0325235 0 -0.0264858 
0.0638441 0.0587242 0.00599415 -0.0393226 -0.0514101 0.0367486 0.0851783 -0.02597 -0.0882266 -0.0320081 -0.0260596 0.0980353 0.0590892 -0.0774684 -0.0431238 -0.0417408 0.0892054 -0.034476 0.0549699 0.0264858 0 
