20

16000 4500

30 55 80

3

0 27940 86610 91833 87961 95350 81310 41250 33540 78990 72091 50920 79970 66330 14260 73830 52250 74200 62320 77021 85230 
27740 0 62361 116483 101890 67950 53910 13850 5650 95000 86451 23030 52080 38440 38280 59140 28470 47820 76690 50070 61471 
86810 62511 0 183885 115770 28380 25340 50001 63721 115630 148702 52120 57650 53400 93600 26970 37110 16750 95960 14480 2540 
91640 116340 184082 0 124670 194671 172821 131880 118820 114540 53220 139281 165200 153980 80130 160980 140420 162380 115880 170701 180730 
88101 101670 115690 123590 0 142560 128130 109730 107270 11500 136490 121540 150120 135680 80630 91210 102160 113420 26900 116010 113730 
95400 68300 28420 195584 142530 0 19060 54680 68410 142390 152751 50280 36070 38470 105940 54860 53790 31540 122720 27010 30530 
81090 53990 25280 177004 127870 19040 0 40370 54100 127730 138441 39130 38570 34060 91630 40260 39020 16660 108060 12020 26040 
41160 14060 49711 132213 110630 54340 40300 0 14170 103530 98981 12220 41170 26870 51700 52340 19440 35571 85220 37420 48821 
32560 5650 63671 119413 107370 68140 54100 14050 0 100480 85871 20960 49560 36370 43760 64390 32990 49531 82170 51380 62781 
79230 94600 115590 113580 11390 142460 128030 102880 100200 0 126120 114690 143740 129510 70260 91110 97940 113320 22670 115910 113630 
72320 86611 148282 52870 137090 152441 138401 98491 85651 126760 0 105111 127840 118390 67610 142141 114391 133911 120780 135681 147392 
50490 23010 51940 139314 121850 50190 38890 12160 20840 114750 105121 0 29320 15680 61030 59260 26560 38390 96440 37850 52050 
78820 51920 57580 165710 149220 36480 38680 41070 49470 143660 127200 29580 0 14520 89940 78440 52390 52320 125350 50640 59690 
65970 38490 53370 154794 134920 38840 34030 26940 36320 129620 120230 16150 14440 0 76510 66310 38090 40190 111310 39280 53480 
14550 38260 93430 80504 81020 105830 91790 51570 43860 70690 67551 61240 90290 76650 0 80620 59040 81000 61030 85600 92020 
73820 59140 26810 161830 91210 54810 40710 52770 64370 91070 142131 59340 78600 66470 80580 0 34360 27360 71400 28590 24850 
52230 28710 36960 140563 102190 53680 38980 19750 33100 96890 114571 26450 52290 38100 58990 34380 0 22340 78580 26940 35580 
74160 47901 17570 162543 113350 31620 16720 35391 49111 113210 133922 38230 52340 40210 80970 27160 22440 0 93540 4680 16680 
62150 75770 95810 116400 26820 122680 108250 83820 81370 22580 120840 95630 124680 110450 61480 71330 78880 93540 0 96130 93850 
77330 50230 14530 171524 115850 27040 12120 37720 51440 115710 135961 38100 50590 39380 85540 28240 27010 4650 96040 0 14640 
85460 62041 2540 180834 113790 30540 26110 49531 63251 113650 148232 52260 59810 53540 92220 24990 35760 16280 93980 14620 0 

0 Ciudad_0 0 0 32400 0
1 Ciudad_1 284 10065 24665 568
2 Ciudad_2 685 14687 26936 1370
3 Ciudad_3 660 13257 24494 1320
4 Ciudad_4 128 10631 14838 256
5 Ciudad_5 243 4271 11720 486
6 Ciudad_6 694 9711 21066 1388
7 Ciudad_7 825 2921 16301 1650
8 Ciudad_8 301 2578 9197 602
9 Ciudad_9 496 9202 20153 992
10 Ciudad_10 187 9549 23622 374
11 Ciudad_11 582 16230 25572 1164
12 Ciudad_12 581 17476 21591 1162
13 Ciudad_13 557 21569 25910 1114
14 Ciudad_14 523 25542 27583 1046
15 Ciudad_15 573 10394 23888 1146
16 Ciudad_16 122 8982 16434 244
17 Ciudad_17 555 13769 27411 1110
18 Ciudad_18 177 3965 9649 354
19 Ciudad_19 441 12269 25875 882
20 Ciudad_20 501 6027 16134 1002

0 0.0952017 0.0410376 0.04243 0.0967787 0.0522092 -0.0691484 -0.0516073 -0.0989514 0.0391246 0.0307299 -0.0804013 0.0417961 -0.0710096 -0.0527065 -0.0985719 0.00816353 0.0942763 0.0099026 0.0550228 0.0511575 
-0.0952017 0 0.0521404 -0.0520917 0.0986642 -0.00505349 -0.0248009 0.00512217 -0.00910627 -0.0372909 -0.0678368 -0.0438891 -0.0448813 -0.0153554 -0.0123472 -0.0478242 0.0529067 0.0671498 0.0503767 -0.0680663 0.0251569 
-0.0410376 -0.0521404 0 -0.004677 0.0444415 0.0703324 -0.0749859 -0.0429024 -0.0462687 -0.0246186 -0.0347344 -0.0966898 -0.0971167 0.0776426 0.0115213 -0.0699645 -0.0657141 0.0303472 0.00125287 0.0717552 -0.073919 
-0.04243 0.0520917 0.004677 0 0.00745764 0.0785733 0.0136375 -0.0216248 -0.0507663 0.00823187 -0.0722526 -0.0277429 -0.0836999 -0.0101144 -0.0393353 0.03081 -0.0266281 0.0837817 -0.0361412 0.0143289 0.0872866 
-0.0967787 -0.0986642 -0.0444415 -0.00745764 0 -0.0984632 0.0419023 0.0154035 0.0189132 0.0991781 0.0632015 -0.029674 0.0965349 -0.0215253 -0.0429696 -0.0317765 0.00251509 0.0161369 0.00202473 0.00240207 -0.0783342 
-0.0522092 0.00505349 -0.0703324 -0.0785733 0.0984632 0 0.0762767 -0.0363473 -0.0186338 -0.000539366 -0.0459839 -0.00458098 0.0976947 -0.0615006 -0.0483811 0.048293 0.0715935 0.0993894 -0.0828706 -0.0590848 -0.022783 
0.0691484 0.0248009 0.0749859 -0.0136375 -0.0419023 -0.0762767 0 0.0167944 -0.0638496 0.0470822 0.0215031 -0.082877 0.0865794 -0.0405317 -0.00542843 0.0834011 -0.0618389 -0.052806 0.0692192 -0.0618625 0.0889451 
0.0516073 -0.00512217 0.0429024 0.0216248 -0.0154035 0.0363473 -0.0167944 0 0.0111906 0.0227021 -0.0585393 -0.0900406 0.0280315 0.0327775 0.0711052 -0.062674 0.0300817 -0.0516304 -0.059832 -0.0129356 0.0957976 
0.0989514 0.00910627 0.0462687 0.0507663 -0.0189132 0.0186338 0.0638496 -0.0111906 0 -0.0298938 0.0835794 0.0772696 0.0567343 0.0545691 -0.00158946 -0.0825087 0.00234666 0.0787124 0.0448593 0.0951944 -0.0839011 
-0.0391246 0.0372909 0.0246186 -0.00823187 -0.0991781 0.000539366 -0.0470822 -0.0227021 0.0298938 0 -0.0388573 -0.0763839 -0.0137409 -0.0997477 -0.0435393 -0.0942696 -0.0382104 -0.0668931 0.0710969 -0.0659843 -0.00992714 
-0.0307299 0.0678368 0.0347344 0.0722526 -0.0632015 0.0459839 -0.0215031 0.0585393 -0.0835794 0.0388573 0 0.00743733 0.0805628 -0.0848267 -0.0873095 0.0513266 -0.0633464 0.0391796 0.0465881 -0.0158649 0.097619 
0.0804013 0.0438891 0.0966898 0.0277429 0.029674 0.00458098 0.082877 0.0900406 -0.0772696 0.0763839 -0.00743733 0 0.00348853 0.0473212 0.0726013 -0.0543573 -0.0594053 0.0926063 0.0427538 0.098228 -0.0487757 
-0.0417961 0.0448813 0.0971167 0.0836999 -0.0965349 -0.0976947 -0.0865794 -0.0280315 -0.0567343 0.0137409 -0.0805628 -0.00348853 0 -0.0481169 -0.0593335 -0.0227378 0.0134538 -0.0684895 0.0573392 -0.0291307 0.0600322 
0.0710096 0.0153554 -0.0776426 0.0101144 0.0215253 0.0615006 0.0405317 -0.0327775 -0.0545691 0.0997477 0.0848267 -0.0473212 0.0481169 0 -0.071813 -0.0566288 0.0628868 -0.0817537 0.0507621 -0.0300994 0.0388779 
0.0527065 0.0123472 -0.0115213 0.0393353 0.0429696 0.0483811 0.00542843 -0.0711052 0.00158946 0.0435393 0.0873095 -0.0726013 0.0593335 0.071813 0 -0.0416324 0.0478073 -0.0423971 0.067142 0.0237289 -0.0241086 
0.0985719 0.0478242 0.0699645 -0.03081 0.0317765 -0.048293 -0.0834011 0.062674 0.0825087 0.0942696 -0.0513266 0.0543573 0.0227378 0.0566288 0.0416324 0 0.0706267 0.00614933 -0.0268867 0.0980975 -0.0259879 
-0.00816353 -0.0529067 0.0657141 0.0266281 -0.00251509 -0.0715935 0.0618389 -0.0300817 -0.00234666 0.0382104 0.0633464 0.0594053 -0.0134538 -0.0628868 -0.0478073 -0.0706267 0 -0.00583188 0.0799319 -0.0433326 0.0600787 
-0.0942763 -0.0671498 -0.0303472 -0.0837817 -0.0161369 -0.0993894 0.052806 0.0516304 -0.0787124 0.0668931 -0.0391796 -0.0926063 0.0684895 0.0817537 0.0423971 -0.00614933 0.00583188 0 -0.0630717 -0.0151563 -0.0157117 
-0.0099026 -0.0503767 -0.00125287 0.0361412 -0.00202473 0.0828706 -0.0692192 0.059832 -0.0448593 -0.0710969 -0.0465881 -0.0427538 -0.0573392 -0.0507621 -0.067142 0.0268867 -0.0799319 0.0630717 0 0.0421554 0.0247008 
-0.0550228 0.0680663 -0.0717552 -0.0143289 -0.00240207 0.0590848 0.0618625 0.0129356 -0.0951944 0.0659843 0.0158649 -0.098228 0.0291307 0.0300994 -0.0237289 -0.0980975 0.0433326 0.0151563 -0.0421554 0 0.0506789 
-0.0511575 -0.0251569 0.073919 -0.0872866 0.0783342 0.022783 -0.0889451 -0.0957976 0.0839011 0.00992714 -0.097619 0.0487757 -0.0600322 -0.0388779 0.0241086 0.0259879 -0.0600787 0.0157117 -0.0247008 -0.0506789 0 
