20

16000 4500

30 55 80

3

0 9780 76340 93190 40770 89950 48890 69740 87340 52830 87600 95860 85150 53010 53480 43070 77490 52300 90710 51070 33170 
10030 0 70670 91060 31500 90130 43220 69920 87520 56860 84420 97060 81190 58350 47800 47100 69690 56330 85040 55100 37200 
76910 71100 0 131750 71250 151561 27750 136191 148571 128390 117640 163331 115870 129910 23640 118630 20440 127890 14800 126630 107980 
93000 91020 132480 0 64470 57201 111120 62770 49291 76550 16520 76171 16260 99390 114640 90630 120280 89600 146780 77790 93900 
40930 31550 71450 64210 0 81121 46720 65751 78131 65710 54060 92891 50830 78960 50240 68360 63490 74580 85820 64280 63810 
89580 90030 151451 57351 81370 0 127061 21420 8660 43100 70541 20290 69170 68050 130581 61300 143491 55790 165821 45840 72890 
49490 43680 27780 110810 46680 126991 0 109860 124001 99860 98260 137000 96490 101740 4910 90460 31920 99730 42150 98430 80560 
69790 70240 136223 63071 66142 21380 110330 0 23030 22070 66440 27740 64240 47020 113850 40270 128263 34760 150593 24810 51860 
86930 87380 148471 49431 78390 8680 124081 23070 0 44750 62621 27650 61250 69700 127601 62950 140511 57440 162841 47490 74540 
52690 56900 126290 77080 65710 43290 99870 22130 44940 0 79350 47060 77150 25200 103390 18220 122730 14570 140870 2760 33940 
87540 84350 118400 16380 54070 70521 98290 66370 62611 78980 0 89491 3390 101820 100930 93060 106200 92030 132700 80220 96330 
95620 96930 162913 76301 92832 20260 137020 27480 27610 46590 89491 0 88130 71540 140590 64790 154953 59150 177283 49330 76870 
84990 81110 116610 16150 50830 69060 96500 64030 61150 76640 3380 88030 0 99480 99140 90720 104410 89690 130910 77880 93990 
53270 58360 129580 99890 79220 68240 101260 47080 69890 25070 102160 72010 99960 0 105840 11900 128620 15540 146850 22760 35400 
54070 48260 23620 114330 50200 130511 4910 113380 127521 103380 100850 140560 99080 106320 0 95040 27760 104300 37990 101950 85140 
42910 47110 118330 90690 68660 61450 90010 40290 63100 18180 92960 65220 90760 11900 94590 0 117370 11790 135600 16420 24150 
77831 69651 20450 120070 63180 143491 31990 128121 140501 126301 105960 155261 104190 128671 27880 117391 0 126651 33760 124871 106531 
52120 56340 127550 89870 74460 56051 99230 35200 58010 14420 92140 59730 89940 15810 103810 12040 126590 0 144820 12110 33370 
91650 85840 15170 145880 85821 166232 42490 150862 163242 145420 131770 178002 130000 146940 38380 135660 33980 144920 0 143660 122720 
50810 55020 125090 78360 64510 46060 97920 24900 47710 2790 80630 49830 78430 22920 102190 16340 121530 12290 139670 0 32060 
19010 23220 93570 95760 50350 74740 66120 53580 76390 36060 90900 79090 88450 37360 70700 26110 92590 35340 107940 34300 0 

0 Ciudad_0 0 0 32400 0
1 Ciudad_1 820 725 15325 1640
2 Ciudad_2 170 7988 20237 340
3 Ciudad_3 820 13803 25040 1640
4 Ciudad_4 510 18121 22328 1020
5 Ciudad_5 598 7595 15044 1196
6 Ciudad_6 440 5921 17276 880
7 Ciudad_7 598 5683 19063 1196
8 Ciudad_8 671 17444 24063 1342
9 Ciudad_9 202 13144 24095 404
10 Ciudad_10 813 10422 24495 1626
11 Ciudad_11 762 8770 18112 1524
12 Ciudad_12 386 11669 15784 772
13 Ciudad_13 114 11571 15912 228
14 Ciudad_14 299 4694 6735 598
15 Ciudad_15 170 15679 29173 340
16 Ciudad_16 423 18206 25658 846
17 Ciudad_17 702 5125 18767 1404
18 Ciudad_18 578 17500 23184 1156
19 Ciudad_19 267 12792 26398 534
20 Ciudad_20 207 13328 23435 414

0 -0.0615123 0.0462876 -0.0555653 0.086614 -0.0355315 0.0347299 -0.0198324 -0.0559529 -0.0550882 0.0170043 -0.0212303 0.0590424 0.0528768 0.0317113 0.0839282 0.0279882 -0.0748425 -0.0126909 -0.0663317 0.00777407 
0.0615123 0 -8.82463e-05 0.0638914 -0.0705187 0.0467623 0.0498352 0.0460562 0.023839 0.0140307 -0.0100882 0.0713666 0.0608419 0.0416808 -0.00931393 0.00836455 0.0920961 0.0617977 -0.0303504 0.0690761 -0.0282086 
-0.0462876 8.82463e-05 0 0.089933 0.0863803 0.0433686 0.0314649 -0.00744043 -0.0454333 0.0744358 -0.0504229 0.0766646 0.0452335 0.0886817 -0.0927151 -0.0940984 0.0665927 0.00096675 0.0864589 -0.00342089 -0.0698284 
0.0555653 -0.0638914 -0.089933 0 0.0423499 0.0170881 -0.0754326 -0.0993002 -0.0440371 -0.0240583 0.0691484 0.0924935 -0.060663 -0.0341135 -0.0921481 0.0893845 -0.0282192 -0.0296932 -0.000382791 0.00985886 -0.0438586 
-0.086614 0.0705187 -0.0863803 -0.0423499 0 -0.00534393 -0.0860248 0.0559705 0.0984006 -0.0183441 -0.0973821 -0.0291999 0.079525 -0.0963182 0.00202781 0.0210688 -0.0554714 0.00509061 -0.0855109 0.0127854 -0.0796401 
0.0355315 -0.0467623 -0.0433686 -0.0170881 0.00534393 0 0.093346 0.010343 0.0097987 -0.00773707 0.077095 -0.0173031 -0.0983916 -0.0551517 0.0107755 0.0752544 0.0909074 0.0989034 -0.0634984 -0.0632402 -0.0554687 
-0.0347299 -0.0498352 -0.0314649 0.0754326 0.0860248 -0.093346 0 -0.0106952 -0.0576343 0.0715583 0.0592896 0.0470856 -0.0439302 -0.0354952 -0.0414459 -0.0323098 -0.000888523 0.0753469 -0.0743874 0.0942097 0.0177948 
0.0198324 -0.0460562 0.00744043 0.0993002 -0.0559705 -0.010343 0.0106952 0 0.0148115 -0.042692 -0.0913563 -0.0103518 0.0579579 -0.0377472 0.0124181 0.0606984 -0.0179098 -0.0124327 -0.0197757 -0.0743318 -0.0530875 
0.0559529 -0.023839 0.0454333 0.0440371 -0.0984006 -0.0097987 0.0576343 -0.0148115 0 -0.0664961 0.0474443 0.0763871 0.0567835 0.0788245 0.0568872 0.0563562 0.0668576 0.0781449 0.070559 0.00770628 0.0892063 
0.0550882 -0.0140307 -0.0744358 0.0240583 0.0183441 0.00773707 -0.0715583 0.042692 0.0664961 0 0.0735642 -0.0441371 -0.0261092 0.0259874 0.09488 -0.0616475 0.0138744 -0.0805268 -0.00175963 0.0976842 -0.0433566 
-0.0170043 0.0100882 0.0504229 -0.0691484 0.0973821 -0.077095 -0.0592896 0.0913563 -0.0474443 -0.0735642 0 0.0379092 -0.0370375 -0.0925693 0.0841015 0.0502023 -0.0146579 -0.0247024 -0.0653092 -0.0239897 -0.0584706 
0.0212303 -0.0713666 -0.0766646 -0.0924935 0.0291999 0.0173031 -0.0470856 0.0103518 -0.0763871 0.0441371 -0.0379092 0 -0.0862285 -0.0732914 -0.0279351 0.0198275 -0.0193477 -0.0492876 -0.0139393 0.0953833 0.0742136 
-0.0590424 -0.0608419 -0.0452335 0.060663 -0.079525 0.0983916 0.0439302 -0.0579579 -0.0567835 0.0261092 0.0370375 0.0862285 0 -0.0256995 -0.00102203 -0.0774729 -0.0108342 0.00319846 -0.0284698 -0.0191462 0.0562991 
-0.0528768 -0.0416808 -0.0886817 0.0341135 0.0963182 0.0551517 0.0354952 0.0377472 -0.0788245 -0.0259874 0.0925693 0.0732914 0.0256995 0 -0.026823 0.0919138 0.0833101 0.0187037 -0.0991365 0.0693134 -0.0150039 
-0.0317113 0.00931393 0.0927151 0.0921481 -0.00202781 -0.0107755 0.0414459 -0.0124181 -0.0568872 -0.09488 -0.0841015 0.0279351 0.00102203 0.026823 0 0.0565172 0.0427836 0.0100998 -0.0726475 0.0851618 0.0611386 
-0.0839282 -0.00836455 0.0940984 -0.0893845 -0.0210688 -0.0752544 0.0323098 -0.0606984 -0.0563562 0.0616475 -0.0502023 -0.0198275 0.0774729 -0.0919138 -0.0565172 0 0.019212 -0.0573363 0.0975558 0.0451577 -0.0464849 
-0.0279882 -0.0920961 -0.0665927 0.0282192 0.0554714 -0.0909074 0.000888523 0.0179098 -0.0668576 -0.0138744 0.0146579 0.0193477 0.0108342 -0.0833101 -0.0427836 -0.019212 0 -0.032629 0.0880079 0.0494262 0.0941321 
0.0748425 -0.0617977 -0.00096675 0.0296932 -0.00509061 -0.0989034 -0.0753469 0.0124327 -0.0781449 0.0805268 0.0247024 0.0492876 -0.00319846 -0.0187037 -0.0100998 0.0573363 0.032629 0 -0.097874 0.00790436 -0.0743755 
0.0126909 0.0303504 -0.0864589 0.000382791 0.0855109 0.0634984 0.0743874 0.0197757 -0.070559 0.00175963 0.0653092 0.0139393 0.0284698 0.0991365 0.0726475 -0.0975558 -0.0880079 0.097874 0 0.0989504 0.0591424 
0.0663317 -0.0690761 0.00342089 -0.00985886 -0.0127854 0.0632402 -0.0942097 0.0743318 -0.00770628 -0.0976842 0.0239897 -0.0953833 0.0191462 -0.0693134 -0.0851618 -0.0451577 -0.0494262 -0.00790436 -0.0989504 0 -0.0754157 
-0.00777407 0.0282086 0.0698284 0.0438586 0.0796401 0.0554687 -0.0177948 0.0530875 -0.0892063 0.0433566 0.0584706 -0.0742136 -0.0562991 0.0150039 -0.0611386 0.0464849 -0.0941321 0.0743755 -0.0591424 0.0754157 0 
