25

16000 4500

30 55 80

3

0 54180 24680 57880 56370 13260 76540 51960 48830 67220 57770 16500 27670 52860 25780 44100 18950 46850 34020 9460 91791 74250 36620 97250 41000 65820 
54000 0 71970 12430 36440 65180 25990 19500 98720 14650 24770 44940 79590 3760 39170 21260 70870 14940 34080 61380 41830 21680 19330 150330 43890 32580 
25260 72240 0 76870 79850 22050 94600 70020 26940 85280 81900 40770 21150 70920 49330 68370 16740 64910 57810 19070 110560 92310 54680 75860 64480 83880 
58210 12420 76600 0 27220 67100 22080 31360 103350 24220 15550 43520 84220 13920 36220 15830 75500 26350 28520 66010 36050 20380 27460 154960 37050 42860 
56570 36000 79640 26930 0 61630 38050 54940 101310 45960 13080 42350 79380 37200 33000 22860 70980 49930 27750 62310 51260 39150 46690 149840 16960 61780 
13400 65120 21960 67600 62480 0 84581 62900 42230 78160 64530 24820 18440 63800 31960 52420 10130 57790 40440 8750 97901 85190 47560 90650 47110 76760 
76120 25530 94090 21640 38010 83911 0 30600 121230 13350 25750 62381 101661 28740 53031 36300 92990 37140 46951 83500 18260 8360 43900 172450 49680 29050 
52240 19440 70210 31310 55320 63420 30370 0 96960 17620 43650 61950 77830 18500 56180 38270 69110 6860 51090 59620 46380 24800 16330 148570 60900 14180 
49230 99260 27210 103890 101740 42640 121670 97040 0 112300 103790 64120 26680 97940 71220 91720 34090 91930 79700 41700 137641 119330 81700 50950 86370 105870 
67150 14670 85120 24340 46310 78330 13150 17640 111870 0 34050 58070 92740 17530 52300 34390 84020 24030 47210 74530 30780 7590 31200 163480 57020 19200 
57890 25010 81850 15940 13280 64050 26250 43950 103730 34160 0 41560 81800 26210 33620 17680 73400 38940 25920 64730 39460 27350 38640 152260 25030 49980 
16740 44750 40700 43200 42720 24820 62501 61620 63960 57770 41670 0 42570 44870 9680 28000 34080 56600 17920 24960 75821 62620 48900 112380 28900 75480 
28010 79730 20930 84360 80170 18510 102090 77510 26330 92770 82220 42510 0 78410 49650 70110 9040 72400 58130 20480 115591 99800 62170 74750 64800 91370 
52940 3760 70910 13930 37680 64120 29110 18480 97660 17570 26010 45060 78530 0 39290 21380 69810 13460 34200 60320 44950 24600 16620 149270 44010 32340 
25990 38980 49470 36220 33420 31460 53201 55850 71140 52000 33580 9660 49210 39100 0 21170 40810 50830 9060 32140 66521 54301 43230 119560 19600 69710 
44430 21520 68390 15940 23120 52170 37060 38390 91650 34540 17690 28100 69920 21640 21290 0 61520 33370 13590 52650 50911 35360 25770 140180 23400 52250 
19280 71000 16700 75630 71740 10090 93360 68780 33870 84040 73790 34080 8970 69680 41220 61680 0 63670 49700 11750 107161 91070 53440 82290 56370 82640 
46920 14960 64890 26380 50390 58100 36950 6900 91640 24000 38720 56940 72510 13490 51170 33260 63790 0 46080 54300 52960 31380 11010 143250 55890 20760 
34160 34240 58030 28540 28090 40020 47001 51110 79700 47260 25990 17830 57770 34360 9140 13490 49370 46090 0 40700 60321 47960 38490 128120 15490 64970 
9490 61210 18940 65840 62350 8830 83570 58990 41830 74250 64400 24730 20730 59890 31830 52330 12010 53880 40310 0 97771 81280 43650 90250 46980 72850 
92001 41540 110100 35900 51260 97201 17890 46470 137991 30660 39000 75671 114951 44750 66321 50560 106551 53010 60241 97881 0 25670 60260 188701 62970 38830 
73470 20990 91440 21300 40230 84650 8960 24220 118190 6970 27970 63650 99060 23850 55251 35960 90340 30760 48650 80850 26590 0 37520 169800 51900 22790 
36720 19320 54690 27570 46850 47900 43810 16330 81440 31240 38330 48800 62310 16620 43480 25570 53590 11220 38390 44100 60640 38270 0 132070 48200 30190 
97110 149180 75550 153810 149620 90520 171540 146960 50270 162220 151670 112000 74560 147860 119100 139600 81970 141850 127580 89580 188711 169250 131270 0 134250 158650 
41690 44150 64760 36960 17380 46750 49890 61020 86430 57170 24990 28840 64500 44270 19490 23400 56100 56000 15500 47430 63210 50990 48400 134850 0 73620 
66460 32660 84430 43270 62220 77640 28860 14540 105680 19480 49960 76170 92050 32720 70400 52490 83330 21080 65310 73840 38710 23570 30550 159130 73890 0 

0 Ciudad_0 0 0 32400 0
1 Ciudad_1 528 14541 29141 1056
2 Ciudad_2 100 14327 26576 200
3 Ciudad_3 294 8379 19616 588
4 Ciudad_4 767 11507 15714 1534
5 Ciudad_5 819 9069 16518 1638
6 Ciudad_6 550 10753 22108 1100
7 Ciudad_7 745 5532 18912 1490
8 Ciudad_8 390 13116 19735 780
9 Ciudad_9 564 4313 15264 1128
10 Ciudad_10 466 6024 20097 932
11 Ciudad_11 758 6784 16126 1516
12 Ciudad_12 342 23949 28064 684
13 Ciudad_13 164 6350 10691 328
14 Ciudad_14 445 9131 11172 890
15 Ciudad_15 452 14715 28209 904
16 Ciudad_16 220 9288 16740 440
17 Ciudad_17 317 2126 15768 634
18 Ciudad_18 150 12793 18477 300
19 Ciudad_19 333 2226 15832 666
20 Ciudad_20 633 16564 26671 1266
21 Ciudad_21 293 22077 28660 586
22 Ciudad_22 522 15706 29695 1044
23 Ciudad_23 424 10834 21300 848
24 Ciudad_24 682 17160 20772 1364
25 Ciudad_25 799 10242 21162 1598

0 0.0911999 0.094405 -0.0776259 -0.083293 0.0737737 -0.0998051 0.0945396 -0.056781 0.0210959 0.0449267 -0.0297285 0.0335441 0.0739289 0.0358395 0.0591112 -0.0334537 -0.0307132 -0.0933505 0.0455172 0.0905637 0.0538006 -0.0279908 -0.000585933 -0.0893896 0.0900456 
-0.0911999 0 0.0205633 0.0737603 0.084233 -0.0683694 0.0513878 0.0487727 0.0318774 -0.0777838 0.0498568 -0.0454409 -0.0655022 0.0530459 0.00948143 -0.0762736 0.0450785 0.0665335 0.0388512 -0.0500775 0.0568112 0.0488555 -0.0691964 -0.0205678 0.0943836 -0.0763575 
-0.094405 -0.0205633 0 0.088352 0.0542719 0.0197068 -0.0602024 0.0130448 0.0435315 -0.0112051 -0.0391452 0.0140354 0.0149614 -0.0556497 -0.0121222 -0.00455654 0.00996137 0.0994389 0.0521244 0.0261731 -0.0516158 -0.051174 -0.0388393 0.0111673 0.0747914 0.00286021 
0.0776259 -0.0737603 -0.088352 0 -0.00375195 0.027516 -0.0479197 0.0473832 0.0761743 0.0266889 0.0527612 -0.0940336 -0.0314121 -0.0231936 0.00718962 0.0349076 -0.0824744 0.00532987 0.00871541 0.0307285 -0.0338156 0.0968424 -0.0854548 -0.00746725 0.0262391 0.0907643 
0.083293 -0.084233 -0.0542719 0.00375195 0 0.0636976 0.00935389 -0.0832017 0.0116647 -0.0556604 0.0394852 0.0112019 -0.0643672 -0.0914013 0.0549062 0.0601007 0.0108797 -0.0285732 -0.0675657 0.0110714 0.028767 0.0360567 0.0875265 0.0014973 -0.00190145 0.00915103 
-0.0737737 0.0683694 -0.0197068 -0.027516 -0.0636976 0 -0.00801448 -0.067777 0.0811993 -0.0805897 0.0002895 -0.0995524 0.00935475 0.081467 0.0145149 -0.0542485 -0.074867 0.0393066 0.00328864 -0.0881116 -0.0465393 0.0126464 0.0696099 -0.0218201 -0.0279193 0.0408921 
0.0998051 -0.0513878 0.0602024 0.0479197 -0.00935389 0.00801448 0 -0.0377451 -0.00020076 0.0886089 0.0465718 0.0750283 -0.00920816 -0.0792181 -0.026623 0.0220848 -0.0120792 -0.0833718 -0.004764 0.0916061 0.0254433 -0.0203054 0.0159288 -0.0303759 0.0367664 0.0812738 
-0.0945396 -0.0487727 -0.0130448 -0.0473832 0.0832017 0.067777 0.0377451 0 0.0989418 0.02166 -0.0396439 -0.0875172 -0.0567908 -0.0672998 -0.0387969 -0.00334443 -0.0579256 -0.0194043 -0.0485311 0.0223685 0.0491367 -0.00447214 -0.0219662 0.0519434 -0.0728829 0.0248 
0.056781 -0.0318774 -0.0435315 -0.0761743 -0.0116647 -0.0811993 0.00020076 -0.0989418 0 0.0135554 0.0964094 -0.054471 0.05979 -0.0896653 -0.0101934 0.0427939 0.0927406 0.0411456 0.0861896 0.00931573 0.091274 -0.00988635 -0.055297 0.0593672 0.0322702 -0.0199657 
-0.0210959 0.0777838 0.0112051 -0.0266889 0.0556604 0.0805897 -0.0886089 -0.02166 -0.0135554 0 0.0360451 0.0865112 -0.030064 0.0708386 -0.0946166 -0.0982615 -0.00159706 0.0560004 0.0878048 -0.0366253 0.0946207 -0.0857463 -0.0860312 -0.047876 0.0726372 0.0337274 
-0.0449267 -0.0498568 0.0391452 -0.0527612 -0.0394852 -0.0002895 -0.0465718 0.0396439 -0.0964094 -0.0360451 0 -0.0806603 -0.0808519 -0.00286737 -0.0620949 -0.0772748 -0.0927904 -0.0035721 -0.0456921 -0.00260541 0.0489133 -0.0606884 -0.0652295 -0.0402406 0.0502825 0.0619336 
0.0297285 0.0454409 -0.0140354 0.0940336 -0.0112019 0.0995524 -0.0750283 0.0875172 0.054471 -0.0865112 0.0806603 0 0.0799115 -0.0123768 0.013427 0.0744014 0.00960401 0.0583865 -0.0760018 -0.0157085 -0.0407401 -0.0167324 -0.0621524 0.000291784 0.0363861 -0.0826722 
-0.0335441 0.0655022 -0.0149614 0.0314121 0.0643672 -0.00935475 0.00920816 0.0567908 -0.05979 0.030064 0.0808519 -0.0799115 0 -0.00618227 -0.0736612 -0.0718616 0.0632659 -0.0718547 -0.0154915 -0.0285977 -0.0897668 0.09451 0.0586661 -0.00894 -0.0241356 0.0554267 
-0.0739289 -0.0530459 0.0556497 0.0231936 0.0914013 -0.081467 0.0792181 0.0672998 0.0896653 -0.0708386 0.00286737 0.0123768 0.00618227 0 0.0609946 0.0446455 0.0814155 0.0576625 -0.0304864 0.00755604 -0.0631606 0.066948 0.0760965 -0.0191233 -0.0603465 0.0508369 
-0.0358395 -0.00948143 0.0121222 -0.00718962 -0.0549062 -0.0145149 0.026623 0.0387969 0.0101934 0.0946166 0.0620949 -0.013427 0.0736612 -0.0609946 0 0.0814024 -0.0566062 -0.0783756 0.0949282 0.0350108 0.0882607 0.0148487 -0.00460675 0.0973876 0.00680273 -0.00632639 
-0.0591112 0.0762736 0.00455654 -0.0349076 -0.0601007 0.0542485 -0.0220848 0.00334443 -0.0427939 0.0982615 0.0772748 -0.0744014 0.0718616 -0.0446455 -0.0814024 0 0.0589654 0.0523173 0.0242828 0.0383444 -0.0888218 0.048984 0.0185075 0.0777497 -0.0948578 -0.0681558 
0.0334537 -0.0450785 -0.00996137 0.0824744 -0.0108797 0.074867 0.0120792 0.0579256 -0.0927406 0.00159706 0.0927904 -0.00960401 -0.0632659 -0.0814155 0.0566062 -0.0589654 0 0.0516843 -0.0957692 -0.0791284 0.0926536 -0.0103805 -0.0650103 0.0563709 0.0621162 0.0248878 
0.0307132 -0.0665335 -0.0994389 -0.00532987 0.0285732 -0.0393066 0.0833718 0.0194043 -0.0411456 -0.0560004 0.0035721 -0.0583865 0.0718547 -0.0576625 0.0783756 -0.0523173 -0.0516843 0 0.0957371 -0.0326178 0.0844341 -0.0561663 0.0944863 0.063889 0.0613372 -0.0529569 
0.0933505 -0.0388512 -0.0521244 -0.00871541 0.0675657 -0.00328864 0.004764 0.0485311 -0.0861896 -0.0878048 0.0456921 0.0760018 0.0154915 0.0304864 -0.0949282 -0.0242828 0.0957692 -0.0957371 0 0.00461175 0.0783216 0.0986827 0.0223313 0.0557887 -0.073497 -0.0898753 
-0.0455172 0.0500775 -0.0261731 -0.0307285 -0.0110714 0.0881116 -0.0916061 -0.0223685 -0.00931573 0.0366253 0.00260541 0.0157085 0.0285977 -0.00755604 -0.0350108 -0.0383444 0.0791284 0.0326178 -0.00461175 0 0.092341 0.0978533 0.0711373 -0.0320085 -0.00667354 0.0274925 
-0.0905637 -0.0568112 0.0516158 0.0338156 -0.028767 0.0465393 -0.0254433 -0.0491367 -0.091274 -0.0946207 -0.0489133 0.0407401 0.0897668 0.0631606 -0.0882607 0.0888218 -0.0926536 -0.0844341 -0.0783216 -0.092341 0 0.0777624 0.0643703 -0.0166784 -0.0797154 -0.059251 
-0.0538006 -0.0488555 0.051174 -0.0968424 -0.0360567 -0.0126464 0.0203054 0.00447214 0.00988635 0.0857463 0.0606884 0.0167324 -0.09451 -0.066948 -0.0148487 -0.048984 0.0103805 0.0561663 -0.0986827 -0.0978533 -0.0777624 0 -0.0841095 -0.0531767 -0.0301533 0.0910539 
0.0279908 0.0691964 0.0388393 0.0854548 -0.0875265 -0.0696099 -0.0159288 0.0219662 0.055297 0.0860312 0.0652295 0.0621524 -0.0586661 -0.0760965 0.00460675 -0.0185075 0.0650103 -0.0944863 -0.0223313 -0.0711373 -0.0643703 0.0841095 0 -0.0791545 0.0297906 -0.00859055 
0.000585933 0.0205678 -0.0111673 0.00746725 -0.0014973 0.0218201 0.0303759 -0.0519434 -0.0593672 0.047876 0.0402406 -0.000291784 0.00894 0.0191233 -0.0973876 -0.0777497 -0.0563709 -0.063889 -0.0557887 0.0320085 0.0166784 0.0531767 0.0791545 0 -0.0496068 -0.0370792 
0.0893896 -0.0943836 -0.0747914 -0.0262391 0.00190145 0.0279193 -0.0367664 0.0728829 -0.0322702 -0.0726372 -0.0502825 -0.0363861 0.0241356 0.0603465 -0.00680273 0.0948578 -0.0621162 -0.0613372 0.073497 0.00667354 0.0797154 0.0301533 -0.0297906 0.0496068 0 -0.00263608 
-0.0900456 0.0763575 -0.00286021 -0.0907643 -0.00915103 -0.0408921 -0.0812738 -0.0248 0.0199657 -0.0337274 -0.0619336 0.0826722 -0.0554267 -0.0508369 0.00632639 0.0681558 -0.0248878 0.0529569 0.0898753 -0.0274925 0.059251 -0.0910539 0.00859055 0.0370792 0.00263608 0 
