25

16000 4500

30 55 80

3

0 48770 39340 22230 64390 98320 41770 93700 66370 66160 99660 75010 58210 77060 76780 58720 65100 85990 34180 98420 92610 39820 51200 55380 80930 48290 
48740 0 53340 32280 110290 99400 76170 130960 112070 83910 90410 70320 30070 123200 116280 80480 59910 132130 79880 144320 77390 79730 97100 86940 89500 68390 
39030 53410 0 28220 71790 63860 71050 79180 87490 100960 134800 110150 37800 88980 100300 89410 99040 96080 57700 100710 127750 34500 54700 84660 117910 86230 
22240 32260 28160 0 79130 88730 63440 102450 83470 78760 107140 81760 37670 94120 93880 72980 71350 102730 51280 113160 98860 48570 65940 74210 91250 60890 
64740 110470 71490 79420 0 114450 57720 64800 25060 87370 143520 118870 109010 18900 46380 75820 112210 26000 33370 45370 139720 38500 17870 60500 106030 81290 
98080 99420 63910 88880 114560 0 128100 79910 133170 158870 192070 166860 72670 131750 151120 147320 154830 138850 109290 128701 179050 78870 96000 141710 178900 143270 
41730 76130 71530 63500 57750 128570 0 107380 46000 37250 89200 64550 92540 60290 44080 25700 58720 72010 25920 100030 86230 53500 56390 15800 55910 25680 
93850 131090 79630 102620 65590 80000 107470 0 87650 140140 183170 158520 114210 79330 106840 128590 148610 73790 85770 54270 176120 54680 56590 120380 158050 125400 
66201 111851 87560 84181 25300 135531 45890 86890 0 70392 129010 104360 120811 17150 22310 60330 98530 28410 33441 61950 126040 54710 39440 44910 90152 67400 
66120 83940 101020 78740 87120 162281 37180 139690 70471 0 61170 38020 110040 82852 55920 12120 42660 93882 61750 127652 61570 85810 92220 28150 20240 19390 
99770 90630 135020 106990 143730 192400 89070 183240 129530 60980 0 25940 120240 142892 115960 70480 35770 154072 112970 184480 13310 129360 137200 86670 40880 63930 
74510 70320 109760 81710 118470 165980 63810 157980 104270 37400 25890 0 101330 118560 92740 45630 10490 130280 87710 159220 24780 104100 111940 61760 27730 38670 
58220 30380 37910 37620 109360 72280 92520 114130 120010 109770 120320 101630 0 126550 130420 103990 90290 133650 87820 138280 107300 72070 92270 103290 117660 89960 
77440 123300 89210 94840 19330 132170 60310 78320 17570 82983 143233 118780 126730 0 32730 75362 112950 11720 44890 44800 140460 56220 35590 59942 102743 81830 
76641 116530 100391 94621 46370 151222 44550 105700 22020 55791 116041 93331 131251 32780 0 49340 89150 41630 43881 75821 116660 72510 58250 33920 75551 59140 
58710 80460 89900 72920 75880 151161 25940 128570 60470 12120 70610 46270 104230 75111 49340 0 44430 86141 50510 117230 70090 74690 80980 16390 30780 14420 
64990 59910 98930 71300 112290 154500 58590 148460 99050 42650 35930 10480 89990 113340 89490 44690 0 125060 80460 149700 27750 94580 102420 56540 36340 33450 
86120 131980 95900 102020 26020 138860 71980 72990 28580 93883 154133 130450 133420 11880 41560 86262 124620 0 53570 35480 152130 62910 42280 70842 113643 93490 
34380 80200 57830 52060 33150 109601 25890 85770 33510 61830 112990 88340 88690 44640 43920 50280 80630 53570 0 75430 108140 31890 34510 38310 80490 49470 
98280 144010 100640 112960 45110 128932 99910 53770 61790 127553 183760 159110 138160 44840 75750 116920 149200 35200 75560 0 176710 67650 48250 101600 147130 123020 
92500 77580 127750 98810 139800 179350 86100 175970 126560 61540 13340 25000 107190 140850 116880 69950 27750 152570 107970 177210 0 122090 129930 84050 43350 60960 
39850 79670 34500 48620 38910 78720 53470 54560 54680 86140 129170 104520 72020 56100 72510 74590 94610 63200 31770 67830 122120 0 21820 66380 104050 71400 
51350 97080 55030 66030 18070 95930 56590 56430 39380 92530 136830 112180 92550 35260 58570 80980 102270 42360 34480 48350 129780 22040 0 69100 111130 78480 
55380 86690 85180 74050 60720 144241 15840 119800 44720 28070 86650 62000 103090 59361 33590 16360 56170 70391 38230 102070 83680 66340 68780 0 46730 26170 
81150 89490 118000 91250 106010 178970 56070 158150 90511 20620 41440 28280 117790 102892 75960 31010 36320 113922 80640 147360 43970 104270 111110 47040 0 34420 
48060 68220 86390 60680 81280 146200 25550 125060 67500 19410 63930 39280 89720 81790 59190 14780 33450 93510 49450 123050 60960 71190 79080 26240 34180 0 

0 Ciudad_0 0 0 32400 0
1 Ciudad_1 481 12224 26824 962
2 Ciudad_2 542 13702 25951 1084
3 Ciudad_3 215 5909 17146 430
4 Ciudad_4 567 5494 9701 1134
5 Ciudad_5 264 5014 12463 528
6 Ciudad_6 188 11919 23274 376
7 Ciudad_7 586 8490 21870 1172
8 Ciudad_8 310 11209 17828 620
9 Ciudad_9 552 10548 21499 1104
10 Ciudad_10 794 8348 22421 1588
11 Ciudad_11 429 4810 14152 858
12 Ciudad_12 530 3456 7571 1060
13 Ciudad_13 226 15805 20146 452
14 Ciudad_14 256 7099 9140 512
15 Ciudad_15 787 12413 25907 1574
16 Ciudad_16 192 14214 21666 384
17 Ciudad_17 417 11773 25415 834
18 Ciudad_18 634 8353 14037 1268
19 Ciudad_19 504 6552 20158 1008
20 Ciudad_20 655 7355 17462 1310
21 Ciudad_21 597 18375 24958 1194
22 Ciudad_22 363 2960 16949 726
23 Ciudad_23 716 15535 26001 1432
24 Ciudad_24 372 16345 19957 744
25 Ciudad_25 561 5581 16501 1122

0 -0.0449091 -0.0313448 0.0110468 -0.0481216 -0.057981 0.0891719 -0.0220601 0.0339519 -0.0233546 -0.0478153 -0.0270738 -0.0590984 -0.0151373 0.0835027 0.0297337 -0.0595751 0.0275322 -0.0750039 -0.00790616 -0.0279145 0.0837927 0.0102053 0.0521467 0.0740987 0.00835304 
0.0449091 0 0.0404284 0.00498561 -0.0463699 -0.0535064 -0.0221354 -0.039055 -0.0105868 0.0342714 -0.0426218 -0.0383041 0.00637838 0.0149652 -0.0593018 -0.0295075 -0.058885 -0.0795658 0.0240448 -0.0151806 -0.0564175 0.0581038 0.0482396 0.0450709 0.0807138 0.0408148 
0.0313448 -0.0404284 0 0.0290736 -0.0715226 0.0694683 -0.0618359 0.0404903 0.0608196 0.00523015 0.00350346 -0.0508943 0.0346067 -0.0657435 -0.0105162 0.0596541 0.0927853 0.0250455 0.0221234 -0.021148 -0.0933018 0.0327811 -0.0208566 0.0179682 -0.0406649 0.0727111 
-0.0110468 -0.00498561 -0.0290736 0 -0.0169631 0.0229302 -0.0565232 -0.0324727 -0.0891633 -0.0929986 -0.0192469 0.00653008 0.0143138 -0.0746285 -0.0437416 0.081238 0.0877479 0.0811625 -0.0547487 0.000602068 -0.0434033 -0.00540318 -0.00624775 -0.0143685 -0.0750948 -0.0131099 
0.0481216 0.0463699 0.0715226 0.0169631 0 -0.00337287 0.055872 -0.028582 -0.0570717 0.0657582 0.0175812 0.0389565 -0.0435747 0.014524 0.00294738 -0.0719638 0.027953 0.0620255 -0.013149 0.00218561 0.0508803 -0.0298278 -0.035216 -0.0560473 -0.0305744 0.010272 
0.057981 0.0535064 -0.0694683 -0.0229302 0.00337287 0 0.0707917 0.0302403 -0.039731 -0.0545503 -0.00657765 -0.060952 -0.0707831 -0.0917999 0.0197737 -0.0483069 0.0832514 0.039219 0.0888311 -0.0869224 0.0495302 -0.0457146 -0.0763373 0.0610699 -0.0595483 -0.0670455 
-0.0891719 0.0221354 0.0618359 0.0565232 -0.055872 -0.0707917 0 -0.0308284 -0.0393243 0.0233002 -0.0408645 0.00238732 0.0875129 -0.0420472 0.0723504 0.0618927 -0.0856845 0.0715738 -0.0249985 0.0194393 -0.092973 -0.0267944 -0.03915 0.0663257 0.0772697 -0.0265087 
0.0220601 0.039055 -0.0404903 0.0324727 0.028582 -0.0302403 0.0308284 0 -0.06779 -0.0973148 -0.0113408 0.0331446 0.0846997 -0.0924562 -0.0800276 -0.0866944 -0.0568138 0.0828465 0.0807755 -0.0367331 0.0363852 -0.033156 -0.0149625 0.0656578 0.0439228 0.00167344 
-0.0339519 0.0105868 -0.0608196 0.0891633 0.0570717 0.039731 0.0393243 0.06779 0 0.0803055 0.00920276 -0.0526576 -0.0693985 -0.00418127 -0.0688269 -0.0218796 -0.0555297 0.0515194 -0.0199863 0.0050736 -0.0350123 0.0435926 0.000433516 0.0687086 -0.0103481 -0.0444639 
0.0233546 -0.0342714 -0.00523015 0.0929986 -0.0657582 0.0545503 -0.0233002 0.0973148 -0.0803055 0 -0.0249794 0.0663865 -0.0564137 -0.0114207 -0.0839229 -0.0365574 -0.0316297 0.0272181 -0.0408809 -0.0883207 0.0081714 -0.0446629 0.045233 -0.0369231 -0.0324196 0.0785091 
0.0478153 0.0426218 -0.00350346 0.0192469 -0.0175812 0.00657765 0.0408645 0.0113408 -0.00920276 0.0249794 0 -0.0362054 -0.00593497 -0.0949079 0.0360844 -0.0248151 0.071496 -0.0309494 0.0240329 -0.0101625 0.0933549 -0.0330769 0.060886 -0.0535177 -0.0547851 -0.0478856 
0.0270738 0.0383041 0.0508943 -0.00653008 -0.0389565 0.060952 -0.00238732 -0.0331446 0.0526576 -0.0663865 0.0362054 0 0.0463852 0.0814793 0.062931 -0.05525 0.0288777 -0.0488327 0.0625707 0.0270844 0.0212724 0.00942709 0.063699 0.0341267 -0.0821629 -0.00101835 
0.0590984 -0.00637838 -0.0346067 -0.0143138 0.0435747 0.0707831 -0.0875129 -0.0846997 0.0693985 0.0564137 0.00593497 -0.0463852 0 -0.0375027 0.092296 -0.028881 -0.0978073 -0.0712114 0.05848 -0.0842255 0.0977522 0.0369452 -0.0762574 0.0541167 -0.0239724 -0.0317967 
0.0151373 -0.0149652 0.0657435 0.0746285 -0.014524 0.0917999 0.0420472 0.0924562 0.00418127 0.0114207 0.0949079 -0.0814793 0.0375027 0 -0.0567948 -0.0468544 0.0203715 -0.00692845 0.0658724 -0.0666032 -0.0151039 0.00745223 0.0325597 0.00351955 0.0930604 0.0152753 
-0.0835027 0.0593018 0.0105162 0.0437416 -0.00294738 -0.0197737 -0.0723504 0.0800276 0.0688269 0.0839229 -0.0360844 -0.062931 -0.092296 0.0567948 0 -0.0605238 0.0530988 -0.0189834 -0.0235927 -0.0651292 -0.0359286 0.0794679 -0.0206441 -0.0921531 0.0247658 -0.00478094 
-0.0297337 0.0295075 -0.0596541 -0.081238 0.0719638 0.0483069 -0.0618927 0.0866944 0.0218796 0.0365574 0.0248151 0.05525 0.028881 0.0468544 0.0605238 0 0.0911299 -0.00920958 -0.0482518 -0.0333634 0.091637 -0.0273177 -0.0970267 -0.0252092 0.0473192 -0.0165559 
0.0595751 0.058885 -0.0927853 -0.0877479 -0.027953 -0.0832514 0.0856845 0.0568138 0.0555297 0.0316297 -0.071496 -0.0288777 0.0978073 -0.0203715 -0.0530988 -0.0911299 0 0.0300906 -0.00888909 0.0793296 0.0885363 0.021881 0.0790208 -0.0850706 -0.0757386 0.0734562 
-0.0275322 0.0795658 -0.0250455 -0.0811625 -0.0620255 -0.039219 -0.0715738 -0.0828465 -0.0515194 -0.0272181 0.0309494 0.0488327 0.0712114 0.00692845 0.0189834 0.00920958 -0.0300906 0 -0.0727095 -0.000343911 -0.0243516 0.0375318 -0.00352176 0.0251427 0.0904764 0.0237337 
0.0750039 -0.0240448 -0.0221234 0.0547487 0.013149 -0.0888311 0.0249985 -0.0807755 0.0199863 0.0408809 -0.0240329 -0.0625707 -0.05848 -0.0658724 0.0235927 0.0482518 0.00888909 0.0727095 0 0.0172989 0.00224359 0.027648 -0.0950429 -0.0504108 0.043838 0.0765867 
0.00790616 0.0151806 0.021148 -0.000602068 -0.00218561 0.0869224 -0.0194393 0.0367331 -0.0050736 0.0883207 0.0101625 -0.0270844 0.0842255 0.0666032 0.0651292 0.0333634 -0.0793296 0.000343911 -0.0172989 0 -0.0376459 -0.0688644 -0.0580168 -0.0848627 0.0334315 0.0760503 
0.0279145 0.0564175 0.0933018 0.0434033 -0.0508803 -0.0495302 0.092973 -0.0363852 0.0350123 -0.0081714 -0.0933549 -0.0212724 -0.0977522 0.0151039 0.0359286 -0.091637 -0.0885363 0.0243516 -0.00224359 0.0376459 0 -0.0403319 -0.0618582 -0.0550007 -0.0341396 0.0135874 
-0.0837927 -0.0581038 -0.0327811 0.00540318 0.0298278 0.0457146 0.0267944 0.033156 -0.0435926 0.0446629 0.0330769 -0.00942709 -0.0369452 -0.00745223 -0.0794679 0.0273177 -0.021881 -0.0375318 -0.027648 0.0688644 0.0403319 0 -0.0914963 0.0642088 -0.0572262 -0.0740496 
-0.0102053 -0.0482396 0.0208566 0.00624775 0.035216 0.0763373 0.03915 0.0149625 -0.000433516 -0.045233 -0.060886 -0.063699 0.0762574 -0.0325597 0.0206441 0.0970267 -0.0790208 0.00352176 0.0950429 0.0580168 0.0618582 0.0914963 0 -0.0103493 0.0401931 -0.053433 
-0.0521467 -0.0450709 -0.0179682 0.0143685 0.0560473 -0.0610699 -0.0663257 -0.0656578 -0.0687086 0.0369231 0.0535177 -0.0341267 -0.0541167 -0.00351955 0.0921531 0.0252092 0.0850706 -0.0251427 0.0504108 0.0848627 0.0550007 -0.0642088 0.0103493 0 0.0748676 0.0061257 
-0.0740987 -0.0807138 0.0406649 0.0750948 0.0305744 0.0595483 -0.0772697 -0.0439228 0.0103481 0.0324196 0.0547851 0.0821629 0.0239724 -0.0930604 -0.0247658 -0.0473192 0.0757386 -0.0904764 -0.043838 -0.0334315 0.0341396 0.0572262 -0.0401931 -0.0748676 0 0.0222758 
-0.00835304 -0.0408148 -0.0727111 0.0131099 -0.010272 0.0670455 0.0265087 -0.00167344 0.0444639 -0.0785091 0.0478856 0.00101835 0.0317967 -0.0152753 0.00478094 0.0165559 -0.0734562 -0.0237337 -0.0765867 -0.0760503 -0.0135874 0.0740496 0.053433 -0.0061257 -0.0222758 0 
