25

16000 4500

30 55 80

3

0 84691 53260 79961 65720 52770 79150 89540 41820 36380 87010 42570 39980 85140 40570 24970 5450 78790 68270 33300 94040 79210 86830 88930 81350 65730 
84511 0 94941 14490 86280 96411 80270 113060 124051 55520 105520 58150 78581 42760 122801 108241 80951 101840 95520 98051 148761 134191 63790 107450 87390 121181 
52820 94361 0 89631 39310 10860 60990 47001 87310 46050 58260 52240 17130 94810 86060 72450 49100 35031 26730 37080 59090 47660 74350 55110 61790 36740 
79441 14400 89871 0 81210 91341 77260 108000 118981 48540 100460 51170 73511 28810 117731 103171 75881 96770 90450 92981 143691 129121 70350 102390 84730 116111 
65280 86760 38830 82030 0 48600 29160 28820 105720 50970 23060 57110 40720 93570 104470 89170 61560 19230 19490 69210 87330 78360 44190 23820 26790 71480 
52440 95631 10870 90901 49080 0 69280 56771 84730 47320 68030 53510 19500 96080 84320 71270 49100 44801 36500 29480 54590 40020 81900 64880 70450 27010 
78180 78740 60640 77021 28900 69040 0 52190 119140 58410 32770 64600 57340 95501 117890 102070 74460 46880 47750 86060 113550 103640 19060 39220 7820 93440 
89350 113280 47651 109710 29010 57421 52280 0 128642 76230 25560 82420 58030 120280 127392 113240 85630 12370 25970 82591 81090 78020 68670 19820 48170 77380 
41800 124711 86791 119981 104830 84810 118720 127894 0 76400 126170 82590 74331 125640 12780 40850 43710 115924 107380 59930 113230 98400 125940 128090 120510 87530 
35810 55610 46240 48520 50720 47710 58520 76110 75350 0 69960 6810 29880 50190 74100 59540 32250 65360 56020 49350 100060 85490 63110 71890 62830 72480 
85730 105660 57800 101320 22950 67570 32950 25370 127250 69870 0 76010 62890 112840 126000 110700 82010 28190 37220 91120 103330 96480 50400 6640 27030 90450 
41690 58340 52120 51250 55860 53590 63940 81990 81230 5970 75100 0 35760 52920 79980 65420 38130 71240 61900 55230 105940 91370 68530 77030 68100 78360 
39550 78521 17650 73791 40280 19520 57950 58400 74400 30210 62730 36400 0 78970 73150 59540 35830 47260 36040 28980 72800 58230 68000 60810 59640 45220 
84800 42620 95230 28750 93070 96700 95870 120370 125140 50180 112830 52810 78870 0 123890 108530 81240 109150 102310 98340 149050 134480 89370 114760 100750 121470 
40610 123521 85561 118791 103640 84111 117530 126664 12040 75210 124980 81400 73101 124450 0 39660 42520 114694 106190 60930 116820 101990 124750 126900 119320 91120 
25410 108851 72690 104121 89820 71240 103250 113640 40870 60540 111160 66730 60230 109300 39620 0 28700 101823 92370 48860 109600 94770 110930 113080 105500 81290 
4370 81181 48800 76451 61300 48750 74730 85120 43750 32870 82590 39060 35520 81630 42500 28530 0 74370 63850 30710 91450 76620 82410 84510 76930 63140 
78370 101710 35531 96980 18890 45301 46650 12320 116522 65250 28270 71440 46550 108600 115272 101662 74650 0 14490 70471 77210 71190 61880 22630 43440 65970 
68550 96110 26720 91380 19300 36490 47290 25140 107711 56170 37450 62360 35670 102840 106461 92440 64830 14000 0 60950 72050 63080 62220 32600 44920 57830 
32990 97941 37080 93211 68950 29460 86220 81931 59840 49630 91040 55820 29440 98390 60930 48630 30630 69961 60720 0 63100 48270 94520 88570 87910 34830 
93810 148921 59530 144191 87020 54750 114420 81550 113370 100610 104210 106800 72940 149370 117100 110320 91450 77220 71700 63220 0 15580 128410 99040 112640 28440 
78870 134231 47190 129501 77170 40060 103610 78020 98430 85920 95530 92110 58250 134680 102160 95380 76510 70241 61850 48280 14830 0 116970 90931 102790 13500 
85790 61740 74100 70760 44050 81780 18380 68570 126230 62800 50230 68990 68160 89420 124980 109680 82070 62220 62510 94800 127580 117100 0 56680 25500 106900 
87710 107640 54760 103300 23550 64530 39250 19750 129230 71850 6630 77990 60970 114820 127980 112680 83990 22670 33200 88630 98910 92151 56760 0 33330 86901 
80760 85770 61930 85391 26360 70420 8660 47440 121970 63620 26520 69810 59920 101050 120720 105420 77040 43330 45080 88640 112920 103950 25270 32970 0 94730 
65370 121171 37110 116441 72070 27000 94240 77561 87540 72860 90880 79050 45190 121620 91270 81880 63010 65591 57200 34780 28310 13480 107600 86281 95040 0 

0 Ciudad_0 0 0 32400 0
1 Ciudad_1 667 4666 19266 1334
2 Ciudad_2 192 17619 29868 384
3 Ciudad_3 317 10006 21243 634
4 Ciudad_4 395 4218 8425 790
5 Ciudad_5 398 16541 23990 796
6 Ciudad_6 136 8455 19810 272
7 Ciudad_7 812 4097 17477 1624
8 Ciudad_8 545 9347 15966 1090
9 Ciudad_9 300 10904 21855 600
10 Ciudad_10 469 7920 21993 938
11 Ciudad_11 626 20039 29381 1252
12 Ciudad_12 606 11623 15738 1212
13 Ciudad_13 165 24152 28493 330
14 Ciudad_14 174 23098 25139 348
15 Ciudad_15 303 5829 19323 606
16 Ciudad_16 166 6227 13679 332
17 Ciudad_17 199 12764 26406 398
18 Ciudad_18 521 20322 26006 1042
19 Ciudad_19 404 11708 25314 808
20 Ciudad_20 599 15772 25879 1198
21 Ciudad_21 464 4382 10965 928
22 Ciudad_22 579 8487 22476 1158
23 Ciudad_23 113 6082 16548 226
24 Ciudad_24 403 14751 18363 806
25 Ciudad_25 746 9343 20263 1492

0 -0.0802454 -0.0414191 -0.02104 -0.0790552 0.0284972 0.0507477 0.0492573 0.0851172 -0.0190647 0.0740843 0.0447763 0.0252882 -0.0667212 -0.030451 -0.0305958 0.028731 -0.00641885 0.0514238 -0.0514653 -0.0399449 0.0275425 -0.0848714 0.00121151 -0.0785843 0.0144253 
0.0802454 0 0.0730361 -0.0927416 0.051386 -0.00544643 -0.0402665 -0.0389457 0.0855737 0.0446336 -0.0970254 0.0347674 -0.0614493 -0.03564 -0.0317702 0.059068 0.0122839 -0.0824217 0.0956819 -0.0103026 -0.0840853 -0.0337057 0.0777287 -0.0280295 0.0935751 0.0619246 
0.0414191 -0.0730361 0 0.0126433 -0.0719728 -0.0336232 -0.0100703 -0.0908739 0.0474085 -0.019931 0.0189566 -0.07173 0.00628277 0.0858107 0.0638003 0.0809975 -0.0104512 0.0445761 0.0634886 0.0538756 0.03718 0.0744428 0.0493199 0.0994482 -0.00897179 0.036131 
0.02104 0.0927416 -0.0126433 0 0.0861876 -0.000516652 0.0066552 0.0879213 -0.0992382 -0.0175247 -0.0630487 -0.078847 0.0210039 0.0348311 0.0839438 0.0593193 -0.0636542 0.0777827 -0.0485525 0.0401054 0.0872759 -0.0980209 0.0122044 0.0128963 -0.0363602 -0.0922101 
0.0790552 -0.051386 0.0719728 -0.0861876 0 -0.00657496 -0.0998785 0.0140741 0.0696547 -0.049593 -0.00299888 0.0886028 0.0762971 -0.0052966 -0.0113994 -0.0436228 -0.05393 -0.0134771 -0.0340138 0.033837 -0.0429561 0.053981 -0.0363147 0.0835101 0.0951863 -0.0656666 
-0.0284972 0.00544643 0.0336232 0.000516652 0.00657496 0 0.0887538 0.0707748 -0.0711411 -0.0467236 0.0704396 0.0234466 -0.00236746 -0.0474185 -0.0624677 0.00754747 0.0222119 -0.0592719 0.0931638 -0.0302831 -0.0564711 0.000843223 0.0412666 0.0299939 0.0364801 -0.0538683 
-0.0507477 0.0402665 0.0100703 -0.0066552 0.0998785 -0.0887538 0 0.0815327 0.06855 -0.097037 -0.00627175 -0.030161 -0.0460812 0.0779942 0.0992109 -0.0881411 0.0128923 0.0556143 -0.0832059 -0.0975384 0.0898591 -0.0619801 0.0576495 -0.0105743 0.058204 -0.099969 
-0.0492573 0.0389457 0.0908739 -0.0879213 -0.0140741 -0.0707748 -0.0815327 0 0.00184485 0.0409768 0.0552539 -0.0855931 -0.0246999 0.0443644 0.0266018 0.0133014 0.0263214 0.0570825 -0.0944553 -0.0738735 0.080484 -0.0874059 -0.0957519 -0.00210904 -0.0611036 -0.0232423 
-0.0851172 -0.0855737 -0.0474085 0.0992382 -0.0696547 0.0711411 -0.06855 -0.00184485 0 -0.0165292 -0.00751434 0.099048 0.0568142 0.0486104 -0.0324564 0.0357226 0.00528141 0.0332391 0.0347012 0.0838431 -0.0480602 0.0176407 0.0616547 -0.0941197 -0.0479474 -0.0439631 
0.0190647 -0.0446336 0.019931 0.0175247 0.049593 0.0467236 0.097037 -0.0409768 0.0165292 0 -0.0833109 0.0722698 0.0479219 0.016569 0.0263748 -0.0715886 -0.0404416 0.0321239 0.0501803 -0.052773 -0.00836643 -0.0906787 -0.086952 -0.0316715 0.0133853 -0.00778265 
-0.0740843 0.0970254 -0.0189566 0.0630487 0.00299888 -0.0704396 0.00627175 -0.0552539 0.00751434 0.0833109 0 0.0197044 -0.000377991 -0.0228354 -0.00215634 0.0908425 -0.0358856 0.0264698 0.0740006 -0.0494434 0.000637627 -0.029659 -0.00952955 0.0149282 -0.00741177 -0.0283495 
-0.0447763 -0.0347674 0.07173 0.078847 -0.0886028 -0.0234466 0.030161 0.0855931 -0.099048 -0.0722698 -0.0197044 0 -0.0059408 0.0112127 -0.0556701 0.00850693 0.00400781 0.0236505 -0.0693062 -0.0600098 -0.0140246 -0.00884562 0.0625243 -0.0703469 -0.0167138 -0.0879168 
-0.0252882 0.0614493 -0.00628277 -0.0210039 -0.0762971 0.00236746 0.0460812 0.0246999 -0.0568142 -0.0479219 0.000377991 0.0059408 0 0.048923 -0.0457153 0.0219752 -0.0622205 0.0995529 0.0406802 -0.0410464 0.0764824 -0.0354232 0.029006 -0.0874246 0.0842106 0.0267881 
0.0667212 0.03564 -0.0858107 -0.0348311 0.0052966 0.0474185 -0.0779942 -0.0443644 -0.0486104 -0.016569 0.0228354 -0.0112127 -0.048923 0 -0.0344168 0.0385271 -0.00595155 0.0463379 0.0244145 -0.0506386 0.0129818 0.0536894 -0.0211435 -0.00780164 -0.0915263 0.0684618 
0.030451 0.0317702 -0.0638003 -0.0839438 0.0113994 0.0624677 -0.0992109 -0.0266018 0.0324564 -0.0263748 0.00215634 0.0556701 0.0457153 0.0344168 0 0.0357276 -0.0665102 -0.0722661 -0.0439697 0.031768 0.0749551 -0.067471 0.0231696 -0.0740414 -0.0365227 0.035573 
0.0305958 -0.059068 -0.0809975 -0.0593193 0.0436228 -0.00754747 0.0881411 -0.0133014 -0.0357226 0.0715886 -0.0908425 -0.00850693 -0.0219752 -0.0385271 -0.0357276 0 0.0156972 0.0184885 -0.0499259 0.0286873 -0.0185706 0.0300262 -0.0771874 -0.0769184 0.0659177 0.0594927 
-0.028731 -0.0122839 0.0104512 0.0636542 0.05393 -0.0222119 -0.0128923 -0.0263214 -0.00528141 0.0404416 0.0358856 -0.00400781 0.0622205 0.00595155 0.0665102 -0.0156972 0 -0.0737878 -0.0275371 0.0278707 -0.062735 0.0130704 0.0954903 0.0472207 0.0629493 0.0461937 
0.00641885 0.0824217 -0.0445761 -0.0777827 0.0134771 0.0592719 -0.0556143 -0.0570825 -0.0332391 -0.0321239 -0.0264698 -0.0236505 -0.0995529 -0.0463379 0.0722661 -0.0184885 0.0737878 0 0.0909291 -0.0851112 -0.0727761 -0.00876496 0.0797256 0.0702563 0.0911549 0.0746463 
-0.0514238 -0.0956819 -0.0634886 0.0485525 0.0340138 -0.0931638 0.0832059 0.0944553 -0.0347012 -0.0501803 -0.0740006 0.0693062 -0.0406802 -0.0244145 0.0439697 0.0499259 0.0275371 -0.0909291 0 -0.00501253 -0.0463508 -0.0161389 0.0121656 -0.0560987 0.0445776 -0.0332211 
0.0514653 0.0103026 -0.0538756 -0.0401054 -0.033837 0.0302831 0.0975384 0.0738735 -0.0838431 0.052773 0.0494434 0.0600098 0.0410464 0.0506386 -0.031768 -0.0286873 -0.0278707 0.0851112 0.00501253 0 -0.0837359 0.0786114 0.0269461 -0.00222135 0.0779495 -0.0438646 
0.0399449 0.0840853 -0.03718 -0.0872759 0.0429561 0.0564711 -0.0898591 -0.080484 0.0480602 0.00836643 -0.000637627 0.0140246 -0.0764824 -0.0129818 -0.0749551 0.0185706 0.062735 0.0727761 0.0463508 0.0837359 0 -0.0840648 0.0965485 -0.070771 -0.0111747 0.0300647 
-0.0275425 0.0337057 -0.0744428 0.0980209 -0.053981 -0.000843223 0.0619801 0.0874059 -0.0176407 0.0906787 0.029659 0.00884562 0.0354232 -0.0536894 0.067471 -0.0300262 -0.0130704 0.00876496 0.0161389 -0.0786114 0.0840648 0 -0.0636229 0.0630821 -0.0550759 -0.0736276 
0.0848714 -0.0777287 -0.0493199 -0.0122044 0.0363147 -0.0412666 -0.0576495 0.0957519 -0.0616547 0.086952 0.00952955 -0.0625243 -0.029006 0.0211435 -0.0231696 0.0771874 -0.0954903 -0.0797256 -0.0121656 -0.0269461 -0.0965485 0.0636229 0 -0.0476355 0.0607153 -0.0925896 
-0.00121151 0.0280295 -0.0994482 -0.0128963 -0.0835101 -0.0299939 0.0105743 0.00210904 0.0941197 0.0316715 -0.0149282 0.0703469 0.0874246 0.00780164 0.0740414 0.0769184 -0.0472207 -0.0702563 0.0560987 0.00222135 0.070771 -0.0630821 0.0476355 0 -0.0181323 0.0678886 
0.0785843 -0.0935751 0.00897179 0.0363602 -0.0951863 -0.0364801 -0.058204 0.0611036 0.0479474 -0.0133853 0.00741177 0.0167138 -0.0842106 0.0915263 0.0365227 -0.0659177 -0.0629493 -0.0911549 -0.0445776 -0.0779495 0.0111747 0.0550759 -0.0607153 0.0181323 0 -0.0837618 
-0.0144253 -0.0619246 -0.036131 0.0922101 0.0656666 0.0538683 0.099969 0.0232423 0.0439631 0.00778265 0.0283495 0.0879168 -0.0267881 -0.0684618 -0.035573 -0.0594927 -0.0461937 -0.0746463 0.0332211 0.0438646 -0.0300647 0.0736276 0.0925896 -0.0678886 0.0837618 0 
