25

16000 4500

30 55 80

3

0 75060 84260 13460 65680 55550 29690 76890 10270 12810 59590 64550 21780 43780 54590 25380 33610 47670 22700 99820 22430 23450 74590 22640 49560 50710 
75200 0 151290 85940 16570 25590 63750 144010 81721 69020 24330 12820 56380 40840 26300 97590 43130 118500 58550 173390 94820 66420 42360 76210 27330 27290 
82690 151181 0 84100 141761 137322 89710 11490 74860 94080 141362 142631 103810 115900 133451 90960 114992 39130 94121 43670 90860 86261 138450 78510 126931 126581 
12740 86680 84280 0 77300 67170 40090 76910 11740 19460 71210 76170 33350 55400 66210 12340 45230 47690 33780 93610 9700 32740 86210 29580 61180 62330 
66020 16810 141970 76760 0 24180 54430 134690 72401 59840 23620 13870 47200 27790 18700 88410 33970 109180 49230 163291 85640 57100 29220 66890 18170 17260 
55570 25620 137382 66310 24210 0 50540 130102 64050 48700 4520 14130 35730 31000 7150 77960 24360 101450 44650 153600 75190 53210 45930 62342 14740 16710 
29390 63570 89760 40290 54150 49970 0 82480 32800 35560 54010 55020 30340 27410 45840 52210 28550 58290 10820 113750 49460 9270 51690 16140 39320 38970 
75160 143481 11420 76570 134061 129622 82010 0 67330 86550 133662 134931 96280 108200 125751 83430 107292 31600 86421 49460 83330 78561 130750 70810 119231 118881 
8990 81681 75900 11730 72261 64170 32620 68530 0 21460 68210 73131 30400 49820 63210 21940 42230 39310 26870 93200 20530 25070 80630 21450 57431 57081 
13270 68910 94440 19580 59530 48540 35250 87070 21500 0 52580 57540 14230 42050 47580 31230 27460 57850 25810 108120 28460 33800 72860 34120 43410 44560 
59570 24400 141382 70310 23620 4460 54540 134102 68050 52700 0 12910 39730 34180 11150 81960 28360 105450 48650 157600 79190 57210 47820 66342 18740 19890 
64480 12760 142960 75220 13820 14270 55420 135680 72960 57610 13010 0 44640 33290 14150 86870 33270 110170 50220 162510 84100 58090 43040 67880 19000 19000 
21430 56320 103900 32170 46940 35770 30030 96530 29910 14100 39810 44770 0 30360 34810 43820 14870 67310 22020 119460 41050 30670 61170 37771 30720 31970 
44800 40600 115940 55580 27830 31120 27370 108660 49920 42240 34100 33140 30440 0 24090 67230 21370 85150 25420 140610 64460 33290 31900 43000 19440 16010 
54510 26000 133530 65250 18710 7070 45980 126240 62990 47640 11080 14040 34670 24050 0 76900 23300 100390 40780 152540 74130 48650 40170 58440 9560 9760 
24410 98470 91250 12390 89090 78960 52010 83880 21910 31250 83000 87960 45140 67190 78000 0 57020 54660 45700 88660 3920 44660 98000 41500 72970 74120 
35880 43350 117062 46620 33970 22620 30910 109782 44360 29700 26660 31620 17060 22380 21660 58270 0 81760 24330 133910 55500 32980 52460 42022 17570 19820 
46150 117921 39180 47560 108501 101040 58300 31810 38320 57540 105080 109371 67270 85220 100080 54420 79100 0 61340 57360 54320 53480 109240 42970 93671 93321 
22860 58620 94200 34010 49200 44270 10730 86920 27130 25880 48310 50070 22070 25460 40890 45930 21940 61410 0 116830 43180 9330 56270 19120 34370 34020 
99310 173500 43750 93890 163471 153990 113720 49630 92880 108020 158030 162990 120220 140640 153030 88780 132050 57420 116760 0 92150 108900 164660 98390 148000 148291 
21710 95770 91010 9770 86390 76260 49400 83640 20540 28550 80300 85260 42440 64490 75300 3900 54320 54420 43090 92100 0 42050 95300 38890 70270 71420 
22270 66360 86370 32780 56940 52760 9300 79090 25290 33850 56800 57810 30670 33200 48630 44700 30540 53580 9300 109040 41950 0 60500 11290 42110 41760 
75560 42280 138510 86340 29510 46320 51670 131230 80680 73000 47930 43390 61200 31900 40070 97990 51250 109320 56180 164780 95220 60430 0 67300 38240 35790 
21060 76210 78280 29720 66790 62401 16230 71000 21410 33790 66441 67660 38150 43050 58480 41640 40071 43040 19150 98500 38890 11290 67430 0 51960 51610 
49530 27680 126970 60270 18300 14850 39430 119690 57151 43350 18890 19130 30710 19380 9950 71920 17460 93941 34230 147560 69150 42100 38510 51890 0 5700 
50970 27370 126920 61710 17170 16800 39380 119640 57351 44790 19780 18820 32150 15980 9770 73360 19320 94130 34180 148241 70590 42050 35890 51840 5750 0 

0 Ciudad_0 0 0 32400 0
1 Ciudad_1 670 12219 26819 1340
2 Ciudad_2 439 15704 27953 878
3 Ciudad_3 725 6414 17651 1450
4 Ciudad_4 622 5357 9564 1244
5 Ciudad_5 337 11379 18828 674
6 Ciudad_6 317 12506 23861 634
7 Ciudad_7 649 12989 26369 1298
8 Ciudad_8 301 15959 22578 602
9 Ciudad_9 374 18914 29865 748
10 Ciudad_10 819 10423 24496 1638
11 Ciudad_11 679 4158 13500 1358
12 Ciudad_12 798 10598 14713 1596
13 Ciudad_13 222 6711 11052 444
14 Ciudad_14 132 15399 17440 264
15 Ciudad_15 230 10236 23730 460
16 Ciudad_16 327 4330 11782 654
17 Ciudad_17 144 3889 17531 288
18 Ciudad_18 636 24281 29965 1272
19 Ciudad_19 295 12112 25718 590
20 Ciudad_20 493 10130 20237 986
21 Ciudad_21 694 22529 29112 1388
22 Ciudad_22 610 4295 18284 1220
23 Ciudad_23 650 15606 26072 1300
24 Ciudad_24 499 6816 10428 998
25 Ciudad_25 413 10830 21750 826

0 -0.0957793 -0.0760864 -0.0374275 -0.0680164 -0.0219685 0.039395 -0.0140391 0.0537313 0.0682546 0.044518 0.0643453 0.074905 -0.0124915 0.0116204 -0.0426974 0.0478918 0.0495356 0.0952893 -0.0878384 0.0288122 -0.078187 0.0219593 0.0548577 -0.0331617 0.0933199 
0.0957793 0 -0.0974878 -0.0374071 -0.0828031 0.0428725 -0.0728048 -0.0201412 0.000274731 -0.0956639 -0.0300768 -0.0632493 -0.0863723 -0.0555567 0.0242272 0.0126342 -0.0645819 0.0105757 0.0478897 -0.026509 0.0250842 -0.0367915 -0.0855528 0.074361 -0.0018096 0.0172818 
0.0760864 0.0974878 0 -0.0261744 -0.0779274 0.0973866 -0.0997158 -0.0810183 -0.0608491 0.0907201 -0.0302564 0.0427404 -0.0930069 0.0145634 -0.0117577 -0.0793583 0.00936601 -0.055634 -0.0895677 -0.0199135 0.0755114 0.00936388 -0.0837725 0.0984794 0.0638861 -0.0307919 
0.0374275 0.0374071 0.0261744 0 0.075565 -0.0727727 0.0072269 0.0422223 -0.0108196 -0.0377353 -0.0425722 0.0715613 -0.0632628 0.0828805 0.0849929 -0.0261545 -0.0400794 -0.0621425 -0.0792097 -0.0366166 0.050721 -0.0835405 -0.0542766 -0.0754788 -0.0169299 0.0823848 
0.0680164 0.0828031 0.0779274 -0.075565 0 -0.0214715 0.0959003 0.0583646 -0.0116815 -0.0370822 -0.0152381 -0.0955588 0.0798006 0.0649546 0.0606882 -0.0268798 -0.0415236 -0.0736957 -0.00587611 -0.0215773 0.0984951 0.00396444 -0.0944959 -0.0193583 0.014132 0.0784638 
0.0219685 -0.0428725 -0.0973866 0.0727727 0.0214715 0 0.0960772 0.0710898 0.0866728 0.099165 0.03468 0.0293542 -0.0528519 0.00955021 0.0894221 -0.0531581 -0.0691425 0.0838298 -0.0708643 -0.0925676 0.09921 -0.0173864 -0.0948686 -0.035814 0.00569361 0.00193341 
-0.039395 0.0728048 0.0997158 -0.0072269 -0.0959003 -0.0960772 0 0.0201653 0.0604562 -0.000998665 0.0978922 -0.0362258 -0.0629024 0.0974945 -0.0749457 0.0956503 0.00512061 0.0520089 0.0555074 -0.0991741 -0.0774747 0.0972435 -0.0800908 0.0380708 -0.0423698 0.0194141 
0.0140391 0.0201412 0.0810183 -0.0422223 -0.0583646 -0.0710898 -0.0201653 0 -0.0792169 0.059921 -0.0765598 -0.0201202 0.0912785 0.0917252 0.0649777 0.0140397 -0.0550836 -0.0181527 -0.0673172 0.0457187 -0.0408006 -0.0415793 -0.0144909 -0.0117218 0.00268347 -0.0115387 
-0.0537313 -0.000274731 0.0608491 0.0108196 0.0116815 -0.0866728 -0.0604562 0.0792169 0 -0.0164048 -0.0880226 0.0656395 0.064782 -0.0406819 -0.067166 -0.00238391 -0.0462734 0.00292161 -0.0515362 -0.0263239 0.0198718 -0.0157643 0.0145324 -0.0721912 0.0935724 0.0311466 
-0.0682546 0.0956639 -0.0907201 0.0377353 0.0370822 -0.099165 0.000998665 -0.059921 0.0164048 0 0.0138376 0.0319028 -0.0403688 0.0161793 -0.00397437 -0.0352177 0.0586598 -0.0137324 0.0346409 0.0631964 0.0351485 -0.0456726 0.0330401 0.0605992 -0.0199613 -0.0429169 
-0.044518 0.0300768 0.0302564 0.0425722 0.0152381 -0.03468 -0.0978922 0.0765598 0.0880226 -0.0138376 0 -0.00257026 0.0149554 0.0749812 0.0241672 0.0435824 -0.0335438 0.0568056 0.034257 0.0309893 0.00939521 0.010618 -0.0478813 -0.0929733 -0.0762951 -0.0554102 
-0.0643453 0.0632493 -0.0427404 -0.0715613 0.0955588 -0.0293542 0.0362258 0.0201202 -0.0656395 -0.0319028 0.00257026 0 -0.0305561 0.0301927 -0.0657257 0.0395135 -0.00949553 -0.0773402 -0.00208924 0.0895434 0.0195106 0.0986383 -0.0504536 0.0530978 -0.0179056 -0.0766278 
-0.074905 0.0863723 0.0930069 0.0632628 -0.0798006 0.0528519 0.0629024 -0.0912785 -0.064782 0.0403688 -0.0149554 0.0305561 0 -0.0769838 0.0427458 0.0329663 0.0936193 0.0023143 -0.0791801 0.0526806 0.026275 0.0934064 0.00672917 -0.0890806 -0.0416526 0.0422835 
0.0124915 0.0555567 -0.0145634 -0.0828805 -0.0649546 -0.00955021 -0.0974945 -0.0917252 0.0406819 -0.0161793 -0.0749812 -0.0301927 0.0769838 0 -0.0544802 -0.0975794 0.0270167 0.0398509 -0.0021305 0.0619186 -0.00472758 0.0329171 0.0281121 -0.0130168 -0.0170446 -0.087159 
-0.0116204 -0.0242272 0.0117577 -0.0849929 -0.0606882 -0.0894221 0.0749457 -0.0649777 0.067166 0.00397437 -0.0241672 0.0657257 -0.0427458 0.0544802 0 -0.0627707 0.0402941 0.00530986 0.0677578 -0.0578559 -0.0599348 -0.0916563 0.0864152 -0.0642285 0.0628505 -0.041742 
0.0426974 -0.0126342 0.0793583 0.0261545 0.0268798 0.0531581 -0.0956503 -0.0140397 0.00238391 0.0352177 -0.0435824 -0.0395135 -0.0329663 0.0975794 0.0627707 0 0.0151273 0.0138924 0.0793463 0.0639685 0.0421396 -0.0394359 -0.0654293 -0.0254188 0.0634087 0.0922579 
-0.0478918 0.0645819 -0.00936601 0.0400794 0.0415236 0.0691425 -0.00512061 0.0550836 0.0462734 -0.0586598 0.0335438 0.00949553 -0.0936193 -0.0270167 -0.0402941 -0.0151273 0 0.0626021 0.0367531 -0.0628611 -0.0436371 0.0298081 -0.0553037 0.0393117 -0.0499999 0.000313317 
-0.0495356 -0.0105757 0.055634 0.0621425 0.0736957 -0.0838298 -0.0520089 0.0181527 -0.00292161 0.0137324 -0.0568056 0.0773402 -0.0023143 -0.0398509 -0.00530986 -0.0138924 -0.0626021 0 -0.0780187 0.0786885 -0.005116 0.0916019 0.0408792 0.0411842 -0.0807329 0.0245632 
-0.0952893 -0.0478897 0.0895677 0.0792097 0.00587611 0.0708643 -0.0555074 0.0673172 0.0515362 -0.0346409 -0.034257 0.00208924 0.0791801 0.0021305 -0.0677578 -0.0793463 -0.0367531 0.0780187 0 -0.0276106 0.0290606 0.0192213 0.0974257 0.0628236 0.0953073 0.000655598 
0.0878384 0.026509 0.0199135 0.0366166 0.0215773 0.0925676 0.0991741 -0.0457187 0.0263239 -0.0631964 -0.0309893 -0.0895434 -0.0526806 -0.0619186 0.0578559 -0.0639685 0.0628611 -0.0786885 0.0276106 0 0.00637882 -0.0931235 -0.0813708 -0.00228574 0.00235597 0.0803017 
-0.0288122 -0.0250842 -0.0755114 -0.050721 -0.0984951 -0.09921 0.0774747 0.0408006 -0.0198718 -0.0351485 -0.00939521 -0.0195106 -0.026275 0.00472758 0.0599348 -0.0421396 0.0436371 0.005116 -0.0290606 -0.00637882 0 0.0806033 0.0396084 -0.0655587 0.0243578 -0.0683659 
0.078187 0.0367915 -0.00936388 0.0835405 -0.00396444 0.0173864 -0.0972435 0.0415793 0.0157643 0.0456726 -0.010618 -0.0986383 -0.0934064 -0.0329171 0.0916563 0.0394359 -0.0298081 -0.0916019 -0.0192213 0.0931235 -0.0806033 0 0.087672 0.0926669 -0.0208718 0.0816516 
-0.0219593 0.0855528 0.0837725 0.0542766 0.0944959 0.0948686 0.0800908 0.0144909 -0.0145324 -0.0330401 0.0478813 0.0504536 -0.00672917 -0.0281121 -0.0864152 0.0654293 0.0553037 -0.0408792 -0.0974257 0.0813708 -0.0396084 -0.087672 0 0.0980925 -0.0292166 -0.0304854 
-0.0548577 -0.074361 -0.0984794 0.0754788 0.0193583 0.035814 -0.0380708 0.0117218 0.0721912 -0.0605992 0.0929733 -0.0530978 0.0890806 0.0130168 0.0642285 0.0254188 -0.0393117 -0.0411842 -0.0628236 0.00228574 0.0655587 -0.0926669 -0.0980925 0 0.082023 0.0588828 
0.0331617 0.0018096 -0.0638861 0.0169299 -0.014132 -0.00569361 0.0423698 -0.00268347 -0.0935724 0.0199613 0.0762951 0.0179056 0.0416526 0.0170446 -0.0628505 -0.0634087 0.0499999 0.0807329 -0.0953073 -0.00235597 -0.0243578 0.0208718 0.0292166 -0.082023 0 0.0164905 
-0.0933199 -0.0172818 0.0307919 -0.0823848 -0.0784638 -0.00193341 -0.0194141 0.0115387 -0.0311466 0.0429169 0.0554102 0.0766278 -0.0422835 0.087159 0.041742 -0.0922579 -0.000313317 -0.0245632 -0.000655598 -0.0803017 0.0683659 -0.0816516 0.0304854 -0.0588828 -0.0164905 0 
