25

16000 4500

30 55 80

3

0 13910 85651 89260 26010 95240 93900 96301 97130 63250 65490 72941 74120 80040 68730 90390 84930 13160 99310 51230 92141 25490 94091 88960 93321 76651 
13890 0 80261 83870 12400 89850 81930 90911 85160 69790 72030 67551 68760 86580 63340 85000 79690 17240 93920 57770 86751 20480 88701 83570 87931 71261 
85871 80391 0 31730 83320 29510 33040 11960 66592 71250 124710 15650 36350 67550 42120 27660 39020 73911 34200 117773 7990 100371 23100 28020 18780 14730 
89011 83531 31590 0 90810 8020 64630 32590 91152 46730 100190 24860 16960 39900 22110 4200 8780 77051 11320 100663 36000 103511 11720 5910 16950 23640 
25990 12370 83350 90850 0 96830 78650 94260 76170 81350 83590 72220 75740 96900 70320 91980 86670 28800 100900 69330 90010 27010 94140 90550 92600 75930 
94961 89481 29560 7980 96760 0 62600 30290 94182 53760 107220 27890 23410 45650 29140 4940 15810 83001 5530 109064 33970 109461 8150 6910 14020 26000 
93270 81180 32580 64320 78480 62100 0 38400 35900 97760 144400 40710 62860 93250 68630 60250 68860 85200 66790 130140 32760 101160 55690 60610 51370 42620 
96061 90581 12060 32110 94320 29890 39030 0 72582 75140 128600 23990 40240 71060 46010 28040 39940 84101 34160 126523 7190 110561 23480 28730 17730 20180 
96740 84650 66550 91290 76160 94400 36100 72570 0 118930 147870 67020 88290 118680 92700 90530 95170 88670 99090 133610 67260 96950 87990 88870 83670 68930 
62590 69790 71070 46750 80490 53820 98190 75160 118950 0 55920 57930 35120 19360 36200 50000 39910 57290 52850 60060 75480 88000 57520 51320 62750 58620 
65440 72640 124540 100220 83340 107290 144950 128630 148190 55900 0 110000 88590 72830 87940 103470 93380 60140 106320 23430 128950 90850 110990 104790 116220 112090 
72911 67441 15140 24490 72180 27690 40810 23920 66842 57270 109570 0 22370 52760 28140 23730 28370 60951 32810 101793 21630 87411 22480 22070 20940 4270 
73340 68241 36400 17260 75520 23410 63520 40490 88902 35280 88740 23260 0 31600 6150 18560 12820 61761 27420 84703 40810 88221 24210 17130 29440 23950 
79460 86660 66440 40240 97250 45880 93050 70530 118432 19670 72920 52790 31720 0 32800 43490 33400 74160 43800 77270 70850 104870 51010 44810 56240 53990 
68190 63001 42280 22240 70280 29290 69400 46370 92550 36190 87652 29140 6330 32510 0 24440 17260 56521 32380 79553 46690 82981 30090 23010 35320 29830 
90141 84661 27420 4190 91940 4910 60460 28420 90302 49970 103430 24010 18590 43140 24360 0 12020 78181 10040 102913 31830 104641 7550 1970 12780 22790 
84010 79071 38920 8670 86350 15740 68890 40310 94302 40080 93540 28630 12510 33250 16980 11920 0 72591 18490 95373 43330 99051 19440 13240 24670 28000 
12860 17460 74091 77700 28160 83680 85820 84741 89050 57650 59890 61381 62590 74440 57170 78830 73520 0 87750 45630 80581 37490 82531 77400 81761 65091 
99061 93581 34260 11320 100860 5540 67300 34180 99052 53220 106680 33020 27190 43900 32340 10070 18550 87101 0 110820 37810 113561 12470 12040 18060 31130 
51720 58920 117310 100780 69620 109040 131240 126580 134470 60060 23370 102320 84870 76990 79730 102980 95680 46420 110480 0 124690 77130 109840 101550 115070 105150 
92281 86801 8000 36100 89980 33880 32860 7090 66862 75680 129140 22060 40780 71980 46550 32030 43450 80321 38150 124834 0 106781 27470 32450 21720 20720 
25590 20380 100641 104250 27010 110230 101800 111291 96950 88250 90490 87931 89140 105040 83720 105380 100070 37620 114300 76230 107131 0 109081 103950 108311 91641 
94341 88861 23040 11660 94170 8150 56080 23770 87832 57440 110900 22840 24180 50610 29950 7590 19490 82381 12410 109874 27450 108841 0 8280 6650 20210 
88751 83271 27920 5870 90550 6930 60960 29240 88692 51220 104680 22400 17200 44390 22970 2020 13270 76791 12060 101523 32330 103251 8370 0 13600 21180 
93321 87841 18740 16790 92580 14020 51780 18040 83532 62570 116030 21250 29310 55740 35080 12720 24620 81361 18120 115004 21720 107821 6700 13410 0 18620 
76661 71181 14150 23650 75920 26130 42690 20410 68722 58820 112280 4590 23920 55000 29690 22890 28100 64701 31340 105043 20640 91161 20240 21230 18700 0 

0 Ciudad_0 0 0 32400 0
1 Ciudad_1 454 8282 22882 908
2 Ciudad_2 442 7717 19966 884
3 Ciudad_3 259 6998 18235 518
4 Ciudad_4 291 15922 20129 582
5 Ciudad_5 279 16110 23559 558
6 Ciudad_6 225 9302 20657 450
7 Ciudad_7 442 11649 25029 884
8 Ciudad_8 502 18368 24987 1004
9 Ciudad_9 777 12586 23537 1554
10 Ciudad_10 798 5202 19275 1596
11 Ciudad_11 357 15197 24539 714
12 Ciudad_12 187 20587 24702 374
13 Ciudad_13 365 17242 21583 730
14 Ciudad_14 370 9565 11606 740
15 Ciudad_15 426 10466 23960 852
16 Ciudad_16 252 12139 19591 504
17 Ciudad_17 314 13252 26894 628
18 Ciudad_18 463 5076 10760 926
19 Ciudad_19 259 7545 21151 518
20 Ciudad_20 453 17032 27139 906
21 Ciudad_21 133 23156 29739 266
22 Ciudad_22 480 13415 27404 960
23 Ciudad_23 503 4535 15001 1006
24 Ciudad_24 769 6916 10528 1538
25 Ciudad_25 386 7154 18074 772

0 -0.0298762 -0.0454496 -0.075385 0.0891015 -0.0734634 -0.0917785 0.0846391 0.0240037 -0.0655376 0.0511191 0.06768 -0.0643989 0.0799588 -0.054829 0.0689016 0.0122776 0.00049669 -0.0370254 -0.0605551 0.0846613 0.0683718 0.0968409 0.0586989 0.086242 0.0439385 
0.0298762 0 -0.0442212 -0.00694 0.086304 -0.00617782 -0.0656888 0.004796 -0.0067754 0.0306086 0.013455 -0.053447 0.0830938 0.00829721 0.0406987 -0.0817022 0.0238809 -0.0814889 -0.0359971 -0.0906657 -0.0594307 -0.0263059 0.0804432 -0.0520123 0.00704919 -0.027919 
0.0454496 0.0442212 0 0.00880742 0.0174884 0.00801375 -0.0314289 0.057851 -0.0196462 -0.0366192 0.0278893 0.0310201 -0.0891177 -0.0831518 0.0946236 0.0298974 0.0298865 -0.0638244 -0.0659423 -0.0596929 -0.0440975 -0.0528615 0.0717612 0.0981185 -0.0211176 -0.0700955 
0.075385 0.00694 -0.00880742 0 -0.0604971 -0.0469514 0.0469364 -0.0918898 0.0396855 -0.0128962 -0.0303113 -0.094842 0.0731354 -0.0372591 0.0675108 -0.0497161 0.0543698 -0.0718589 0.0599843 -0.0571429 0.0154454 -0.0113174 0.0466783 -0.0428885 -0.030183 -0.0423771 
-0.0891015 -0.086304 -0.0174884 0.0604971 0 -0.0156415 0.0280683 -0.0851716 0.0410098 -0.0745492 -0.0267324 0.00609101 0.0230167 -0.0609741 -0.0727691 -0.046987 0.016573 0.0478811 0.0712308 0.0569104 -0.0508363 -0.0433573 0.070149 -0.092059 -0.0985181 -0.0971961 
0.0734634 0.00617782 -0.00801375 0.0469514 0.0156415 0 -0.0567614 -0.0873915 -0.0806971 0.00409993 -0.0912744 0.00538835 0.0949514 -0.0319127 0.0489255 0.097998 -0.0699451 0.0943885 -0.0992825 0.0214493 0.0617475 -0.0582454 0.0706118 -0.0730886 -0.00378541 0.0297652 
0.0917785 0.0656888 0.0314289 -0.0469364 -0.0280683 0.0567614 0 0.0741529 0.0458201 0.0818819 0.0600523 -0.0160295 0.0734017 -0.0427262 -0.0339177 -0.0707723 -0.0118279 0.00558602 -0.0260786 0.085579 0.00222289 0.0574642 0.0397959 -0.0617791 -0.0699891 0.0748586 
-0.0846391 -0.004796 -0.057851 0.0918898 0.0851716 0.0873915 -0.0741529 0 -0.0819363 -0.0910544 0.0555145 0.0959797 -0.0787309 0.0903392 -0.0323331 -0.0567345 0.0768661 0.0724401 0.0998148 -0.0127362 -0.0573731 -0.0417673 0.028973 0.0832645 0.0294602 0.0045161 
-0.0240037 0.0067754 0.0196462 -0.0396855 -0.0410098 0.0806971 -0.0458201 0.0819363 0 -0.076765 0.0104464 -0.0664568 0.0305165 -0.0634429 -0.061632 -0.0557744 0.0127643 -0.0437417 0.0677283 -0.00776016 0.00595287 0.0232867 -0.0766958 -0.0282042 -0.0419924 0.0128483 
0.0655376 -0.0306086 0.0366192 0.0128962 0.0745492 -0.00409993 -0.0818819 0.0910544 0.076765 0 0.03303 -0.0209493 0.0909808 0.0174999 0.039555 0.00376348 -0.00599039 -0.0765269 0.0904646 -0.0582076 -0.0922059 0.0770433 0.0554311 0.00637828 0.00770753 -0.0618793 
-0.0511191 -0.013455 -0.0278893 0.0303113 0.0267324 0.0912744 -0.0600523 -0.0555145 -0.0104464 -0.03303 0 0.00212968 -0.0979937 0.0954248 -0.0559866 0.0848758 0.0639462 -0.055061 -0.0278012 0.0400672 -0.0205095 -0.0224037 -0.0963165 0.0373226 0.0379571 -0.0567974 
-0.06768 0.053447 -0.0310201 0.094842 -0.00609101 -0.00538835 0.0160295 -0.0959797 0.0664568 0.0209493 -0.00212968 0 -0.00583932 0.0317333 -0.041145 0.0335044 -0.0427889 0.0556418 0.0236027 0.0912043 -0.0966327 0.0368095 0.00687352 -0.0914282 0.0666813 0.00475 
0.0643989 -0.0830938 0.0891177 -0.0731354 -0.0230167 -0.0949514 -0.0734017 0.0787309 -0.0305165 -0.0909808 0.0979937 0.00583932 0 0.0386126 0.091756 0.0821936 -0.0833164 -0.026492 -0.0955636 -0.0182223 0.0652965 -0.0310115 -0.0909063 -0.033597 -0.0347178 -0.0425244 
-0.0799588 -0.00829721 0.0831518 0.0372591 0.0609741 0.0319127 0.0427262 -0.0903392 0.0634429 -0.0174999 -0.0954248 -0.0317333 -0.0386126 0 0.0111297 0.0631046 -0.0471561 0.00378832 0.0643962 0.00373757 -0.0816797 -0.0964353 0.0502439 0.0396892 -0.0746004 0.0744346 
0.054829 -0.0406987 -0.0946236 -0.0675108 0.0727691 -0.0489255 0.0339177 0.0323331 0.061632 -0.039555 0.0559866 0.041145 -0.091756 -0.0111297 0 0.0271457 -0.0577606 -0.0577482 0.00823941 -0.0570332 -0.0549591 -0.0722992 -0.0894306 0.0458682 -0.0116447 -0.0990716 
-0.0689016 0.0817022 -0.0298974 0.0497161 0.046987 -0.097998 0.0707723 0.0567345 0.0557744 -0.00376348 -0.0848758 -0.0335044 -0.0821936 -0.0631046 -0.0271457 0 0.0898304 -0.00561301 0.05063 -0.0630087 -0.0120245 0.000765097 0.0403112 -0.0673079 0.0501889 -0.00566395 
-0.0122776 -0.0238809 -0.0298865 -0.0543698 -0.016573 0.0699451 0.0118279 -0.0768661 -0.0127643 0.00599039 -0.0639462 0.0427889 0.0833164 0.0471561 0.0577606 -0.0898304 0 -0.0931311 -0.0664839 -0.0836109 0.0171939 -0.0020104 0.0643604 -0.0213953 -0.0980836 0.0670464 
-0.00049669 0.0814889 0.0638244 0.0718589 -0.0478811 -0.0943885 -0.00558602 -0.0724401 0.0437417 0.0765269 0.055061 -0.0556418 0.026492 -0.00378832 0.0577482 0.00561301 0.0931311 0 -0.092123 -0.0957817 0.0673301 -0.0989025 -0.0810384 -0.00066119 0.0477093 0.0460896 
0.0370254 0.0359971 0.0659423 -0.0599843 -0.0712308 0.0992825 0.0260786 -0.0998148 -0.0677283 -0.0904646 0.0278012 -0.0236027 0.0955636 -0.0643962 -0.00823941 -0.05063 0.0664839 0.092123 0 0.0171837 0.0147518 -0.0882659 -0.00670085 0.0628716 -0.0738243 0.0103846 
0.0605551 0.0906657 0.0596929 0.0571429 -0.0569104 -0.0214493 -0.085579 0.0127362 0.00776016 0.0582076 -0.0400672 -0.0912043 0.0182223 -0.00373757 0.0570332 0.0630087 0.0836109 0.0957817 -0.0171837 0 0.0864722 -0.00197306 -0.0417929 -0.0650974 -0.0573851 0.0727221 
-0.0846613 0.0594307 0.0440975 -0.0154454 0.0508363 -0.0617475 -0.00222289 0.0573731 -0.00595287 0.0922059 0.0205095 0.0966327 -0.0652965 0.0816797 0.0549591 0.0120245 -0.0171939 -0.0673301 -0.0147518 -0.0864722 0 0.00995055 0.0645486 -0.0632311 0.0218335 0.0745098 
-0.0683718 0.0263059 0.0528615 0.0113174 0.0433573 0.0582454 -0.0574642 0.0417673 -0.0232867 -0.0770433 0.0224037 -0.0368095 0.0310115 0.0964353 0.0722992 -0.000765097 0.0020104 0.0989025 0.0882659 0.00197306 -0.00995055 0 -0.072398 0.0177961 0.0651979 0.041714 
-0.0968409 -0.0804432 -0.0717612 -0.0466783 -0.070149 -0.0706118 -0.0397959 -0.028973 0.0766958 -0.0554311 0.0963165 -0.00687352 0.0909063 -0.0502439 0.0894306 -0.0403112 -0.0643604 0.0810384 0.00670085 0.0417929 -0.0645486 0.072398 0 0.0611295 0.0394242 0.00570157 
-0.0586989 0.0520123 -0.0981185 0.0428885 0.092059 0.0730886 0.0617791 -0.0832645 0.0282042 -0.00637828 -0.0373226 0.0914282 0.033597 -0.0396892 -0.0458682 0.0673079 0.0213953 0.00066119 -0.0628716 0.0650974 0.0632311 -0.0177961 -0.0611295 0 -0.0958135 0.0463982 
-0.086242 -0.00704919 0.0211176 0.030183 0.0985181 0.00378541 0.0699891 -0.0294602 0.0419924 -0.00770753 -0.0379571 -0.0666813 0.0347178 0.0746004 0.0116447 -0.0501889 0.0980836 -0.0477093 0.0738243 0.0573851 -0.0218335 -0.0651979 -0.0394242 0.0958135 0 0.0661629 
-0.0439385 0.027919 0.0700955 0.0423771 0.0971961 -0.0297652 -0.0748586 -0.0045161 -0.0128483 0.0618793 0.0567974 -0.00475 0.0425244 -0.0744346 0.0990716 0.00566395 -0.0670464 -0.0460896 -0.0103846 -0.0727221 -0.0745098 -0.041714 -0.00570157 -0.0463982 -0.0661629 0 
