25

16000 4500

30 55 80

3

0 79700 74310 71220 80130 29000 84680 97940 92780 64120 27210 24200 86370 81700 69840 92050 52890 72510 91720 49230 48980 75490 88620 91930 96840 49600 
79700 0 68251 9140 21670 51850 12050 34360 18250 17830 58030 64450 15490 38490 17850 27030 132070 136480 13490 34160 128160 4210 10300 46090 49240 31600 
74160 68251 0 70282 50182 64870 58881 42600 50251 68960 54070 78250 78061 30391 77490 45511 125450 90530 55431 53550 121540 70762 57861 30960 29150 56520 
71140 9060 70242 0 23880 43290 15190 39100 23320 9660 49470 55890 19600 43230 13430 31770 123510 128310 21170 25990 119600 4850 17980 50830 53980 23040 
79740 21770 50152 23890 0 51890 11220 29910 14240 23140 55200 65260 35820 28820 36480 22580 132110 130060 17710 31240 128200 24370 17550 39050 43960 33620 
28480 51800 64690 43320 52230 0 56780 71730 64880 36220 11200 16910 58470 55490 41940 65840 78840 92010 63820 21330 74930 47590 60720 65720 70630 21700 
84580 12110 58791 15260 11180 56730 0 24900 8790 21030 61320 69870 25570 29030 27700 17570 136950 140160 7700 37360 133040 15590 7540 36630 39780 36340 
97660 34200 42650 39290 30150 71840 24830 0 16200 45060 70910 85210 44010 16620 51530 7960 152600 131011 21380 52940 148690 37890 23810 13460 16220 55910 
92540 18600 50001 23640 14500 64690 9150 16110 0 29410 67680 78060 28410 20240 35930 8780 145090 134401 5780 44040 141180 22290 8210 27840 30990 44720 
63960 17920 69200 9680 23140 36110 20960 44870 29090 0 40700 49250 28900 48900 18960 37540 116330 119060 28000 16740 112420 13960 25980 56600 59750 15720 
26940 57810 53940 49330 55500 11240 61330 70920 67960 40770 0 25950 64480 54680 47950 65030 77800 81110 68370 25260 73890 53600 66350 64910 69820 27710 
24080 64690 78230 56210 65470 16980 69630 84970 77760 49070 25940 0 71360 68730 54830 79080 74060 95030 76670 34570 70150 60480 73610 78960 83870 34550 
86430 15500 78161 19490 35740 58580 25650 44270 28160 28840 64760 71180 0 48400 23450 36940 138800 144040 23400 41690 134890 16540 20210 56000 59150 38330 
81440 38390 30371 43480 28960 55620 29020 16620 20390 48800 54690 68990 48200 0 55720 15310 135400 114771 25570 36720 131490 42080 28000 11220 16130 39690 
69770 17970 77610 13010 36400 41920 27570 51480 35680 18970 48100 54520 23620 55610 0 44150 120130 127380 30920 25030 116220 13760 27730 63210 66360 21670 
91560 26920 45351 32010 22870 65740 17550 8010 8920 37780 64810 79110 36730 15180 44250 0 146140 129751 14100 46840 142230 30610 16530 19910 23060 49810 
52610 131820 125390 123340 132250 79220 136800 152100 144900 116240 77890 74350 138490 135300 120060 145860 0 115300 143840 99450 15910 127610 140740 146090 151000 99820 
73090 136980 90870 128740 130260 92550 140400 131201 134821 119460 81490 95630 144340 114961 127810 130081 115650 0 140001 103950 103040 133020 142431 121050 119240 106840 
91650 13590 55531 21290 17760 63800 7730 21640 5530 28100 68390 76600 23400 25770 30920 14310 144130 139931 0 44430 140220 17280 3200 33370 36520 43410 
48830 34020 53270 25780 31230 20980 37060 52860 43880 16500 24680 34350 41000 36620 24470 46970 99190 103040 44100 0 95280 30060 42080 46850 51760 3500 
49240 128450 122020 119970 128880 75850 133430 148730 141530 112870 74510 70980 135120 131930 116690 142490 15800 102820 140470 96080 0 124240 137370 142720 147630 96450 
75490 4200 70762 4930 24400 47640 15570 38020 21910 13870 53820 60240 16400 42150 13640 30690 127860 132520 17150 30200 123950 0 13960 49750 52900 27390 
88640 10380 57951 18080 17570 60790 7540 24060 7950 26020 66310 73390 20190 28190 27710 16730 141120 142351 3190 42350 137210 14070 0 35790 38940 40540 
91640 46080 31060 51170 39160 65820 36710 13490 28080 56940 64890 79190 55890 11010 63410 19930 146580 120750 33260 46920 142670 49770 35690 0 6030 49890 
96820 49040 29200 54130 44340 71000 39670 16340 31040 59900 70070 84370 58850 16190 66370 22890 151760 118890 36220 52100 147850 52730 38650 6110 0 55070 
49500 31070 56180 22590 33620 21650 36000 55770 44130 15440 27590 34790 37740 39530 21210 49880 99860 105950 43040 3600 95950 26860 39990 49760 54670 0 

0 Ciudad_0 0 0 32400 0
1 Ciudad_1 471 13342 27942 942
2 Ciudad_2 314 5479 17728 628
3 Ciudad_3 575 16920 28157 1150
4 Ciudad_4 206 13162 17369 412
5 Ciudad_5 791 5621 13070 1582
6 Ciudad_6 379 9555 20910 758
7 Ciudad_7 799 7266 20646 1598
8 Ciudad_8 822 13048 19667 1644
9 Ciudad_9 236 5524 16475 472
10 Ciudad_10 484 12171 26244 968
11 Ciudad_11 260 18348 27690 520
12 Ciudad_12 300 19161 23276 600
13 Ciudad_13 327 4679 9020 654
14 Ciudad_14 231 6549 8590 462
15 Ciudad_15 539 6219 19713 1078
16 Ciudad_16 649 6381 13833 1298
17 Ciudad_17 560 12084 25726 1120
18 Ciudad_18 315 15884 21568 630
19 Ciudad_19 519 14103 27709 1038
20 Ciudad_20 705 9866 19973 1410
21 Ciudad_21 552 10286 16869 1104
22 Ciudad_22 688 8446 22435 1376
23 Ciudad_23 788 6618 17084 1576
24 Ciudad_24 672 11350 14962 1344
25 Ciudad_25 644 15572 26492 1288

0 -0.0748396 -0.0246829 -0.0116721 0.0704279 -0.00674163 -0.0545208 -0.00029011 0.0542651 -0.0285993 -0.0419327 -0.0184038 -0.0941373 0.0484388 -0.0622533 -0.0838977 0.0389966 -0.00253468 -0.0489678 -0.071681 0.0822808 -3.50481e-05 -0.0420091 0.0734298 -0.0384973 -0.0171441 
0.0748396 0 0.00554321 -0.0573515 -0.0661842 0.0992168 -0.0541483 0.0206223 0.0130723 0.00369936 0.00372243 0.0301665 0.00643822 0.000557782 -0.067451 -0.0624205 -0.0542382 0.00631216 0.000310428 -0.0901832 -0.0822524 -0.0946788 0.0670162 0.0907639 0.0778198 -0.0744741 
0.0246829 -0.00554321 0 0.0464062 0.00519284 -0.0564666 -0.0108805 0.0333996 -0.0811549 0.0617381 0.0202155 -0.0354215 -0.052789 -0.0613836 -0.0571717 0.0678824 -0.0841426 0.0837738 0.0196298 0.0869115 -0.0760702 -0.00493037 0.0640842 -0.0267121 0.0109246 0.0412818 
0.0116721 0.0573515 -0.0464062 0 -0.0809202 0.0515327 0.0513024 -0.0932492 0.0178195 -0.034905 -0.0142429 -0.0191625 -0.0201711 -0.0934089 0.094952 -0.0973741 0.00567352 0.0104038 -0.0580822 -0.00565783 -0.0966607 0.0859262 0.0783303 -0.0130308 0.0700131 0.00691079 
-0.0704279 0.0661842 -0.00519284 0.0809202 0 -0.0877884 -0.0319188 -0.0808618 0.0495672 0.00152265 -0.0487888 0.0827018 0.0174551 0.0146076 0.00921901 -0.0534734 -0.0372238 0.0795419 -0.0933708 -0.0950254 0.0120232 0.0897808 0.084399 -0.0028105 0.0826356 -0.0908723 
0.00674163 -0.0992168 0.0564666 -0.0515327 0.0877884 0 -0.0379109 0.0250348 -0.0650068 -0.0357812 0.027669 -0.0879864 0.0158061 0.00585202 0.0161419 0.0679509 0.0823239 -0.045161 0.0321272 -0.0495174 0.0906186 -0.0271863 -0.00944722 0.0375587 -0.0963388 -0.0442538 
0.0545208 0.0541483 0.0108805 -0.0513024 0.0319188 0.0379109 0 -0.0461264 -0.0718609 0.0999692 0.040464 0.0192909 -0.0346981 0.0999803 0.0024166 0.00780905 0.0405356 -0.017308 0.0901791 -0.00414377 -0.0896334 -0.029537 0.0716227 0.0439959 -0.00228117 0.000493727 
0.00029011 -0.0206223 -0.0333996 0.0932492 0.0808618 -0.0250348 0.0461264 0 -0.0402868 0.0163219 -0.0390841 -0.0826463 0.0645436 0.00912715 -0.0262193 0.0509385 -0.0694583 0.0953992 0.0547381 0.0436626 0.074506 0.0019492 0.0677318 0.0955621 0.0211175 0.00819625 
-0.0542651 -0.0130723 0.0811549 -0.0178195 -0.0495672 0.0650068 0.0718609 0.0402868 0 -0.0123227 -0.0488184 0.0273144 0.00863297 0.0185247 0.0885091 -0.0403734 -0.0842505 -0.079582 0.0451928 0.0213082 0.0922838 0.0562935 0.0296405 -0.074839 0.00316982 0.052563 
0.0285993 -0.00369936 -0.0617381 0.034905 -0.00152265 0.0357812 -0.0999692 -0.0163219 0.0123227 0 -0.0863519 0.0881312 -0.0963699 -0.0338954 -0.039016 0.0854618 0.090926 -0.0147564 -0.0485915 -0.0239378 -0.0131873 -0.0292576 0.024027 -0.0908249 0.0619403 0.0449039 
0.0419327 -0.00372243 -0.0202155 0.0142429 0.0487888 -0.027669 -0.040464 0.0390841 0.0488184 0.0863519 0 -0.0825538 -0.0565166 0.0204366 0.0195674 -0.0267067 -0.0652487 -0.0662516 -0.0671739 -0.0594579 -0.012297 0.0549714 -0.00937542 0.0290393 -0.0480852 0.0124368 
0.0184038 -0.0301665 0.0354215 0.0191625 -0.0827018 0.0879864 -0.0192909 0.0826463 -0.0273144 -0.0881312 0.0825538 0 0.0738415 -0.042076 -0.0352927 0.0447028 0.0450449 -0.0254322 -0.0237405 0.0965303 0.0275368 0.00513326 -0.0191946 -0.0938752 0.0738523 0.0994118 
0.0941373 -0.00643822 0.052789 0.0201711 -0.0174551 -0.0158061 0.0346981 -0.0645436 -0.00863297 0.0963699 0.0565166 -0.0738415 0 0.0426329 -0.0877433 -0.0868564 0.0635455 0.0214579 -0.00131604 0.0325028 0.0822444 0.0738514 0.0708213 -0.00901296 0.0555234 0.0249059 
-0.0484388 -0.000557782 0.0613836 0.0934089 -0.0146076 -0.00585202 -0.0999803 -0.00912715 -0.0185247 0.0338954 -0.0204366 0.042076 -0.0426329 0 0.0997575 0.0840921 0.032101 -0.0758776 0.0739279 0.0806026 0.0469782 -0.00805221 0.0802957 -0.0769477 -0.00313388 0.0796015 
0.0622533 0.067451 0.0571717 -0.094952 -0.00921901 -0.0161419 -0.0024166 0.0262193 -0.0885091 0.039016 -0.0195674 0.0352927 0.0877433 -0.0997575 0 0.0259689 -0.0284372 -0.0383643 -0.0399396 -0.0162946 0.0141633 0.0299263 -0.0579241 0.08191 0.0265017 0.0332259 
0.0838977 0.0624205 -0.0678824 0.0973741 0.0534734 -0.0679509 -0.00780905 -0.0509385 0.0403734 -0.0854618 0.0267067 -0.0447028 0.0868564 -0.0840921 -0.0259689 0 0.0939887 0.0275035 0.0344765 0.0710795 -0.0233539 -0.0606457 -0.0209468 0.0489297 0.0237969 0.0482692 
-0.0389966 0.0542382 0.0841426 -0.00567352 0.0372238 -0.0823239 -0.0405356 0.0694583 0.0842505 -0.090926 0.0652487 -0.0450449 -0.0635455 -0.032101 0.0284372 -0.0939887 0 0.0445798 -0.00174034 0.0146932 0.028838 0.0477219 -0.0730076 0.0338618 0.0362243 -0.0104432 
0.00253468 -0.00631216 -0.0837738 -0.0104038 -0.0795419 0.045161 0.017308 -0.0953992 0.079582 0.0147564 0.0662516 0.0254322 -0.0214579 0.0758776 0.0383643 -0.0275035 -0.0445798 0 0.0187893 -0.0300018 0.0610959 0.0993951 -0.0612093 0.0729523 0.0524549 0.0974944 
0.0489678 -0.000310428 -0.0196298 0.0580822 0.0933708 -0.0321272 -0.0901791 -0.0547381 -0.0451928 0.0485915 0.0671739 0.0237405 0.00131604 -0.0739279 0.0399396 -0.0344765 0.00174034 -0.0187893 0 0.0831414 0.0869897 -0.0849741 -0.0271553 0.00188492 0.0984607 -0.0970776 
0.071681 0.0901832 -0.0869115 0.00565783 0.0950254 0.0495174 0.00414377 -0.0436626 -0.0213082 0.0239378 0.0594579 -0.0965303 -0.0325028 -0.0806026 0.0162946 -0.0710795 -0.0146932 0.0300018 -0.0831414 0 0.0691534 -0.0364831 -0.0883184 -0.00334952 0.0500802 0.0305237 
-0.0822808 0.0822524 0.0760702 0.0966607 -0.0120232 -0.0906186 0.0896334 -0.074506 -0.0922838 0.0131873 0.012297 -0.0275368 -0.0822444 -0.0469782 -0.0141633 0.0233539 -0.028838 -0.0610959 -0.0869897 -0.0691534 0 0.0397252 0.0686398 -0.0977777 -0.0404207 0.00392574 
3.50481e-05 0.0946788 0.00493037 -0.0859262 -0.0897808 0.0271863 0.029537 -0.0019492 -0.0562935 0.0292576 -0.0549714 -0.00513326 -0.0738514 0.00805221 -0.0299263 0.0606457 -0.0477219 -0.0993951 0.0849741 0.0364831 -0.0397252 0 0.0851733 -0.0891557 0.0345349 -0.0644632 
0.0420091 -0.0670162 -0.0640842 -0.0783303 -0.084399 0.00944722 -0.0716227 -0.0677318 -0.0296405 -0.024027 0.00937542 0.0191946 -0.0708213 -0.0802957 0.0579241 0.0209468 0.0730076 0.0612093 0.0271553 0.0883184 -0.0686398 -0.0851733 0 -0.0669249 0.0635165 0.0870611 
-0.0734298 -0.0907639 0.0267121 0.0130308 0.0028105 -0.0375587 -0.0439959 -0.0955621 0.074839 0.0908249 -0.0290393 0.0938752 0.00901296 0.0769477 -0.08191 -0.0489297 -0.0338618 -0.0729523 -0.00188492 0.00334952 0.0977777 0.0891557 0.0669249 0 -0.0216165 0.0176801 
0.0384973 -0.0778198 -0.0109246 -0.0700131 -0.0826356 0.0963388 0.00228117 -0.0211175 -0.00316982 -0.0619403 0.0480852 -0.0738523 -0.0555234 0.00313388 -0.0265017 -0.0237969 -0.0362243 -0.0524549 -0.0984607 -0.0500802 0.0404207 -0.0345349 -0.0635165 0.0216165 0 0.0331427 
0.0171441 0.0744741 -0.0412818 -0.00691079 0.0908723 0.0442538 -0.000493727 -0.00819625 -0.052563 -0.0449039 -0.0124368 -0.0994118 -0.0249059 -0.0796015 -0.0332259 -0.0482692 0.0104432 -0.0974944 0.0970776 -0.0305237 -0.00392574 0.0644632 -0.0870611 -0.0176801 -0.0331427 0 
