15

16000 4500

30 55 80

2

0 68090 78060 62040 80200 78900 79450 44580 58890 46590 42650 96620 89331 74031 34890 38220 
67650 0 45840 32720 29610 145110 21790 33170 119610 67620 99890 163090 144590 52190 99470 38210 
77930 45790 0 74190 22990 143773 33550 41770 113352 98020 94232 161523 131661 8430 105821 69690 
62100 32690 75010 0 60260 139560 50940 45760 119270 43100 101880 160540 150861 77480 93470 24950 
80450 29550 22770 60220 0 155302 12050 38110 124881 88030 105220 173052 144800 28240 112270 59700 
79470 145990 144054 140070 155083 0 157350 118292 46070 115690 58010 33370 89870 136734 53500 116250 
80060 21390 33480 51070 12000 157471 0 39930 126760 86450 107040 175500 151020 38950 111880 57040 
44730 33090 41850 45810 38350 118291 40230 0 87420 58840 67860 136041 110870 40980 76210 31660 
59100 119850 113863 119540 124892 46220 127210 87320 0 96960 20960 57550 49710 106553 35820 94780 
46560 67700 97920 42850 87960 115090 86060 58850 96860 0 85300 132680 140641 98960 64640 30410 
42700 99680 94204 101990 105160 57440 107040 67530 20720 85240 0 74540 49431 86884 35080 77230 
98830 165350 163394 161030 174423 35340 176710 137632 59340 134780 76390 0 95760 156084 72590 136010 
89172 144790 131601 150363 144330 89600 151400 110570 49330 139502 49291 93900 0 124291 83601 125292 
74622 52140 8440 76560 28490 137013 39050 40910 106592 98910 87472 154763 124901 0 99061 72060 
34920 99940 106011 93770 112050 52820 111300 76260 35650 64600 35220 70410 83911 98701 0 69950 
38470 38280 69460 24950 59500 115930 56640 31850 94980 30390 77590 134260 125841 71930 69840 0 

0 Ciudad_0 0 0 32400 0
1 Ciudad_1 499 12307 26907 998
2 Ciudad_2 178 8511 20760 356
3 Ciudad_3 141 12427 23664 282
4 Ciudad_4 368 22355 26562 736
5 Ciudad_5 812 11623 19072 1624
6 Ciudad_6 804 15596 26951 1608
7 Ciudad_7 304 15645 29025 608
8 Ciudad_8 462 15538 22157 924
9 Ciudad_9 583 9740 20691 1166
10 Ciudad_10 302 3446 17519 604
11 Ciudad_11 314 8038 17380 628
12 Ciudad_12 347 19918 24033 694
13 Ciudad_13 791 5486 9827 1582
14 Ciudad_14 561 18567 20608 1122
15 Ciudad_15 111 6653 20147 222

0 -0.0594432 -0.0725817 -0.0989042 0.0475754 0.0575484 -0.0330503 -0.0103002 -0.085351 0.00966834 0.0490415 -0.0638734 0.0971581 0.0629198 0.0931673 -0.0560643 
0.0594432 0 0.00665984 0.0931508 -0.0998413 0.0664802 0.0676406 0.0651283 -0.0832602 0.079335 0.0032957 0.0644267 -0.0752694 -0.0383535 -0.0476123 0.0277732 
0.0725817 -0.00665984 0 0.0625204 0.0375039 -0.0140391 -0.076253 -0.0222319 -0.0254514 -0.00676581 0.0733237 0.0832945 0.0763483 0.000607172 -0.0385214 0.0558163 
0.0989042 -0.0931508 -0.0625204 0 -0.0537201 -0.0794762 -0.0288091 0.0138471 0.0781543 0.0764591 0.041395 -0.000148955 0.0952339 -0.0689197 -0.0402025 -0.0332222 
-0.0475754 0.0998413 -0.0375039 0.0537201 0 0.0432544 0.0424997 0.0445384 0.0155 -0.0537922 -0.019154 -0.080912 -0.0638685 0.0327379 0.0312423 0.0915239 
-0.0575484 -0.0664802 0.0140391 0.0794762 -0.0432544 0 0.0138174 -0.0160095 0.000755181 -0.0991854 -0.0828352 -0.0213226 0.0591325 0.0956003 0.0181703 0.0144344 
0.0330503 -0.0676406 0.076253 0.0288091 -0.0424997 -0.0138174 0 0.0664596 0.0938751 -0.00451308 0.0531394 -0.0171553 0.0542419 -0.0509466 -0.0140442 0.0568171 
0.0103002 -0.0651283 0.0222319 -0.0138471 -0.0445384 0.0160095 -0.0664596 0 -0.0263062 0.00393113 -0.0705723 -0.03415 -0.0289866 -0.0758934 0.0824832 -0.0953302 
0.085351 0.0832602 0.0254514 -0.0781543 -0.0155 -0.000755181 -0.0938751 0.0263062 0 -0.0292872 0.00708347 -0.0181206 -0.0920271 0.0829391 -0.034522 -0.0858259 
-0.00966834 -0.079335 0.00676581 -0.0764591 0.0537922 0.0991854 0.00451308 -0.00393113 0.0292872 0 0.0769527 -0.0673837 0.067242 0.00514679 -0.0673533 -0.0418826 
-0.0490415 -0.0032957 -0.0733237 -0.041395 0.019154 0.0828352 -0.0531394 0.0705723 -0.00708347 -0.0769527 0 0.0691902 -0.0523753 0.0826654 0.0664569 -0.0983053 
0.0638734 -0.0644267 -0.0832945 0.000148955 0.080912 0.0213226 0.0171553 0.03415 0.0181206 0.0673837 -0.0691902 0 -0.0686778 -0.0960156 -0.0299572 0.0316371 
-0.0971581 0.0752694 -0.0763483 -0.0952339 0.0638685 -0.0591325 -0.0542419 0.0289866 0.0920271 -0.067242 0.0523753 0.0686778 0 0.0403989 0.0288937 0.0688235 
-0.0629198 0.0383535 -0.000607172 0.0689197 -0.0327379 -0.0956003 0.0509466 0.0758934 -0.0829391 -0.00514679 -0.0826654 0.0960156 -0.0403989 0 -0.0462439 -0.0713434 
-0.0931673 0.0476123 0.0385214 0.0402025 -0.0312423 -0.0181703 0.0140442 -0.0824832 0.034522 0.0673533 -0.0664569 0.0299572 -0.0288937 0.0462439 0 0.0450791 
0.0560643 -0.0277732 -0.0558163 0.0332222 -0.0915239 -0.0144344 -0.0568171 0.0953302 0.0858259 0.0418826 0.0983053 -0.0316371 -0.0688235 0.0713434 -0.0450791 0 
