25

16000 4500

30 55 80

3

0 80510 47070 28230 32050 85570 84060 76300 35830 87920 74220 12580 82611 13640 19240 74090 92610 57930 72090 74780 74900 29770 64500 32290 21650 16780 
80240 0 38730 71281 52730 70600 90470 126590 66901 98530 91230 68080 109470 70670 76120 115920 107750 84670 141271 120720 58030 57951 125000 63101 61830 96080 
47020 38620 0 52610 15870 75610 66040 90580 50910 74100 63960 34860 81860 37450 40250 82580 83320 72200 113611 86140 63040 37370 88140 47110 28920 62860 
28460 71141 52870 0 39430 63470 97120 97760 10680 103050 87300 24760 101850 22690 39880 95550 109440 31140 70240 96240 52800 23010 87740 8200 27200 39560 
32000 52710 15860 39660 0 74241 63800 78060 41930 69730 53980 19840 69630 22430 25320 70350 76120 65030 98591 73910 63591 24680 74970 37020 13900 47840 
85100 70740 75610 63040 73881 0 137081 149561 56350 143011 127251 75970 142911 75760 89710 143631 149401 39590 121380 147191 15720 59550 142620 54850 72590 100170 
84700 90580 66120 97450 64360 137381 0 45450 99810 9720 11690 77220 20990 79810 65690 30470 18940 122940 147370 36710 126731 83770 64430 94900 71690 94320 
76220 126220 90360 97560 78250 147941 45430 0 101591 42550 39370 74901 26870 77491 60761 16310 36550 124691 120790 10260 137271 89721 27940 96681 78080 77790 
35880 67311 50340 10680 41690 57120 99610 101691 0 105540 89790 29730 105120 28440 43470 99401 111930 24600 78640 100091 46900 21720 94750 5680 29690 49210 
87780 98460 74000 102980 69890 142911 9670 42390 105340 0 15740 81170 16070 83760 68770 28000 12510 128470 148820 34200 132261 89300 65490 100430 77220 95770 
74140 91330 64070 87290 54200 127221 11890 39730 89650 15810 0 67060 21140 69650 55130 26000 23410 112780 137760 32240 116571 73610 56130 84740 61530 84900 
12540 68360 34920 24350 19900 76550 76780 74971 30200 81470 66960 0 77970 2770 16750 72681 86160 53300 80191 73371 65880 18330 67020 25290 9500 28380 
81771 109560 82040 101420 70040 143061 20840 26730 104950 16090 21160 77990 0 80580 64390 12340 13050 128620 138890 18540 132411 89450 50690 99960 77370 86600 
13630 70970 37530 22280 22510 76070 79390 77581 28240 84080 69570 2770 80580 0 19360 75291 88770 51340 79461 75981 65400 18980 69170 23330 12110 29470 
19290 76450 39950 39770 25720 90610 65120 60361 44260 68870 55170 17570 64650 20160 0 57910 73560 67360 86930 58761 79940 32390 53420 39350 21880 31620 
73990 116190 82670 95330 70670 143691 30410 16190 99171 28100 26130 72481 12420 75071 57850 0 23920 122271 130100 6510 133041 86500 38620 94261 73710 78130 
92550 107960 83500 109430 76340 149361 19320 37020 111790 12820 23410 85940 13080 88530 73540 23950 0 134920 151530 28830 138711 95750 61510 106880 83670 98210 
57900 85620 72160 31440 64550 39810 122470 124551 24640 128400 112650 52590 128310 51300 66330 122261 134790 0 83480 122951 35360 44580 117500 28540 52550 62420 
72530 141291 114141 70460 99121 121760 147840 119910 78820 149500 137890 80871 138130 80261 87220 129550 151280 83500 0 124170 117310 90081 92530 78670 86751 56850 
74530 120680 86160 95870 74160 146261 36670 10120 99911 34330 32390 73221 18650 75811 59081 6510 28330 123011 124690 0 135591 88041 33210 95001 75750 77400 
74930 57920 62790 52870 63761 15720 126961 137761 46450 132891 117131 65800 132791 65590 79540 133511 139281 35200 116990 136161 0 49380 130820 44680 62420 90000 
29260 57791 37280 23060 24350 59670 83330 90241 21560 89260 73510 18280 89160 19090 32020 86640 95650 44660 88771 88641 49000 0 83300 16650 14030 45100 
64380 125060 88210 87660 75270 141250 64220 27800 94900 65260 55750 67080 50560 69280 53530 38390 60820 117360 93320 33010 130580 83030 0 89990 72330 55580 
32170 62951 45980 8190 36640 55260 94560 96641 5390 100490 84740 24680 99680 23390 38420 94351 106880 28490 78430 95041 44590 16670 89700 0 24640 47240 
20970 60830 27390 27400 12370 72251 69920 77010 29760 75850 60100 8810 75750 11400 20520 72700 82240 52860 86331 74730 61601 14550 71240 24850 0 36810 
16850 96350 62910 39590 47890 100520 94720 76550 49190 96380 84960 28420 87030 29550 31540 78470 98530 62250 56470 78060 89850 45680 55090 47240 37490 0 

0 Ciudad_0 0 0 32400 0
1 Ciudad_1 246 9462 12867 492
2 Ciudad_2 427 12985 16897 854
3 Ciudad_3 361 15612 19745 722
4 Ciudad_4 278 25408 27935 556
5 Ciudad_5 633 22884 25322 1266
6 Ciudad_6 613 20493 23493 1226
7 Ciudad_7 792 7050 10075 1584
8 Ciudad_8 197 28146 30491 394
9 Ciudad_9 100 19515 23618 200
10 Ciudad_10 632 14788 17305 1264
11 Ciudad_11 370 26585 29684 740
12 Ciudad_12 382 8741 13427 764
13 Ciudad_13 719 17959 21889 1438
14 Ciudad_14 806 11140 15813 1612
15 Ciudad_15 407 14568 17406 814
16 Ciudad_16 226 10304 13789 452
17 Ciudad_17 131 25982 29023 262
18 Ciudad_18 568 17382 22018 1136
19 Ciudad_19 785 21695 24706 1570
20 Ciudad_20 765 17745 20048 1530
21 Ciudad_21 314 4436 6961 628
22 Ciudad_22 693 18297 22394 1386
23 Ciudad_23 226 24318 28628 452
24 Ciudad_24 180 26548 30047 360
25 Ciudad_25 157 15233 18435 314

0 -0.0542281 -0.0306953 -0.0666713 0.050148 -0.0874768 -0.068588 -0.0593901 -0.0160439 -0.0794377 0.00839285 -0.089844 0.0575339 -0.00579497 0.00227056 0.0945081 0.0394991 0.0686159 0.0279598 0.023908 0.0757384 0.077612 -0.00710708 -0.0517307 -0.0448676 0.0896499 
0.0542281 0 0.0890762 0.0711868 -0.0389066 0.0558285 0.0975966 -0.0579934 -0.00494482 0.0330668 0.0927472 0.0966638 -0.0380163 -0.098996 -0.0525658 0.0793009 0.000621629 -0.00651479 0.0174445 -0.0223649 0.0399587 0.0766542 0.0494265 0.0195136 0.0770722 -0.0186029 
0.0306953 -0.0890762 0 -0.0814628 0.0116274 0.0695035 0.000766551 0.0339918 0.0736837 0.00889343 0.047305 0.0630607 -0.0958328 0.018903 -0.016109 -0.0601765 0.0695664 0.0942271 -0.0494875 0.0893401 0.0173498 0.0835243 0.0679022 0.0503338 0.0118765 0.0112308 
0.0666713 -0.0711868 0.0814628 0 0.0178294 -0.0777024 0.0663802 -0.054418 -0.0262587 0.0106718 -0.0785879 -0.0287497 -0.0531042 0.0106926 0.0938636 -0.0218608 -0.0905236 -0.0979551 0.0718504 -0.0410441 -0.0668371 -0.0442953 -0.0924421 0.0302909 -0.0715747 -0.018459 
-0.050148 0.0389066 -0.0116274 -0.0178294 0 0.0536475 0.0389188 0.0168128 -0.0329568 0.0187566 -0.0985002 0.0736639 -0.0254915 -0.00259655 -0.00381142 0.0445292 0.0399196 0.0347714 0.0620771 0.0730936 0.0299365 -0.00880438 0.0474458 0.0299144 -0.0376529 0.0896319 
0.0874768 -0.0558285 -0.0695035 0.0777024 -0.0536475 0 -0.0638227 -0.0553454 -0.0937049 0.0100704 0.0724915 -0.0199558 0.0628799 -0.062578 -0.0141347 -0.0926559 -0.0581115 0.0865947 0.00714552 -0.0421499 -0.0410581 -0.0673298 -0.00965653 0.0864301 -0.0101005 0.0132575 
0.068588 -0.0975966 -0.000766551 -0.0663802 -0.0389188 0.0638227 0 0.0867047 -0.0300709 -0.0305803 0.0454083 0.0872086 -0.0232782 -0.00831044 -0.0355019 0.0239801 -0.0423189 0.0829606 -0.00385564 -0.00758955 0.0371143 0.0733946 0.0323782 -0.0480575 0.0124111 0.0320998 
0.0593901 0.0579934 -0.0339918 0.054418 -0.0168128 0.0553454 -0.0867047 0 -0.0505438 0.0735243 -0.0358743 0.0857506 0.0944773 -0.0373062 0.0614247 1.72743e-05 0.0623706 0.0602904 -0.0229485 0.0131707 0.0689621 0.0525198 -0.0547942 0.043642 0.0503183 -0.00526366 
0.0160439 0.00494482 -0.0736837 0.0262587 0.0329568 0.0937049 0.0300709 0.0505438 0 -0.00944557 -0.0158179 -0.062023 -0.0921676 0.0627455 0.0318346 0.0180303 -0.0605339 -0.0996883 -0.0258675 0.0869996 -0.0560146 -0.0147102 0.0170236 -0.0645008 -0.0544178 -0.0291275 
0.0794377 -0.0330668 -0.00889343 -0.0106718 -0.0187566 -0.0100704 0.0305803 -0.0735243 0.00944557 0 0.0281826 -0.0446134 -0.0188839 -0.0167055 -0.0459483 -0.0736387 0.0184589 -0.00393541 -0.00386416 -0.058527 0.0990177 -0.0332432 0.053465 -0.0144378 0.086353 0.0250229 
-0.00839285 -0.0927472 -0.047305 0.0785879 0.0985002 -0.0724915 -0.0454083 0.0358743 0.0158179 -0.0281826 0 0.0404278 0.0141495 0.0349826 -0.0511112 -0.0173891 0.00179824 -0.0820635 -0.0890115 -0.00224091 0.0741671 -0.0311572 -0.089715 0.0655982 -0.00846478 0.0302491 
0.089844 -0.0966638 -0.0630607 0.0287497 -0.0736639 0.0199558 -0.0872086 -0.0857506 0.062023 0.0446134 -0.0404278 0 -0.0236228 0.0192384 0.02338 0.0698066 0.0585727 0.00797427 0.0387709 -0.0464372 -0.0442318 0.0117449 -0.0674306 -0.010135 -0.00575614 -0.0951933 
-0.0575339 0.0380163 0.0958328 0.0531042 0.0254915 -0.0628799 0.0232782 -0.0944773 0.0921676 0.0188839 -0.0141495 0.0236228 0 0.023478 -0.052978 0.00687007 0.0334075 -0.0784915 0.0567795 0.034895 -0.0171662 -0.0972048 0.0739347 -0.0209854 -0.0758808 0.0357488 
0.00579497 0.098996 -0.018903 -0.0106926 0.00259655 0.062578 0.00831044 0.0373062 -0.0627455 0.0167055 -0.0349826 -0.0192384 -0.023478 0 0.0582356 -0.0447907 -0.00495371 0.0622904 0.076744 0.03311 -0.0859894 -0.0180318 0.0100319 -0.0482265 0.0874066 0.055885 
-0.00227056 0.0525658 0.016109 -0.0938636 0.00381142 0.0141347 0.0355019 -0.0614247 -0.0318346 0.0459483 0.0511112 -0.02338 0.052978 -0.0582356 0 0.053743 -0.0766514 0.0707473 0.0284664 0.095165 0.0594306 0.0011189 0.0989014 -0.0821306 0.0548562 0.0815775 
-0.0945081 -0.0793009 0.0601765 0.0218608 -0.0445292 0.0926559 -0.0239801 -1.72743e-05 -0.0180303 0.0736387 0.0173891 -0.0698066 -0.00687007 0.0447907 -0.053743 0 -0.0525402 -0.0214312 0.0839665 -0.012051 -0.0971577 0.0771403 -0.0483802 -0.019067 0.0350772 -0.0861212 
-0.0394991 -0.000621629 -0.0695664 0.0905236 -0.0399196 0.0581115 0.0423189 -0.0623706 0.0605339 -0.0184589 -0.00179824 -0.0585727 -0.0334075 0.00495371 0.0766514 0.0525402 0 0.0821077 -0.0700843 0.0783884 0.085778 0.0308908 -0.0485182 0.0243705 -0.0233722 0.0174614 
-0.0686159 0.00651479 -0.0942271 0.0979551 -0.0347714 -0.0865947 -0.0829606 -0.0602904 0.0996883 0.00393541 0.0820635 -0.00797427 0.0784915 -0.0622904 -0.0707473 0.0214312 -0.0821077 0 0.0860259 0.0670936 -0.0646924 0.0237755 0.0589446 -0.08322 0.0927453 0.0115952 
-0.0279598 -0.0174445 0.0494875 -0.0718504 -0.0620771 -0.00714552 0.00385564 0.0229485 0.0258675 0.00386416 0.0890115 -0.0387709 -0.0567795 -0.076744 -0.0284664 -0.0839665 0.0700843 -0.0860259 0 -0.00878084 -0.013245 -0.0293496 -0.0233106 0.0595142 0.0504023 0.0876733 
-0.023908 0.0223649 -0.0893401 0.0410441 -0.0730936 0.0421499 0.00758955 -0.0131707 -0.0869996 0.058527 0.00224091 0.0464372 -0.034895 -0.03311 -0.095165 0.012051 -0.0783884 -0.0670936 0.00878084 0 -0.0836623 0.00174369 0.0773039 -0.0661844 -0.0444741 -0.0129795 
-0.0757384 -0.0399587 -0.0173498 0.0668371 -0.0299365 0.0410581 -0.0371143 -0.0689621 0.0560146 -0.0990177 -0.0741671 0.0442318 0.0171662 0.0859894 -0.0594306 0.0971577 -0.085778 0.0646924 0.013245 0.0836623 0 0.0993902 -0.0384709 -0.0673032 -0.072212 -0.0259857 
-0.077612 -0.0766542 -0.0835243 0.0442953 0.00880438 0.0673298 -0.0733946 -0.0525198 0.0147102 0.0332432 0.0311572 -0.0117449 0.0972048 0.0180318 -0.0011189 -0.0771403 -0.0308908 -0.0237755 0.0293496 -0.00174369 -0.0993902 0 0.0138413 0.0855415 -0.0213965 0.0107978 
0.00710708 -0.0494265 -0.0679022 0.0924421 -0.0474458 0.00965653 -0.0323782 0.0547942 -0.0170236 -0.053465 0.089715 0.0674306 -0.0739347 -0.0100319 -0.0989014 0.0483802 0.0485182 -0.0589446 0.0233106 -0.0773039 0.0384709 -0.0138413 0 0.034382 -0.0714237 0.0394651 
0.0517307 -0.0195136 -0.0503338 -0.0302909 -0.0299144 -0.0864301 0.0480575 -0.043642 0.0645008 0.0144378 -0.0655982 0.010135 0.0209854 0.0482265 0.0821306 0.019067 -0.0243705 0.08322 -0.0595142 0.0661844 0.0673032 -0.0855415 -0.034382 0 -0.0893161 0.0587919 
0.0448676 -0.0770722 -0.0118765 0.0715747 0.0376529 0.0101005 -0.0124111 -0.0503183 0.0544178 -0.086353 0.00846478 0.00575614 0.0758808 -0.0874066 -0.0548562 -0.0350772 0.0233722 -0.0927453 -0.0504023 0.0444741 0.072212 0.0213965 0.0714237 0.0893161 0 -0.0469068 
-0.0896499 0.0186029 -0.0112308 0.018459 -0.0896319 -0.0132575 -0.0320998 0.00526366 0.0291275 -0.0250229 -0.0302491 0.0951933 -0.0357488 -0.055885 -0.0815775 0.0861212 -0.0174614 -0.0115952 -0.0876733 0.0129795 0.0259857 -0.0107978 -0.0394651 -0.0587919 0.0469068 0 
