25

16000 4500

30 55 80

2

0 88900 88241 72681 35370 9330 95660 70750 11920 38480 95871 13580 85641 84360 29000 68160 67210 19760 36850 99751 74830 14360 98390 61251 80381 62210 
88660 0 35940 39590 68280 94180 23630 21250 84050 65120 26830 82340 31210 16820 89670 91160 98310 81800 105550 31570 98020 75980 28620 43840 30270 92340 
88630 36150 0 17370 56090 86740 59360 40280 85720 51600 14620 84100 7180 25100 76670 113070 116810 70570 111190 16230 121520 74790 64190 27160 9210 111810 
73481 39810 17580 0 40760 71410 56070 34270 72840 36270 30420 72150 18150 28180 61340 107060 109440 55240 101700 33230 113920 61910 61060 11830 13640 104440 
35500 68340 56310 40750 0 32290 78950 54040 38340 4770 64831 37650 54601 59040 21550 90350 89620 16120 67170 68711 97060 26580 83700 29690 49341 84620 
9410 94290 86870 71310 32190 0 101050 76140 21230 35300 95291 22890 85061 87010 21550 77470 76520 16580 42420 99171 84140 18700 105780 60250 79801 71520 
95440 23470 59180 55700 78940 100960 0 26890 86730 76330 50080 84760 53940 40160 98200 76200 84630 88970 98880 54820 82870 82760 6140 58800 50070 78730 
70530 21220 40350 34200 54030 76050 26890 0 65920 51420 42650 64210 36050 26680 73290 79320 81770 64060 86480 47390 86180 57850 31640 34800 31240 76770 
11950 84120 85450 72750 38500 21180 86920 65970 0 40260 92070 2020 81840 79580 37420 59180 58230 25100 30890 95950 65850 13600 88830 62300 76760 53230 
38650 64940 51800 36240 4800 35440 76400 51490 40090 0 61820 39400 51590 55640 26210 89850 89120 19270 68920 65700 96560 28330 81150 25180 46330 84120 
95860 26370 14640 30310 64821 95331 49580 41620 91960 61350 0 90250 14350 17550 85641 117390 121550 79161 117340 6930 125720 82000 54410 38410 17120 116550 
13560 82330 84080 71930 37680 22790 84900 64180 1970 39440 90280 0 80050 77790 36920 57500 56550 24280 29640 94160 64170 12780 86810 61480 74970 51550 
85450 31510 7600 17900 54431 84941 54150 35900 81570 50960 14600 79860 0 20300 75251 108690 112430 68771 106950 18480 117140 71610 59140 27690 5890 107430 
83950 17060 25130 27960 59050 87130 40270 26390 79340 55890 18420 77630 20020 0 80440 101740 104120 72570 104720 23160 108600 71240 45100 34190 16150 99120 
29880 89291 76520 60960 21190 22530 98190 73280 38400 25820 85351 38040 75121 79991 0 94940 94210 15950 62930 89231 101650 29160 102940 49900 69861 89210 
67820 90230 113080 106930 91370 77050 75150 79330 58820 91910 116930 57050 108780 101740 93940 0 13210 79920 47620 122380 8350 67940 75070 101300 103970 9000 
66920 98220 116850 109310 90690 76150 83420 81710 57920 91230 122760 56150 112550 104120 93040 13110 0 79240 40470 126740 14400 67260 83340 103680 106350 6590 
19730 81420 70780 55220 16100 16520 88960 64050 24900 19210 79261 24210 69031 72120 15510 80180 79450 0 53730 83141 86890 13900 93710 44160 63771 74450 
36890 105590 110880 101510 67460 41730 98690 86580 31130 69220 117080 29810 106850 104590 61710 47470 40930 54060 0 120960 51600 42560 99140 91260 101770 38830 
100121 31670 16250 33190 68891 99401 54880 46920 96030 65420 6920 94320 18410 22850 89711 123110 126850 83231 121410 0 131560 86460 59710 42480 21190 121850 
74330 97410 121880 114110 98100 83560 82330 86510 65330 98640 126310 63560 117580 108920 100450 8680 14020 86650 51440 131760 0 74670 81670 108480 111150 12760 
14080 76010 74460 61760 26220 18620 82770 57860 13410 27980 82080 12720 71850 71120 28240 67970 67240 13900 42240 86040 74680 0 87520 50351 66590 62240 
98220 28460 64170 60690 83580 105550 6150 31530 88650 80970 54960 86680 58930 45140 102840 76120 84550 93610 99400 59700 81830 87400 0 63790 55060 78650 
61981 44200 27360 11800 29750 60400 59070 34450 62230 25260 39080 61540 27930 34570 50330 101210 103590 44230 91060 42960 108070 51300 64060 0 23420 98590 
81210 31320 9600 13510 50271 80781 50930 31540 77070 46800 17490 75360 6480 17080 71091 104330 106710 64611 102450 21370 111190 67370 55920 23300 0 101710 
61920 92170 111850 104310 85690 71150 77660 76710 52920 86230 117760 51150 107550 99120 88040 8990 6580 74240 39030 121740 13120 62260 77580 98680 101350 0 

0 Ciudad_0 0 0 32400 0
1 Ciudad_1 410 22160 25565 820
2 Ciudad_2 113 11633 15545 226
3 Ciudad_3 469 19535 23668 938
4 Ciudad_4 264 10903 13430 528
5 Ciudad_5 451 25328 27766 902
6 Ciudad_6 233 8410 11410 466
7 Ciudad_7 410 9933 12958 820
8 Ciudad_8 688 25995 28340 1376
9 Ciudad_9 135 3864 7967 270
10 Ciudad_10 140 4766 7283 280
11 Ciudad_11 245 12808 15907 490
12 Ciudad_12 161 12246 16932 322
13 Ciudad_13 518 14037 17967 1036
14 Ciudad_14 527 2306 6979 1054
15 Ciudad_15 103 23317 26155 206
16 Ciudad_16 656 23189 26674 1312
17 Ciudad_17 357 7822 10863 714
18 Ciudad_18 166 25267 29903 332
19 Ciudad_19 106 10514 13525 212
20 Ciudad_20 680 12420 14723 1360
21 Ciudad_21 177 9988 12513 354
22 Ciudad_22 444 8843 12940 888
23 Ciudad_23 271 22815 27125 542
24 Ciudad_24 741 6523 10022 1482
25 Ciudad_25 362 17504 20706 724

0 -0.0600049 0.0153013 -0.000773839 0.00315434 0.044852 0.0152145 0.0603106 -0.0706807 -0.0384274 -0.088197 -0.0895798 0.0531228 -0.0293186 -0.0228908 0.0585842 0.0710089 0.0503905 0.0763555 -0.0796964 -0.000535183 -0.0933405 0.0668373 -0.0642244 -0.0315158 0.00277829 
0.0600049 0 0.0849499 -0.0159323 -0.0765804 0.0681614 0.0196219 -0.0583888 0.0739693 0.0104639 0.0219521 0.0017337 0.0375033 0.00806249 0.0554811 -0.0863748 0.0916509 0.0983971 0.082722 -0.000923623 -0.0979818 -0.0451198 0.0389384 0.0728102 -0.0202004 0.0599013 
-0.0153013 -0.0849499 0 0.048524 0.0147591 -0.0665826 0.084535 -0.0853145 -0.0864694 0.0826785 -0.0290295 0.0903881 0.0999503 -0.0910954 -0.0605105 0.0674533 -0.0388529 -0.0306846 -0.0515657 0.0294088 0.0894175 -0.0703344 0.0509486 0.0323824 0.0408814 -0.0244156 
0.000773839 0.0159323 -0.048524 0 -0.00567852 0.0985732 -0.0465947 -0.0950662 -0.00211933 -0.00535478 0.0766229 -0.0134943 0.0210586 0.00280128 0.0371519 -0.051778 -0.0263795 -0.0256266 -0.00299534 -0.0352496 0.0816727 -0.070923 0.0589386 0.0576619 -0.08892 0.0226635 
-0.00315434 0.0765804 -0.0147591 0.00567852 0 -0.0501761 -0.0677159 -0.0864287 -0.0126726 -0.0268728 -0.0545283 0.0612437 -0.00987108 0.0555064 -0.0398412 0.00482735 -0.0386439 0.0307902 -0.000600241 0.0552633 0.0568308 0.0351353 -0.0877519 0.0373877 0.0523217 0.0954027 
-0.044852 -0.0681614 0.0665826 -0.0985732 0.0501761 0 0.0090069 -0.0476818 0.016591 0.0958708 0.0799828 -0.0778041 0.0807462 -0.0854836 0.0567817 -0.0511855 0.01031 -0.0920658 0.0816817 -0.0220503 -0.0713943 0.0360138 -0.0506492 0.063696 0.053358 -0.0236175 
-0.0152145 -0.0196219 -0.084535 0.0465947 0.0677159 -0.0090069 0 0.0729498 -0.0658778 -0.0273004 0.0469139 0.056635 0.00232802 -0.0314018 0.0578408 -0.00311418 0.0699274 0.0548377 -0.0808933 0.0567378 -0.031054 0.00492255 0.0653569 0.0808694 0.0939272 -0.0550897 
-0.0603106 0.0583888 0.0853145 0.0950662 0.0864287 0.0476818 -0.0729498 0 0.0873734 -0.0474069 0.0578228 -0.0468075 0.0510993 -0.0212551 0.00509092 0.0366565 0.0929156 0.0486699 0.0570158 0.0840853 0.0552429 -0.074645 -0.00955458 -0.0160197 -0.099233 -0.0173948 
0.0706807 -0.0739693 0.0864694 0.00211933 0.0126726 -0.016591 0.0658778 -0.0873734 0 0.0613375 0.0263567 0.0847799 0.0975218 -0.047728 -0.0857847 -0.0979453 -0.0365325 0.0298255 0.0651863 -0.093309 0.00411345 0.0274982 -0.0681554 -0.0953351 -0.0236884 0.0877552 
0.0384274 -0.0104639 -0.0826785 0.00535478 0.0268728 -0.0958708 0.0273004 0.0474069 -0.0613375 0 -0.0168345 -0.00926319 -0.0576876 0.0114499 0.0949096 -0.0553778 0.0723125 0.0129054 0.0257766 -0.076755 -0.0334786 -0.0671069 0.0453784 0.000862663 -0.0327056 0.049126 
0.088197 -0.0219521 0.0290295 -0.0766229 0.0545283 -0.0799828 -0.0469139 -0.0578228 -0.0263567 0.0168345 0 0.0449359 0.0831668 0.0575348 0.0217577 -0.00296112 -0.051983 -0.0891299 0.0100769 0.0805978 -0.0930651 0.0918562 0.0347578 0.0262478 0.0844793 -0.014626 
0.0895798 -0.0017337 -0.0903881 0.0134943 -0.0612437 0.0778041 -0.056635 0.0468075 -0.0847799 0.00926319 -0.0449359 0 -0.0549055 0.0783174 0.0479041 0.0980576 -0.0672582 0.022116 -0.096251 -0.00637834 0.0421955 -0.0667736 -0.0222041 -0.0846577 -0.0429555 0.0559044 
-0.0531228 -0.0375033 -0.0999503 -0.0210586 0.00987108 -0.0807462 -0.00232802 -0.0510993 -0.0975218 0.0576876 -0.0831668 0.0549055 0 0.0552797 -0.0729009 -0.06268 -0.0462706 0.0412482 0.0449883 -0.0976905 -0.0359084 -0.0214976 0.0867869 0.0804291 -0.0981915 -0.0493837 
0.0293186 -0.00806249 0.0910954 -0.00280128 -0.0555064 0.0854836 0.0314018 0.0212551 0.047728 -0.0114499 -0.0575348 -0.0783174 -0.0552797 0 -0.0753508 -0.0114907 -0.0036491 0.038884 -0.0779682 0.027637 0.00724358 0.0734769 -0.0853335 0.0734869 0.0211801 0.0897838 
0.0228908 -0.0554811 0.0605105 -0.0371519 0.0398412 -0.0567817 -0.0578408 -0.00509092 0.0857847 -0.0949096 -0.0217577 -0.0479041 0.0729009 0.0753508 0 0.0807713 -0.0220582 0.0858141 0.0378105 -0.0242401 -0.0219365 -0.0650886 0.0697558 -0.0266957 -0.0705093 0.0463182 
-0.0585842 0.0863748 -0.0674533 0.051778 -0.00482735 0.0511855 0.00311418 -0.0366565 0.0979453 0.0553778 0.00296112 -0.0980576 0.06268 0.0114907 -0.0807713 0 -0.0464838 0.0685105 -0.0868951 0.0857065 -0.0138216 -0.0838069 -0.0515374 0.0379666 0.0542464 0.080555 
-0.0710089 -0.0916509 0.0388529 0.0263795 0.0386439 -0.01031 -0.0699274 -0.0929156 0.0365325 -0.0723125 0.051983 0.0672582 0.0462706 0.0036491 0.0220582 0.0464838 0 -0.00565761 -0.0745201 0.0533822 -0.00951862 0.0360647 0.0709824 -0.0183024 0.00959103 0.0376083 
-0.0503905 -0.0983971 0.0306846 0.0256266 -0.0307902 0.0920658 -0.0548377 -0.0486699 -0.0298255 -0.0129054 0.0891299 -0.022116 -0.0412482 -0.038884 -0.0858141 -0.0685105 0.00565761 0 0.0229128 -0.067401 -0.0685459 -0.028919 -0.0567411 0.0227424 -0.0643462 0.0543739 
-0.0763555 -0.082722 0.0515657 0.00299534 0.000600241 -0.0816817 0.0808933 -0.0570158 -0.0651863 -0.0257766 -0.0100769 0.096251 -0.0449883 0.0779682 -0.0378105 0.0868951 0.0745201 -0.0229128 0 0.0612602 -0.0619136 0.0249304 -0.0287604 -0.0660501 0.0485176 0.0271787 
0.0796964 0.000923623 -0.0294088 0.0352496 -0.0552633 0.0220503 -0.0567378 -0.0840853 0.093309 0.076755 -0.0805978 0.00637834 0.0976905 -0.027637 0.0242401 -0.0857065 -0.0533822 0.067401 -0.0612602 0 0.0430784 0.0366134 -0.0596161 -0.0912879 0.0435257 0.0836443 
0.000535183 0.0979818 -0.0894175 -0.0816727 -0.0568308 0.0713943 0.031054 -0.0552429 -0.00411345 0.0334786 0.0930651 -0.0421955 0.0359084 -0.00724358 0.0219365 0.0138216 0.00951862 0.0685459 0.0619136 -0.0430784 0 -0.0113197 0.0983906 0.0050315 -0.0586313 0.00826613 
0.0933405 0.0451198 0.0703344 0.070923 -0.0351353 -0.0360138 -0.00492255 0.074645 -0.0274982 0.0671069 -0.0918562 0.0667736 0.0214976 -0.0734769 0.0650886 0.0838069 -0.0360647 0.028919 -0.0249304 -0.0366134 0.0113197 0 -0.0334729 0.0833547 0.0882271 0.0898784 
-0.0668373 -0.0389384 -0.0509486 -0.0589386 0.0877519 0.0506492 -0.0653569 0.00955458 0.0681554 -0.0453784 -0.0347578 0.0222041 -0.0867869 0.0853335 -0.0697558 0.0515374 -0.0709824 0.0567411 0.0287604 0.0596161 -0.0983906 0.0334729 0 -0.00545997 0.0531035 0.0455348 
0.0642244 -0.0728102 -0.0323824 -0.0576619 -0.0373877 -0.063696 -0.0808694 0.0160197 0.0953351 -0.000862663 -0.0262478 0.0846577 -0.0804291 -0.0734869 0.0266957 -0.0379666 0.0183024 -0.0227424 0.0660501 0.0912879 -0.0050315 -0.0833547 0.00545997 0 0.0401059 -0.0065752 
0.0315158 0.0202004 -0.0408814 0.08892 -0.0523217 -0.053358 -0.0939272 0.099233 0.0236884 0.0327056 -0.0844793 0.0429555 0.0981915 -0.0211801 0.0705093 -0.0542464 -0.00959103 0.0643462 -0.0485176 -0.0435257 0.0586313 -0.0882271 -0.0531035 -0.0401059 0 0.0672835 
-0.00277829 -0.0599013 0.0244156 -0.0226635 -0.0954027 0.0236175 0.0550897 0.0173948 -0.0877552 -0.049126 0.014626 -0.0559044 0.0493837 -0.0897838 -0.0463182 -0.080555 -0.0376083 -0.0543739 -0.0271787 -0.0836443 -0.00826613 -0.0898784 -0.0455348 0.0065752 -0.0672835 0 
