25

16000 4500

30 55 80

3

0 43030 39630 42840 95290 63050 48890 82420 96140 76000 34340 37720 32400 64080 38780 18590 86100 87823 38860 93010 46650 89430 79960 99300 68690 46410 
43040 0 60030 17150 133420 95190 15690 42530 78780 52530 73360 80430 41570 33120 43490 61300 46210 48151 69130 96190 89360 67190 87630 135490 88080 37020 
39560 60040 0 46490 83540 36340 52280 101130 78030 61540 61760 57860 19790 57070 23460 36810 105150 101050 11900 57230 49780 73670 120390 82180 101951 79450 
42740 17120 46730 0 122270 81890 6220 55380 63490 38050 74000 75270 27090 22000 26660 55960 60520 56010 57450 80900 81440 51970 100240 124340 97760 48000 
94120 133290 82650 122250 0 67170 128300 175690 159680 143460 79530 69680 102140 139420 105380 78980 179370 179610 72310 123120 51460 155590 142620 48260 122690 137680 
62990 95150 35550 81740 67400 0 87530 136240 97080 88960 73640 65000 55040 92320 57470 53030 140260 135750 26040 59920 52840 99250 140661 47940 120201 107380 
48770 15830 52360 6200 128300 87520 0 51010 65880 37480 80030 81300 32720 19570 32140 61990 56400 50280 63080 83290 87470 52530 102230 130370 100940 49990 
82320 42520 101570 55720 176202 136730 51040 0 85670 62830 112640 119710 82490 47720 82060 100580 6810 14500 110670 124250 128640 70720 98190 180212 106670 55610 
96390 79560 77980 63590 159561 97430 66200 86110 0 31440 126710 126210 65900 51070 58290 106900 92250 76890 88180 51620 125690 18540 166690 131250 162900 113430 
75620 53400 61230 38200 143070 88330 38250 63620 31050 0 106760 106260 45290 21650 39090 86950 69810 54930 71430 63200 107000 15730 135321 129642 135930 85770 
33950 73250 61920 74230 79080 73320 80280 112640 126790 106950 0 10430 63050 95470 69430 30990 116320 117963 55840 117720 28660 120380 72780 96680 52320 62330 
38030 80780 58250 75680 69330 64990 81730 120170 126490 106650 11230 0 62750 96920 69130 24610 123850 125504 49990 112380 19850 120080 83300 87870 62840 72850 
32270 41850 19980 27040 102340 55140 32830 82240 65580 45290 62590 62090 0 38710 8220 42780 86960 82050 30700 63500 63870 58720 109930 100980 99290 61260 
63990 33681 57250 21800 139610 92410 19660 47720 51270 20900 95250 96520 39110 0 36180 77210 53910 44130 67970 75240 101140 35950 115151 134480 119061 68001 
38690 43640 23570 26700 105410 57870 32440 81900 57900 39330 69010 68510 8200 36300 0 49200 87040 80280 33770 56240 68480 52760 116640 99730 105710 68840 
18500 61250 36870 55960 79000 53360 62010 100640 106770 86930 30760 24070 43030 77200 49410 0 104320 105784 29630 91510 30050 100360 89830 85430 69890 61250 
86060 46260 105310 60740 179942 140470 56430 5970 90820 68100 116380 123450 86850 53140 87080 104320 0 20380 114410 129670 132380 75860 100920 183952 109400 58340 
88141 48341 101240 55700 181446 135860 49860 14790 77050 54650 118461 125531 81540 44150 80170 106401 20980 0 111960 116300 134406 62100 107221 178750 114161 63101 
39010 69270 10800 56990 72370 26380 62780 110360 88100 71610 55840 49680 30290 67570 33530 29580 114380 111550 0 62900 38830 83740 116491 71790 96031 83400 
93020 97240 57270 81210 123270 60020 84110 123800 51560 63300 117871 112271 63470 75460 56520 91611 129990 115610 63171 0 101231 60070 179592 89210 158252 123490 
46530 89280 48780 81510 51370 52520 87560 128670 125820 107850 28750 19490 63470 100750 69540 30040 132350 133334 37980 100270 0 121080 100820 68680 80360 89500 
89420 67750 73730 52000 155570 99440 52610 70750 18340 16380 120560 120060 59090 36010 52890 100750 76890 61530 83930 60480 120800 0 150260 134830 150590 99570 
80020 88380 120210 101351 143020 141170 102321 98170 164730 134300 73210 82850 110040 114370 116840 90390 100800 107211 116500 179940 101080 148960 0 171800 21110 51250 
98800 135830 81330 124790 48250 47800 130950 180542 131700 130731 96870 87610 100820 134780 99730 85190 184222 178011 71820 89430 68780 135100 172830 0 152370 142360 
67780 88600 101470 98450 122410 120060 100900 106860 162890 136560 52100 61740 99150 119090 105530 69760 109490 114541 95390 157750 79970 150500 21040 150690 0 53470 
46530 37770 80120 49770 138290 107470 50740 55520 113460 87390 62470 72110 61910 67950 69530 61490 58150 63201 83280 124240 89650 101300 51250 142300 53600 0 

0 Ciudad_0 0 0 32400 0
1 Ciudad_1 535 20275 23680 1070
2 Ciudad_2 682 18434 22346 1364
3 Ciudad_3 762 14293 18426 1524
4 Ciudad_4 460 11280 13807 920
5 Ciudad_5 812 7391 9829 1624
6 Ciudad_6 368 13299 16299 736
7 Ciudad_7 314 11860 14885 628
8 Ciudad_8 564 12356 14701 1128
9 Ciudad_9 661 11289 15392 1322
10 Ciudad_10 536 13723 16240 1072
11 Ciudad_11 257 13737 16836 514
12 Ciudad_12 155 6089 10775 310
13 Ciudad_13 725 12971 16901 1450
14 Ciudad_14 244 1713 6386 488
15 Ciudad_15 730 8344 11182 1460
16 Ciudad_16 265 17038 20523 530
17 Ciudad_17 658 21046 24087 1316
18 Ciudad_18 416 19477 24113 832
19 Ciudad_19 330 12104 15115 660
20 Ciudad_20 445 21615 23918 890
21 Ciudad_21 409 10131 12656 818
22 Ciudad_22 701 23646 27743 1402
23 Ciudad_23 526 22929 27239 1052
24 Ciudad_24 174 16497 19996 348
25 Ciudad_25 564 6528 9730 1128

0 0.00947039 -0.0334656 0.0965138 -0.00572981 0.0855613 -0.0636687 0.0656115 0.0288011 0.0614005 0.0201082 -0.0900446 -0.0313218 0.025085 0.074028 -0.0342065 0.0672859 -0.02696 0.0453623 -0.0158294 0.0362258 0.0794499 -0.0953472 -0.00532678 0.0795592 0.0524683 
-0.00947039 0 0.069079 0.0732446 0.00824082 0.0140635 -0.0807337 0.0678381 0.0884155 0.0447585 -0.00131928 -0.0580478 0.0535527 -0.0439786 -0.0706734 -0.00250681 0.0253491 -0.0094303 0.0437758 -0.0163868 -0.0472936 -0.0458435 0.0786608 0.0366284 -0.069249 -0.0203751 
0.0334656 -0.069079 0 -0.00417518 0.0544815 -0.0900342 0.0485043 -0.0519124 0.0652353 -0.0917881 -0.0217469 0.05852 0.0151324 0.0916942 0.0734649 0.0548664 -0.00210367 -0.0697809 0.00968211 0.007951 0.0777362 0.0990856 0.0179353 -0.0172539 0.0092026 -0.0712254 
-0.0965138 -0.0732446 0.00417518 0 -0.0680817 -0.0396573 0.0719767 0.0957683 0.0077203 0.0562139 -0.00864059 -0.0311424 0.0322983 -0.0404664 -0.0823082 -0.0224336 0.0376758 -0.0710953 0.0763245 0.00754131 -0.0108268 0.0535591 0.000553226 -0.0274032 -0.00784108 0.022849 
0.00572981 -0.00824082 -0.0544815 0.0680817 0 -0.0470947 0.0636893 0.00407972 0.0712243 -0.0880666 -0.0513864 0.0258794 -0.0479955 0.0696976 -0.0456642 0.0154488 0.0338776 -0.044049 0.0472906 0.04845 -0.0566322 -0.0062129 0.0861418 -0.0412468 0.0698332 0.0668052 
-0.0855613 -0.0140635 0.0900342 0.0396573 0.0470947 0 0.0516421 -0.0187282 -0.0995442 0.0777943 -0.0529893 -0.0237337 -0.0353586 0.081222 0.0254092 0.0496208 0.0624977 -0.0927403 -0.0510822 -0.0975713 -0.0145033 0.01866 -0.00555639 -0.0187303 -0.051768 -0.0585991 
0.0636687 0.0807337 -0.0485043 -0.0719767 -0.0636893 -0.0516421 0 -0.0284117 -0.0984767 -0.0780349 -0.0580191 0.0551166 -0.0290906 -0.0731853 -0.0117037 -0.0525814 0.0767062 -0.0406444 -0.061063 0.0402574 -0.0373283 0.0453088 0.0035644 0.0587505 0.00724872 -0.041472 
-0.0656115 -0.0678381 0.0519124 -0.0957683 -0.00407972 0.0187282 0.0284117 0 0.0615086 0.0489616 -0.0526879 -0.0392078 -0.0635097 -0.0522086 -0.0587586 0.0604801 -0.0518738 0.0446454 0.0424496 -0.000587675 0.043653 0.0750896 -0.0863086 -0.00641188 0.0912358 -0.00924481 
-0.0288011 -0.0884155 -0.0652353 -0.0077203 -0.0712243 0.0995442 0.0984767 -0.0615086 0 -0.0536856 -0.0504926 -0.0757105 -0.0679369 0.0735559 -0.0916837 -0.0418284 0.0552561 -0.0238754 -0.0587729 0.0128799 -0.0156427 -0.0519703 -0.0281965 -0.0686768 -0.0728885 -0.0782932 
-0.0614005 -0.0447585 0.0917881 -0.0562139 0.0880666 -0.0777943 0.0780349 -0.0489616 0.0536856 0 -0.080535 -0.00609025 0.0470244 0.0597349 0.0983727 -0.0854132 0.0659196 -0.0446046 0.00663901 -0.050449 0.0998139 0.0488313 -0.0446739 0.097662 0.082694 -0.0415232 
-0.0201082 0.00131928 0.0217469 0.00864059 0.0513864 0.0529893 0.0580191 0.0526879 0.0504926 0.080535 0 0.0682868 0.0557576 0.0175713 -0.0102633 0.00770184 -0.0824289 -0.0678387 -0.0974999 -0.0292268 0.0337071 -0.0851758 0.0211914 0.0343612 -0.0795081 -0.00174977 
0.0900446 0.0580478 -0.05852 0.0311424 -0.0258794 0.0237337 -0.0551166 0.0392078 0.0757105 0.00609025 -0.0682868 0 -0.0406496 0.0617084 -0.0537656 0.0331458 0.0494663 0.0407578 0.0116222 0.0160017 -0.00904996 -0.0707889 0.0459546 0.0469168 -0.0222671 -0.0574794 
0.0313218 -0.0535527 -0.0151324 -0.0322983 0.0479955 0.0353586 0.0290906 0.0635097 0.0679369 -0.0470244 -0.0557576 0.0406496 0 -0.0946583 0.0496805 0.0793946 0.0534971 -0.0704745 -0.0695867 -0.0764752 0.0183405 0.0284073 0.0356606 0.0777379 -0.046412 0.0420841 
-0.025085 0.0439786 -0.0916942 0.0404664 -0.0696976 -0.081222 0.0731853 0.0522086 -0.0735559 -0.0597349 -0.0175713 -0.0617084 0.0946583 0 -0.0348467 0.093396 -0.00187026 0.0566495 -0.0528931 0.0578084 0.0581855 -0.078958 -0.00396384 0.0228871 -0.0581253 0.0997254 
-0.074028 0.0706734 -0.0734649 0.0823082 0.0456642 -0.0254092 0.0117037 0.0587586 0.0916837 -0.0983727 0.0102633 0.0537656 -0.0496805 0.0348467 0 -0.0323231 -0.0383921 -0.0161185 0.0624182 -0.0504937 0.0706616 -0.084118 0.0985119 -0.0891345 0.0504985 -0.0974127 
0.0342065 0.00250681 -0.0548664 0.0224336 -0.0154488 -0.0496208 0.0525814 -0.0604801 0.0418284 0.0854132 -0.00770184 -0.0331458 -0.0793946 -0.093396 0.0323231 0 0.0988652 -0.00347807 -0.0666614 0.0192338 -0.093933 -0.0947349 -0.00202293 0.0177832 -0.0191815 0.0682373 
-0.0672859 -0.0253491 0.00210367 -0.0376758 -0.0338776 -0.0624977 -0.0767062 0.0518738 -0.0552561 -0.0659196 0.0824289 -0.0494663 -0.0534971 0.00187026 0.0383921 -0.0988652 0 0.0713191 -0.0601225 0.048226 -0.0736278 -0.0152838 -0.0329937 0.0411595 0.0797322 -0.00527623 
0.02696 0.0094303 0.0697809 0.0710953 0.044049 0.0927403 0.0406444 -0.0446454 0.0238754 0.0446046 0.0678387 -0.0407578 0.0704745 -0.0566495 0.0161185 0.00347807 -0.0713191 0 -0.0619128 0.0471507 0.0557981 0.0781083 0.0144486 0.0838854 0.0298892 -0.0272631 
-0.0453623 -0.0437758 -0.00968211 -0.0763245 -0.0472906 0.0510822 0.061063 -0.0424496 0.0587729 -0.00663901 0.0974999 -0.0116222 0.0695867 0.0528931 -0.0624182 0.0666614 0.0601225 0.0619128 0 -0.0950516 -0.0802717 -0.0191777 0.0138102 -0.0667029 0.090629 -0.0729731 
0.0158294 0.0163868 -0.007951 -0.00754131 -0.04845 0.0975713 -0.0402574 0.000587675 -0.0128799 0.050449 0.0292268 -0.0160017 0.0764752 -0.0578084 0.0504937 -0.0192338 -0.048226 -0.0471507 0.0950516 0 -0.0737098 0.0589505 -0.0118728 -0.0732732 -0.00182522 0.0675594 
-0.0362258 0.0472936 -0.0777362 0.0108268 0.0566322 0.0145033 0.0373283 -0.043653 0.0156427 -0.0998139 -0.0337071 0.00904996 -0.0183405 -0.0581855 -0.0706616 0.093933 0.0736278 -0.0557981 0.0802717 0.0737098 0 0.00768703 0.00102454 0.0270589 0.0639607 -0.0557481 
-0.0794499 0.0458435 -0.0990856 -0.0535591 0.0062129 -0.01866 -0.0453088 -0.0750896 0.0519703 -0.0488313 0.0851758 0.0707889 -0.0284073 0.078958 0.084118 0.0947349 0.0152838 -0.0781083 0.0191777 -0.0589505 -0.00768703 0 -0.0383053 -0.081966 -0.00478047 -0.0161369 
0.0953472 -0.0786608 -0.0179353 -0.000553226 -0.0861418 0.00555639 -0.0035644 0.0863086 0.0281965 0.0446739 -0.0211914 -0.0459546 -0.0356606 0.00396384 -0.0985119 0.00202293 0.0329937 -0.0144486 -0.0138102 0.0118728 -0.00102454 0.0383053 0 0.0108167 0.0870262 0.0427667 
0.00532678 -0.0366284 0.0172539 0.0274032 0.0412468 0.0187303 -0.0587505 0.00641188 0.0686768 -0.097662 -0.0343612 -0.0469168 -0.0777379 -0.0228871 0.0891345 -0.0177832 -0.0411595 -0.0838854 0.0667029 0.0732732 -0.0270589 0.081966 -0.0108167 0 -0.0435588 0.0750393 
-0.0795592 0.069249 -0.0092026 0.00784108 -0.0698332 0.051768 -0.00724872 -0.0912358 0.0728885 -0.082694 0.0795081 0.0222671 0.046412 0.0581253 -0.0504985 0.0191815 -0.0797322 -0.0298892 -0.090629 0.00182522 -0.0639607 0.00478047 -0.0870262 0.0435588 0 -0.00175853 
-0.0524683 0.0203751 0.0712254 -0.022849 -0.0668052 0.0585991 0.041472 0.00924481 0.0782932 0.0415232 0.00174977 0.0574794 -0.0420841 -0.0997254 0.0974127 -0.0682373 0.00527623 0.0272631 0.0729731 -0.0675594 0.0557481 0.0161369 -0.0427667 -0.0750393 0.00175853 0 
